Cyclist 0.89 0 2.1551846424725394 1056.16 190.50 1241.00 374.00 1.7166788108069753 0.5455096342771244 1.456571946891632 2.75 1.68 3.14 2.874465397078285 0.9871423
Car 0.00 0 1.8790593008187155 359.43 179.30 516.30 270.97 1.433936149236412 1.726993545210495 3.658613460265198 -3.03 1.57 13.30 1.6550627972066476 1.0
Car 0.00 1 1.0769235054638724 444.13 163.92 559.20 247.04 1.548326829802842 1.659874257883563 4.136755840979614 -2.52 1.61 17.60 0.9347082835144153 0.97877115
Van 0.00 1 -1.5305437120285372 870.59 115.22 1101.06 213.85 2.1448978292872525 1.9573589475905133 5.234798995608139 10.90 1.13 21.30 -1.0575505807202412 0.941102
Car 0.00 0 -1.7239264408734183 724.49 171.09 790.50 215.13 1.496519675832839 1.6340992863015675 3.60650806327919 5.18 1.42 25.97 -1.52704928429488 0.99959606
Car 0.00 1 1.5584194977444152 534.25 166.20 596.08 216.76 1.5518434069870424 1.6652999271364355 3.782801771663227 -1.62 1.53 26.83 1.4981125435088494 0.9999925
Car 0.00 2 -1.8210948864605765 709.81 162.43 765.70 205.68 1.5170709247520577 1.6305978803621077 3.725924091540375 5.57 1.38 32.13 -1.6494426455847775 0.9951572
Car 0.00 2 -1.243241594233785 562.02 166.42 605.57 206.89 1.6160745475260925 1.568386665797367 3.6399458368645097 -1.14 1.43 31.78 -1.2790978372626656 0.77914095
DontCare -1 -1 -1.5859095445510487 657.43 162.95 685.32 179.78 1.4959876447735738 1.6435673167189055 4.258483098946609 -1000 -1000 -1000 -0.8005113811536004 0.99956816
DontCare -1 -1 -1.5160496989872794 600.19 163.56 633.57 188.60 1.5827732760278892 1.6754307591082 4.05826857884983 -1000 -1000 -1000 -0.7306515355898311 0.9996413
