Pedestrian 0.00 0 -1.486674384274755 659.64 160.90 687.89 236.97 1.7551926965269995 0.672185585069738 0.8241023538420105 1.54 1.26 16.82 -1.3953712724628902 0.8696223
Pedestrian 0.00 0 -1.49711470405129 680.59 157.38 711.83 236.18 1.788275042027588 0.7315648774889183 1.0028525559017563 2.15 1.26 17.03 -1.3715312976648708 0.83520776
Pedestrian 0.00 0 -1.5988298627224307 453.20 159.81 482.53 241.31 1.8105459338430119 0.6837592906591368 0.6964942184994125 -3.22 1.31 16.26 -1.7943323817668875 0.99079937
Cyclist 0.00 0 2.0996300737049918 600.22 162.56 622.05 206.65 1.8273180867899512 0.5498371531425905 1.7368352888549232 0.42 1.03 30.42 2.1134359026179848 0.7823941
DontCare -1 -1 -1.1863228837635855 859.02 192.20 919.90 290.15 1.4834247197775554 1.6161511291475439 3.6909583975897218 -1000 -1000 -1000 -0.40092472036613724 0.93868697
DontCare -1 -1 -0.7763345400479178 526.56 165.20 593.09 206.79 1.4539516199199867 1.6600250390083933 4.024935307107963 -1000 -1000 -1000 0.00906362334953048 0.5670519
DontCare -1 -1 -1.7158224443581442 712.52 161.05 742.69 205.76 1.5278251076868188 1.6945345171452904 4.136095540724792 -1000 -1000 -1000 -0.930424280960696 0.9996947
DontCare -1 -1 -1.5635128957827131 1003.40 219.23 1157.19 372.00 1.586560249683113 1.693505115127697 3.936231183014908 -1000 -1000 -1000 -0.7781147323852649 0.98409283
DontCare -1 -1 1.6930501321938376 15.43 185.98 167.15 278.48 1.5508748948393773 1.656597748650744 4.02443051537136 -1000 -1000 -1000 2.478448295591286 0.9893311
DontCare -1 -1 -1.9305421272900443 376.96 169.36 405.05 220.30 1.5446419495908927 1.6125087321461582 4.035832883916893 -1000 -1000 -1000 -1.145143963892596 0.9910691
