Car 0.81 0 -2.197241381802831 812.76 184.44 1241.00 374.00 1.6827403757540893 1.5835720927180195 3.3689282109365846 2.54 1.55 4.31 -1.6647065313022078 0.9882315
Car 0.00 1 -1.9114036122944693 733.06 182.54 934.34 317.95 1.5030816145060968 1.6924398385645294 3.9141666722820188 2.73 1.60 9.79 -1.6394560776110763 0.9952236
Car 0.00 2 -1.6039614538338522 683.98 178.38 792.24 258.45 1.4898971285490703 1.651161221107974 3.665340112649002 2.60 1.64 15.74 -1.4402554794578524 0.65657103
Car 0.00 0 -1.4379643062737326 470.09 178.30 539.83 233.30 1.6107582825987052 1.6207903821678304 4.028984101615944 -3.28 1.77 22.89 -1.580289469224319 0.9999292
Car 0.00 2 1.358664826550756 671.73 179.32 733.51 228.42 1.629435375687332 1.5891527750255012 3.3465463091955567 2.94 1.69 23.86 1.4812656179644694 0.9998816
Car 0.00 2 -1.630063314982925 650.51 179.32 692.59 214.58 1.509899944421501 1.614869852802291 3.571884738408127 2.63 1.75 31.83 -1.5476241293142028 0.9998399
Car 0.00 2 -1.4473222653057913 634.97 177.56 666.89 203.78 1.5576447028486442 1.6208971042843008 4.312119798861541 2.36 1.76 42.96 -1.3924426037745878 0.9998604
Misc 0.00 2 -1.1685356656697135 627.47 154.29 664.80 198.60 1.5926742035715293 1.6310960960300112 3.7903053780422593 2.41 1.70 49.90 -1.1202765715977725 0.65687203
DontCare -1 -1 -1.654595592119966 579.44 175.79 595.04 188.10 1.5027039203612518 1.6347888142527485 3.8651822229252244 -1000 -1000 -1000 -0.8691974287225177 0.9491121
DontCare -1 -1 -1.7924281368639807 557.36 176.74 575.12 190.17 1.4904401697038125 1.550512976265087 3.971219169102707 -1000 -1000 -1000 -1.0070299734665324 0.8010512
