Car 0.17 0 -1.9606763879444937 784.78 177.12 1124.16 374.00 1.4928327616123866 1.6444758505286121 3.543935643635788 2.76 1.68 6.69 -1.569392906920441 0.99998987
Car 0.88 0 0.8142017285015921 0.00 193.20 137.39 374.00 1.5176092254748952 1.6478893545181894 3.5084195901976014 -6.19 1.74 5.46 -0.03377556124805248 0.9705983
Car 0.40 3 -1.6862462619927268 0.00 179.47 272.67 340.49 1.5835346322326374 1.5923128791810417 3.843350711405375 -6.07 1.69 8.05 -2.3323262184712616 0.6861898
Car 0.05 3 -1.4215108017113547 0.00 159.41 290.35 307.83 1.5472237378178548 1.6585063927532577 3.5079030861483003 -6.73 1.79 10.45 -1.993670053487421 0.99146676
Car 0.00 2 1.8762091855194907 111.86 185.74 342.81 272.27 1.4741568233637523 1.7188582860590362 4.103545831643142 -6.84 1.68 13.05 1.3934382249526 0.88428223
Car 0.00 2 -1.6630359972503523 247.71 186.65 435.61 257.37 1.4385561276046943 1.6220441155792618 3.4782433380709077 -5.84 1.76 15.82 -2.016670677145319 0.6780222
Car 0.00 2 1.1758581856873374 302.97 181.41 468.47 247.11 1.6080660451023292 1.7028398581506157 3.8065044341013814 -5.56 1.77 18.03 0.8767357884920367 0.9752017
Car 0.00 2 1.4194466481592993 335.68 179.85 462.74 241.60 1.4920959606586408 1.6412248753668213 3.2510041167364503 -5.98 1.88 20.52 1.1358771150597835 0.88894147
Car 0.00 2 -1.2680640081551413 338.33 174.43 490.76 230.08 1.4786111604242038 1.7410980307222748 3.360528605185547 -6.15 1.74 22.84 -1.5310901424330452 0.7562133
Car 0.00 2 -1.729872734346662 394.53 177.75 500.30 219.37 1.4773968051938724 1.7083504416705513 3.583251821003952 -6.22 1.72 27.74 -1.9504493467351707 0.99361914
Car 0.00 2 1.9593906263497214 436.13 170.10 526.60 212.16 1.545201691222043 1.867675348436966 4.569120364390411 -6.63 1.97 37.37 1.783802648727559 0.79671353
Cyclist 0.00 0 1.4138395647194724 573.93 177.54 582.06 198.50 1.7589123580027675 0.5575957221149397 1.804698429110136 -2.49 1.96 55.85 1.3692853629630901 0.8920916
Car 0.00 0 1.5410340959813933 677.68 184.00 746.78 238.59 1.4866432066826534 1.6080802672268295 3.3045693208799745 2.77 1.71 20.39 1.6760584065643869 0.99469584
Car 0.00 2 0.3942731181767325 731.11 171.91 853.44 221.79 1.4950089961110067 1.7029843547107124 4.256801443301239 6.33 1.67 25.51 0.6374985303548071 0.98759997
Car 0.00 2 1.3839728693154196 684.67 172.21 757.34 204.76 1.6949728581874084 1.617293448439374 4.299383239947357 6.23 1.76 40.91 1.535097276516756 0.9992925
Car 0.00 0 1.5845552273702364 633.13 179.03 659.07 198.79 1.4653367217449855 1.6305939334170365 3.6490694453344727 2.66 1.89 54.32 1.633485213633423 0.58577126
DontCare -1 -1 -1.1470770994809012 523.17 180.76 555.66 195.57 1.498757269587965 1.6397691492648268 3.9665057977066422 -1000 -1000 -1000 -0.3616789360834529 0.8467257
DontCare -1 -1 1.2624131302025656 600.97 177.04 609.14 183.48 1.5109574779687833 1.6110919818939113 3.721990333996811 -1000 -1000 -1000 2.047811293600014 0.73398286
DontCare -1 -1 -2.159354821839605 541.85 175.02 595.02 188.60 1.451764367875309 1.612476914441719 3.7212820669041062 -1000 -1000 -1000 -1.3739566584421565 0.57818234
DontCare -1 -1 1.2715520719673972 611.65 169.81 645.02 190.69 1.5049119259981822 1.6967322074533844 4.143228041134872 -1000 -1000 -1000 2.0569502353648454 0.94429994
