Car 0.00 1 1.9107546071198325 367.12 194.76 448.12 247.49 1.4520780000655364 1.4977619790197754 3.8831038960591937 -6.21 2.14 22.33 1.6395075189096509 0.99989486
Car 0.00 1 -1.7068109671261649 662.42 175.11 723.54 221.00 1.4988821413187694 1.6423585501225137 3.7216043343172456 2.87 1.62 25.96 -1.5967034055307558 0.99988735
Car 0.00 1 1.5341699319568018 417.00 191.29 481.28 231.62 1.6181364361016464 1.5184877359033966 3.3411062528715516 -6.13 2.11 27.72 1.3165325437516533 1.0
Car 0.00 1 1.6261689821865897 464.11 181.39 511.04 218.54 1.464490734395237 1.73328097841753 4.147747831545868 -6.11 2.18 36.24 1.459141532659102 0.999992
Car 0.00 2 1.8030119399216513 484.19 181.83 522.63 210.66 1.4828679304389667 1.6318115734220886 3.8098917735145474 -6.31 2.16 42.91 1.6570063914133897 0.999964
Van 0.00 0 0.9050021330502371 1056.26 131.32 1168.98 181.52 2.261624089919529 1.9041095065032674 5.00382275676136 24.62 0.42 35.62 1.5097872735481608 0.98285013
Car 0.10 3 -1.2433597902443747 0.00 208.77 101.67 248.90 1.5063496757118415 1.6328454532386207 3.085708754263916 -23.50 2.99 30.17 -1.9051139192303015 0.86821103
Car 0.00 1 -1.168996618190084 36.81 203.44 157.31 247.33 1.5456780087022495 1.643669161266222 3.7323312332258607 -20.82 2.83 29.49 -1.7837394455064643 0.99140716
DontCare -1 -1 1.6954677338388304 566.37 176.17 584.57 189.64 1.5559587668447208 1.6160358183742904 4.035343425475158 -1000 -1000 -1000 2.4808658972362787 0.76003796
DontCare -1 -1 -1.9456106583264212 627.38 174.40 644.32 189.29 1.471761919912548 1.6488961701007032 3.97388553073267 -1000 -1000 -1000 -1.160212494928973 0.96340543
DontCare -1 -1 0.9228337566044669 598.29 174.29 608.77 184.14 1.5449533037661027 1.6579454012872124 3.6517463048324967 -1000 -1000 -1000 1.7082319200019151 0.61570793
DontCare -1 -1 -1.5237152325597147 536.44 180.78 552.94 195.73 1.4948288056819152 1.5698054724098587 3.724111186467209 -1000 -1000 -1000 -0.7383170691622665 0.99702626
DontCare -1 -1 1.2816861430790762 1188.70 140.65 1239.97 179.23 1.5795920532016468 1.6841093294979477 3.7788772751913453 -1000 -1000 -1000 2.0670843064765245 0.97447646
DontCare -1 -1 0.39171584049728914 718.94 156.27 820.02 176.10 1.3856177780596923 1.6401392307789469 4.080290319524803 -1000 -1000 -1000 1.1771140038947374 0.68723553
DontCare -1 -1 -1.5522606587645154 860.60 159.40 886.68 179.23 1.5066157806484413 1.6988037519813919 3.9708317836151505 -1000 -1000 -1000 -0.7668624953670671 0.94276553
