Car 0.00 0 1.2010528306153159 748.38 163.30 893.80 265.27 1.5607907738356304 1.6883540742756271 3.6894842257128144 4.15 1.64 15.19 1.4677504628937086 0.8960195
Car 0.71 1 -0.6708039800312857 0.00 208.68 267.12 374.00 1.5676666650740814 1.5769525759579086 3.7315055598841096 -4.59 1.77 6.02 -1.322230946633064 0.9265156
Car 0.00 1 -0.8379256884243826 170.35 187.87 405.54 313.74 1.4273452613322448 1.5625639700056457 3.7855549623594666 -4.50 1.72 10.67 -1.237034570583707 0.7763931
Car 0.00 0 1.6629751483586173 526.48 173.25 570.30 203.47 1.5081182014016818 1.5581386157037163 3.6174977292642976 -3.16 1.51 37.26 1.578368162878312 0.9999548
Car 0.00 2 -1.884900347390447 724.84 176.54 802.29 229.29 1.4578106779424858 1.6692685068310642 3.5268690456972505 4.40 1.53 21.35 -1.6816569009866777 0.9954684
Car 0.00 2 -1.555186434709702 709.33 170.79 767.58 216.55 1.4959604147641372 1.6255976271541261 3.660647170744934 4.70 1.54 26.99 -1.3827767231187893 0.9999994
Car 0.00 2 -1.6382538164642195 702.15 170.78 747.12 206.15 1.5167961217282724 1.579088761723175 3.3128807713613893 5.03 1.41 32.20 -1.4832949694765496 0.9998591
Car 0.00 0 -1.7868039468911032 591.95 170.23 614.45 187.15 1.431030176934452 1.6164744154275799 3.115979330740967 -0.60 1.25 64.30 -1.7961349357935628 0.73041123
DontCare -1 -1 -2.367358044781957 618.33 167.80 648.86 177.87 1.4859672676591587 1.5851718478561783 4.094748513899841 -1000 -1000 -1000 -1.5819598813845088 0.9807701
DontCare -1 -1 -1.0225236574795584 659.56 165.65 671.06 180.28 1.5651728514401626 1.6459607214392566 3.86602620513747 -1000 -1000 -1000 -0.23712549408211014 0.9581468
DontCare -1 -1 2.0898531238224844 682.48 167.73 712.73 193.81 1.5506914056657266 1.6804847710491562 3.7718800177202607 -1000 -1000 -1000 2.8752512872199327 0.961308
