Car 0.00 0 -1.6129842410471777 595.95 175.74 627.85 206.45 1.5300010073749732 1.5198100500465774 3.651137041054764 0.07 1.85 41.01 -1.6112773419489526 0.99999344
Truck 0.00 1 -1.7665499607708792 666.32 163.48 724.23 194.63 3.0959705109330606 2.5919124531090545 11.373557660195733 8.37 2.07 72.82 -1.6521112133661664 0.99997735
Truck 0.14 3 1.2951601902630667 0.00 103.01 272.28 267.86 3.088835320863385 2.5807865458071517 10.519893872949982 -12.67 2.07 19.78 0.7254597469514769 0.5342903
Car 0.00 0 1.8968804041531424 317.87 186.60 376.12 218.12 1.5889818671910476 1.6386816122294807 3.5005703439340974 -13.50 2.23 37.14 1.5482391190793394 0.9959837
Car 0.00 0 1.5399385868248086 426.78 182.03 458.71 202.32 1.557057064381094 1.631900003431871 3.9192377013490582 -13.36 2.29 57.74 1.3125579758417403 0.9999896
Misc 0.00 1 -1.6864922950651984 438.66 169.49 465.07 196.38 1.4591530155210208 1.5725438737036133 3.614603908859291 -17.29 2.52 79.03 -1.9018764099569498 0.57369876
DontCare -1 -1 -2.070408181348119 522.27 173.94 536.95 183.89 1.4886833321122837 1.6158913683803224 3.806228807322779 -1000 -1000 -1000 -1.285010017950671 0.96282786
DontCare -1 -1 0.9591194550183157 504.34 180.02 519.89 188.59 1.3999817076890182 1.5335323729277992 3.567133830987015 -1000 -1000 -1000 1.744517618415764 0.85017586
DontCare -1 -1 1.2163832942631583 376.23 184.40 402.31 203.19 1.5296780898986768 1.6792131730080986 3.8121541832909966 -1000 -1000 -1000 2.0017814576606066 0.9950565
DontCare -1 -1 -0.8347134153035025 285.60 192.73 324.18 214.65 1.5380908235727262 1.6258426078320884 3.9154195619151975 -1000 -1000 -1000 -0.049315251906054236 0.6766697
