Pedestrian 0.00 0 1.0415283004429678 270.30 161.04 290.49 207.77 1.7819530288133574 0.6402594651368332 0.8361608391413593 -13.24 1.39 29.23 0.6162161548669036 0.6141203
Car 0.00 1 -1.8427355746415 241.37 153.02 309.43 205.41 1.611061834153385 1.6367703315527582 3.5577253868208314 -15.19 1.40 32.57 -2.2791273928778906 0.9672801
Car 0.00 1 -1.7949200580504279 294.11 164.63 361.67 202.75 1.5226896245783579 1.638080514288082 3.6383489241228486 -13.78 1.40 35.05 -2.1695096362053286 0.99999976
Car 0.00 0 -1.9701246480133872 356.01 164.20 433.75 196.71 1.5415174312709283 1.6260135278762722 3.79594757979373 -11.01 1.17 36.58 -2.262484082468761 0.9999769
Van 0.00 1 -1.6832780624416213 531.01 156.38 602.56 195.41 2.174980194785199 1.8535745577966405 4.570676801556396 -2.58 1.27 41.85 -1.7448488854945359 0.5838482
Car 0.00 2 -1.8050107369807105 569.48 163.40 622.76 189.38 1.4997999299137306 1.5842364013852024 3.8439339251593734 -0.91 1.00 44.29 -1.8255542451968603 0.9652433
Car 0.00 1 -1.5726233082267012 612.46 161.43 668.46 188.56 1.5203826947888743 1.6808339983881855 3.7287005354986573 1.93 1.00 46.73 -1.531345676372581 0.65268445
Car 0.00 1 2.326284603276525 643.32 166.77 704.31 187.85 1.4538455981580924 1.7230125509859466 4.181597130499878 4.47 1.05 51.23 2.413317745815166 0.8830649
Car 0.00 1 -2.0803597728398184 680.83 167.39 725.21 188.52 1.4973646778433036 1.6108939044834518 3.8375647907481576 6.68 1.12 52.10 -1.9528405308014072 0.6849114
Car 0.00 1 -1.9350587288525443 702.62 167.27 753.20 187.20 1.4677588086394977 1.6187243510694647 3.4401946832762147 8.59 1.04 52.83 -1.7738723122395985 0.9983931
Car 0.00 1 1.0974901179459433 724.71 165.40 782.98 185.94 1.5132653828530025 1.6204968106658602 3.9290766363368417 10.72 0.97 54.12 1.2930372510654988 0.9930288
Van 0.00 3 -1.9122422794487814 765.08 157.17 824.93 185.21 2.0727565954556084 1.826957906231804 4.830205140465545 14.91 0.98 58.29 -1.6618216577083704 0.9954894
Car 0.00 2 -1.2758432487633566 792.27 163.66 845.05 182.62 1.3975238207547378 1.6114938922883415 3.577885704241791 17.27 0.79 59.83 -0.9948304608689533 0.68588334
Car 0.00 2 -1.4154847274210791 814.49 163.63 860.21 180.89 1.4775358926324558 1.6315285603241467 3.685457484923401 19.39 0.67 61.62 -1.1106236317851306 0.7934083
DontCare -1 -1 2.5883466760304312 134.56 153.15 501.27 183.40 1.461810905840845 1.6742600344778442 4.358728366099395 -1000 -1000 -1000 3.3737448394278795 0.9010322
DontCare -1 -1 2.114187435307775 847.06 158.35 949.18 184.43 1.5397533815173816 1.7230149128199959 4.2934882511721035 -1000 -1000 -1000 2.8995855987052233 0.9999305
DontCare -1 -1 2.1437283317234854 1040.80 150.02 1239.99 169.85 1.4599812220601749 1.6705349192680263 4.49085356494049 -1000 -1000 -1000 2.9291264951209337 0.99803346
