Car 0.92 0 1.33147227863339 898.57 204.17 1241.00 374.00 1.6131817776529502 1.7001576938392067 4.690261976920166 2.97 1.63 3.61 2.019910994229808 0.99641776
Car 0.71 0 0.9641887108471732 0.00 194.94 173.76 374.00 1.5675094689993572 1.6402907569618368 3.719399022065201 -6.34 1.72 6.62 0.20039212512593474 0.6547172
Car 0.29 3 -1.4219144890692572 0.00 190.11 272.28 321.86 1.4752095345227432 1.523098803377285 3.4985422958956147 -6.57 1.73 9.13 -2.0456778092880095 0.94994444
Car 0.00 2 -1.8274088064816336 57.52 179.13 336.82 290.23 1.60475268250391 1.7090365581871414 3.9668613021598245 -6.58 1.75 11.58 -2.3441336179539105 0.9750718
Car 0.00 0 -1.932326034703527 695.93 181.94 842.89 274.72 1.4891793172626209 1.5274325304390335 3.5590054263697053 2.70 1.60 13.35 -1.7327706509982397 0.98836297
Car 0.00 1 -0.2783838073399405 265.84 185.52 463.96 251.86 1.6118738431303214 1.6068974056006813 3.8052336183712865 -5.80 1.79 17.20 -0.603618668193724 0.9849926
Car 0.00 1 1.6540002907302718 670.19 180.05 740.59 224.94 1.4755070511071395 1.689693725919857 4.23348228832344 3.05 1.61 24.10 1.77988706860797 0.99875677
Car 0.00 2 -2.040765897431646 303.15 179.89 452.37 239.78 1.6276057887642097 1.6956298419000053 3.7835365926251794 -6.32 1.75 19.75 -2.350468841974102 0.965046
Car 0.00 2 -1.6856980408218245 342.73 170.10 462.33 228.38 1.5073972292064142 1.671913585877552 3.776033060751953 -6.37 1.64 22.23 -1.9647699004456505 0.9999987
Car 0.00 1 -1.5250995578852038 646.57 170.98 682.43 201.90 1.48946500977561 1.6276080247671747 3.7463938315735246 3.22 1.68 43.63 -1.4514306878090224 0.8645454
DontCare -1 -1 -1.5512739243593554 495.09 170.54 560.93 196.95 1.5279237002885353 1.648915439164772 3.9957227279768373 -1000 -1000 -1000 -0.7658757609619071 0.9318672
DontCare -1 -1 0.6282418529179434 560.40 170.20 605.74 180.71 1.4590256217686843 1.6460111451060915 4.045071052514114 -1000 -1000 -1000 1.4136400163153917 0.8296812
DontCare -1 -1 -1.8564978102829794 610.85 167.85 632.58 175.89 1.4552284110157203 1.5948060557903194 3.8823107202873612 -1000 -1000 -1000 -1.0710996468855312 0.79160005
DontCare -1 -1 -1.6844198341157774 628.31 171.90 655.43 188.61 1.5059710111288738 1.6059556149603271 3.6960515697822953 -1000 -1000 -1000 -0.8990216707183292 0.99579465
