Cyclist 0.00 3 -1.5303413021054606 902.26 132.03 1022.05 299.65 1.698037534521923 0.6150187158196163 1.9720632536734009 4.36 1.45 9.18 -1.0869374061798713 0.9998367
Cyclist 0.00 3 1.2775583426144461 760.59 163.39 784.48 220.28 1.8316000844706153 0.5517480482517672 1.9012145502890014 5.30 1.51 23.74 1.4972082923652557 0.9809163
Pedestrian 0.00 2 -1.6597659299757819 783.62 168.50 801.18 211.35 1.7532191748641235 0.6793766263213825 0.9603185919830703 7.28 1.53 29.10 -1.414625559217727 0.96045893
Pedestrian 0.00 0 -1.3266264657166342 803.94 167.82 818.66 210.65 1.8106068646911335 0.7305313254979324 0.8028120813677215 8.01 1.50 29.11 -1.0581085594162454 0.93029
Misc 0.00 2 1.807757900157247 800.14 182.68 817.18 207.48 1.5432952441094827 1.647128007626667 3.633641706906357 8.11 1.40 29.61 2.075095539099975 0.8459952
Cyclist 0.00 3 -1.349357665577207 720.38 170.90 731.76 201.34 1.6794139254261111 0.5106190533547592 1.2859339816893005 6.35 1.54 39.66 -1.1905942314962525 0.7047128
DontCare -1 -1 3.0216935435917716 1036.10 167.63 1225.84 182.13 1.4661074619559955 1.6668297902406597 4.061767460905113 -1000 -1000 -1000 3.80709170698922 0.9486612
DontCare -1 -1 -1.596721981712852 1152.90 200.09 1239.96 225.15 1.460778661426754 1.6172469642670297 3.9394641091452027 -1000 -1000 -1000 -0.8113238183154037 0.99335724
DontCare -1 -1 2.671289757886205 654.35 166.69 780.43 181.31 1.4463517669408035 1.704482830381527 4.087570013605156 -1000 -1000 -1000 3.4566879212836534 0.69940317
DontCare -1 -1 0.7040164033558707 840.81 172.94 916.89 200.06 1.518757746909411 1.6424377758712911 4.09545770486454 -1000 -1000 -1000 1.489414566753319 0.5914825
DontCare -1 -1 2.2988922476728977 587.69 175.02 633.57 183.40 1.400419809278698 1.6301303117261672 3.9970823546276475 -1000 -1000 -1000 3.084290411070346 0.7075902
DontCare -1 -1 -1.5397998011347394 482.48 176.06 505.44 187.56 1.5324183650134515 1.6138136435957098 3.7888322119937325 -1000 -1000 -1000 -0.7544016377372911 0.7248773
