Car 0.00 0 -1.5375074009087424 577.33 178.49 611.19 209.37 1.4382614869444084 1.6239459545077228 3.420234041415253 -0.76 1.25 39.58 -1.5567066585168021 0.9999926
Car 0.02 1 -1.3157006065037589 0.00 182.47 245.23 293.47 1.4702213782636833 1.6168815449537182 3.1993428637609864 -8.41 1.61 12.86 -1.894858675339167 0.99999976
Misc 0.00 0 -1.175477729239736 184.44 232.27 342.92 328.92 1.4930494058696937 1.6443790823878193 3.808373751245537 -4.11 1.59 8.63 -1.6199419173263845 0.96460295
Car 0.00 1 -1.1043067137387137 264.17 190.75 441.26 295.28 1.433593415078373 1.6297005566494012 3.799330065153637 -4.13 1.54 12.21 -1.43047333363831 0.99999535
Car 0.00 2 -1.659820252158914 264.99 191.54 369.63 239.95 1.45346362924263 1.6983701952458763 4.0726229270325085 -8.42 1.45 21.09 -2.0396724466840856 0.9994412
Car 0.00 0 -1.3253910849478583 430.72 185.60 502.46 234.14 1.5537388961581897 1.7072936736704254 4.1317764987574 -4.54 1.45 23.37 -1.51726730056389 0.9999707
Car 0.00 1 -1.5114478851344924 381.56 180.80 439.65 220.00 1.5287628275161993 1.6181242310167694 3.643595891200104 -8.66 1.43 31.76 -1.7776466492638878 0.9999759
Car 0.00 1 -1.722922028103147 473.84 183.14 521.92 216.46 1.5656331632106018 1.7088662975193405 4.060431556902923 -5.08 1.35 33.47 -1.873550113714544 0.79075706
Car 0.00 1 1.2933860878136496 506.71 185.28 540.44 209.67 1.4819478433398914 1.6695602305890465 3.8001184222624684 -4.97 1.37 42.68 1.177460211491841 0.9983375
Misc 0.00 0 -0.9813184301045279 530.95 170.48 556.47 198.95 1.5168170541344594 1.6707233481766128 3.805926157288351 -5.15 1.07 57.97 -1.0699248682142801 0.9125506
Van 0.00 1 -1.5972387781974415 247.95 172.10 340.71 225.17 2.17389748572608 1.8473384516393376 5.061801954002726 -12.46 1.46 28.83 -2.005182522062205 0.99852306
