Car 0.29 0 1.9998106519368033 0.00 190.37 304.26 374.00 1.6476228240697097 1.5371311523677254 3.8970573527143384 -5.01 1.85 7.91 1.4352111821761984 1.0
Cyclist 0.00 0 1.4711648980763297 438.62 169.53 483.92 251.52 1.7546425550598954 0.6249250487594795 2.167556266340103 -3.59 1.79 17.37 1.2673563345905299 0.857911
Cyclist 0.00 0 1.7412946532156806 476.79 173.45 512.34 248.46 1.761243557127223 0.6058947944252682 1.6210930748308563 -2.88 1.78 17.88 1.581592545036393 0.9923254
Car 0.00 1 1.7265004674580435 398.78 183.47 483.03 233.35 1.4887993003992748 1.59847291491045 3.894785976164141 -5.56 1.84 24.17 1.5003967143389032 0.7249074
Cyclist 0.00 0 -1.5013502175596098 519.22 173.38 539.59 215.15 1.7216214868594264 0.5145379842429352 1.6238851203049087 -3.57 1.81 31.79 -1.6131811471147295 0.9997545
Car 0.00 1 1.7912599752333502 499.07 180.78 543.49 206.27 1.414109833893032 1.6395272996933603 3.9499292244539643 -5.26 1.91 43.09 1.6697908518682376 0.99986947
Car 0.00 1 -1.4494289169695715 640.08 176.33 671.39 202.04 1.4667880128888797 1.6326274362118387 3.866491145581105 2.84 1.75 44.88 -1.3862333219109633 0.99975747
Car 0.75 0 -2.1393125812199454 820.04 172.80 1241.00 374.00 1.609145678934307 1.4417411529184723 4.168812649451294 2.62 1.62 4.42 -1.6042334841181014 0.99978954
DontCare -1 -1 -1.7771582613375525 617.38 170.11 636.09 184.61 1.530205453169198 1.5677101754309082 3.783069240056076 -1000 -1000 -1000 -0.9917600979401042 0.76856065
DontCare -1 -1 -2.217184499898229 702.27 163.56 718.98 208.39 1.5063708483992528 1.6132609502138042 3.8108737414107705 -1000 -1000 -1000 -1.4317863365007808 0.810841
DontCare -1 -1 -1.3869069079544882 678.31 167.73 697.10 187.56 1.4985230047075462 1.6567601368488216 3.892610928170481 -1000 -1000 -1000 -0.60150874455704 0.8353741
