Pedestrian 0.00 0 1.239344106116567 715.72 177.57 727.18 210.30 1.7830637911710692 0.6443882248637152 1.029639509112587 5.95 2.00 38.94 1.390970505817439 0.66705537
Misc 0.00 0 1.5148557806995253 57.04 188.23 127.70 229.15 1.513304700498135 1.635823941110208 3.318418042861023 -20.92 2.18 29.20 0.8931823474590506 0.999982
Car 0.00 0 1.9578010300782065 190.15 187.39 288.84 234.38 1.4386587444512557 1.5957529500783825 3.4258126785383607 -13.92 2.17 27.30 1.4862726735461538 0.99999976
Car 0.00 1 1.431441650786672 152.24 186.83 248.19 230.88 1.5495424441812944 1.612731813705101 3.119902746878662 -16.83 2.25 29.78 0.917045663986537 0.9999721
Car 0.00 0 1.9809856275704245 382.80 183.82 426.35 208.22 1.53038858471498 1.6426277675391578 3.806119470052519 -14.12 2.35 49.73 1.7043333697586727 0.9999386
DontCare -1 -1 -0.4861009875920157 663.73 175.02 678.36 197.98 1.5376184399990749 1.5925473526777172 4.008012222252884 -1000 -1000 -1000 0.2992971758054326 0.714914
DontCare -1 -1 2.9887908260014395 733.52 175.02 850.23 194.85 1.449738450702877 1.663494802332058 4.315970467530288 -1000 -1000 -1000 3.774188989398888 0.9863193
DontCare -1 -1 1.8686047355320792 809.56 187.52 971.06 237.56 1.5073398671863985 1.7069433697224998 4.422642247878112 -1000 -1000 -1000 2.6540028989295275 0.8667508
DontCare -1 -1 -1.4581760774042944 690.81 178.15 705.43 201.11 1.502350394037218 1.6079724237979793 3.7396262307987596 -1000 -1000 -1000 -0.6727779140068462 0.73340905
DontCare -1 -1 0.6575371781971793 586.65 178.15 609.61 188.61 1.489140138384552 1.6136343770386123 3.8643070842475677 -1000 -1000 -1000 1.4429353415946276 0.9143737
