Car 0.00 0 1.887696043648992 268.09 192.26 461.43 302.52 1.4854957129625987 1.7010388442040825 3.8211367187426473 -3.83 1.78 12.01 1.5789904090602698 1.0
Car 0.00 1 1.9844048182156424 45.83 205.78 291.36 323.21 1.3875239345996093 1.6205135688842678 4.152203725777664 -6.83 2.04 11.60 1.4522664383628405 1.0
Car 0.00 1 -1.4748946587231497 640.02 176.66 683.60 212.96 1.487788554635496 1.6575703055323505 3.78733787884573 2.29 1.74 33.16 -1.4059450229339971 0.9997737
Car 0.00 1 1.5245315777745585 415.10 189.07 501.07 247.40 1.50441069750175 1.6349570101784014 3.4838835467920686 -4.13 1.89 19.89 1.3197988257842455 0.9999999
Car 0.00 1 2.603178815045629 757.12 163.22 900.55 206.77 1.4759467545716476 1.6823956140042686 4.095308067403831 7.79 1.17 26.07 2.8935443296384635 0.97872823
Car 0.00 2 2.7961630384114127 745.30 153.19 865.10 203.08 1.5244763622811448 1.647122140294447 4.466107444964447 7.79 1.17 29.17 3.0571281277597127 0.7370869
Van 0.00 2 -1.3527971218016486 992.90 136.02 1119.69 180.22 2.168098000355563 1.9236139753913117 5.006183994764137 21.81 0.34 35.43 -0.801000422612895 0.61205536
DontCare -1 -1 -1.6972884396698813 610.52 176.86 619.58 186.79 1.4408219162194442 1.618064600294962 3.747142011426487 -1000 -1000 -1000 -0.911890276272433 0.86435306
DontCare -1 -1 -0.5687207738545279 504.75 177.62 563.50 206.13 1.5040976855723571 1.672616425222292 3.8902621549890424 -1000 -1000 -1000 0.21667738954292037 0.61794627
DontCare -1 -1 -1.395055384435926 585.96 176.33 599.34 185.81 1.5068662989704322 1.6363526585237527 3.8612550582141663 -1000 -1000 -1000 -0.6096572210384776 0.9569184
DontCare -1 -1 1.5999412453409771 890.81 148.98 1014.81 180.27 1.4761471565632533 1.6535917662741089 3.8519881964997436 -1000 -1000 -1000 2.3853394087384254 0.9863142
DontCare -1 -1 -2.186402932801519 679.35 166.69 724.18 187.56 1.5066873881785583 1.5803749852539444 3.8140176368282224 -1000 -1000 -1000 -1.4010047694040706 0.97638524
DontCare -1 -1 -2.7116522351887564 717.90 172.94 801.27 196.94 1.5152756910590839 1.6664721884490394 3.7490809877739335 -1000 -1000 -1000 -1.9262540717913081 0.58979315
