Car 0.00 0 -1.6374425078418593 639.56 184.91 673.91 211.49 1.5468659106461715 1.638014347544446 3.7500937228427316 2.63 2.14 41.75 -1.574531623269213 0.9992499
Van 0.00 2 -1.0715876976635794 441.36 172.76 539.87 212.34 2.148883692466221 1.930395247981472 5.154465755277919 -6.29 2.02 38.24 -1.2346153075425572 0.99999917
Car 0.00 2 0.7597690979626517 380.88 187.77 500.81 231.78 1.5197308025142562 1.6282630481482887 4.00379775663475 -6.10 2.07 26.05 0.5297485213160344 0.985726
Car 0.00 2 -1.3469404141095023 357.17 184.91 480.64 235.10 1.5196361605829012 1.6199496195377254 3.865138087082752 -6.22 1.95 23.60 -1.604639520095283 0.56901103
Car 0.00 2 -1.7909804145481925 215.93 190.62 415.34 261.33 1.3998672891227912 1.623472429132595 3.812940968327322 -6.44 1.84 15.96 -2.174507930505184 0.99948174
Car 0.02 3 2.0272138277676444 0.00 194.28 332.43 303.55 1.3990653384296607 1.626070603048935 3.6181306560860063 -6.73 1.84 11.11 1.4825693724406621 0.9917218
Car 0.03 0 -1.8535237769272666 723.32 176.80 1026.99 374.00 1.4649957831768703 1.5273719497682 3.737254837654629 2.48 1.71 8.03 -1.5539750688043121 1.0
Car 0.80 0 -1.2888364950802664 0.00 216.97 387.72 374.00 1.6566298756568145 1.530223242259159 4.015617044769325 -2.68 1.71 4.31 -1.8451384042736512 0.9999995
Truck 0.00 2 1.6767567853119711 624.20 171.27 660.11 203.26 3.219896262008209 2.6904720860064315 12.610266733381653 2.49 2.33 57.96 1.7196910474019074 0.9999682
DontCare -1 -1 -1.5000717873361449 602.82 179.26 618.51 192.10 1.5354041181324434 1.5819124572636032 4.123248236380615 -1000 -1000 -1000 -0.7146736239386966 0.76337713
DontCare -1 -1 -1.6311907182124 546.83 178.71 580.25 195.64 1.4800073545245838 1.614544532513752 3.945096181832352 -1000 -1000 -1000 -0.8457925548149516 0.9958139
