Pedestrian 0.00 0 1.3831608007338385 783.35 160.83 847.33 363.62 1.7308771642301035 0.6905355285194588 0.8117183564016723 1.86 1.56 6.59 1.6582508418737851 0.57682824
Pedestrian 0.00 0 1.1875344971802573 873.74 148.51 972.01 363.01 1.8181831850115013 0.6878338176098537 0.9023871948728466 2.82 1.53 6.56 1.5935296298362958 0.98269063
Pedestrian 0.00 0 1.6970628658917288 207.75 163.51 279.62 351.47 1.737349330857749 0.7199696059611511 1.1235746709415817 -3.77 1.61 7.42 1.2269672000989864 0.9713064
Pedestrian 0.00 0 1.5745149681486676 552.07 162.70 590.96 261.25 1.775147254988904 0.6156818176892471 0.9530900982925796 -0.77 1.45 13.57 1.5178329349080308 0.92958546
Pedestrian 0.00 0 -1.2405016581204276 725.98 160.19 755.81 238.67 1.7180149009827328 0.6439492403802347 0.6270703194448852 2.99 1.27 16.48 -1.061021970122991 0.95204395
Pedestrian 0.00 1 1.9194052974369864 1002.39 152.63 1061.97 273.62 1.76762352831697 0.6775474715319347 1.221549343855133 6.21 1.30 10.65 2.4473045838402645 0.5442831
Pedestrian 0.00 1 1.8646745244648795 1149.40 139.14 1214.56 266.37 1.8953450261059952 0.6156269143608284 1.0410840926477813 8.19 1.18 10.51 2.5266392307060954 0.9963606
Pedestrian 0.00 2 2.3874002257969718 959.80 150.99 997.67 249.56 1.7946980683509064 0.7194001729872894 1.0066948799202347 6.66 1.19 13.05 2.8592894064356607 0.52366865
Pedestrian 0.00 2 2.0144724110749106 513.68 172.69 534.53 228.33 1.7643180596086931 0.5856598298338127 0.7633752343962097 -2.54 1.42 22.43 1.9017115777209679 0.9263804
Misc 0.00 0 -1.534734216579471 498.94 194.47 527.91 230.14 1.4484051842062187 1.6255826160968685 3.821207450829544 -2.67 1.43 21.69 -1.657216235281317 0.99999905
Pedestrian 0.00 1 -1.8865195075657706 494.35 169.93 515.37 226.38 1.7315490352365923 0.6812618392792416 0.7555557010481262 -3.23 1.39 22.82 -2.0271279821627597 0.98933023
Car 0.00 2 -1.6256191516902785 558.66 166.60 584.60 192.66 1.4961380198417615 1.6143956438363933 3.8044233491049195 -2.13 0.77 52.93 -1.6658392789996148 0.9985097
Car 0.00 2 1.855169371762548 457.40 159.47 528.48 220.94 1.5217354268586647 1.6375609722645426 3.9778658171520616 -4.00 1.35 27.22 1.7092628804340908 0.6924278
Van 0.00 2 1.7495392123844962 498.21 163.20 546.54 209.31 2.1620182315935708 1.8993085963731242 5.149845873767185 -3.80 1.25 35.29 1.642273285262887 0.9551406
DontCare -1 -1 1.327016563215528 685.51 173.51 729.18 223.42 1.4501165602175903 1.623595598405733 4.1642300059423825 -1000 -1000 -1000 2.1124147266129762 0.8648626
DontCare -1 -1 0.3409373323109488 141.13 172.48 215.97 325.24 1.5119981564401102 1.5878774442435646 3.7488489766941453 -1000 -1000 -1000 1.126335495708397 0.5934907
