Car 0.00 0 -2.0250736037876944 792.08 191.36 1069.66 363.02 1.477721035834999 1.7017990492941284 3.443834679328003 3.17 1.67 7.97 -1.6465156979051145 0.90941936
Car 0.00 0 -2.62748916546372 32.99 185.54 350.25 285.10 1.4623419795005035 1.628199483519926 3.9191248846576596 -6.50 1.64 11.44 -3.144184304225997 0.75935936
Car 0.00 1 -1.3781003365900855 247.35 180.16 425.97 247.30 1.4656974751321983 1.5720603682757759 3.5810460319147492 -6.36 1.65 16.93 -1.7374534556687253 0.94443536
Car 0.00 2 -0.6362676183369498 295.85 180.98 472.61 241.34 1.590765171107502 1.5595815323950195 3.2993369867430116 -5.92 1.72 19.10 -0.9368255219381725 0.98162055
Car 0.00 2 2.2655422846463065 323.62 178.69 475.86 232.65 1.5264200269064319 1.667898333883419 3.4808006455526734 -6.25 1.71 21.57 1.9835115279020328 0.98318946
Car 0.00 2 -1.7620982537653784 734.41 177.49 878.59 283.02 1.6247844550578308 1.5994995825649643 3.621613802515068 3.31 1.72 12.94 -1.5116720323961854 0.99999917
Car 0.00 0 -1.8450521985676627 679.74 183.29 737.71 224.72 1.4316395152179908 1.5829890847863102 3.4348775317297364 3.51 1.79 26.44 -1.7130705091308687 0.99814105
Car 0.00 2 1.52246164257196 393.68 181.00 506.18 228.03 1.496547997352333 1.6541454561711693 3.110568123065033 -5.32 1.77 24.02 1.3044981017481085 0.9402491
Van 0.00 2 -0.9626842896130423 416.89 173.69 513.59 222.36 2.1484100069036103 1.9711028436278535 4.9918023476541515 -5.28 1.75 26.39 -1.1601527198264172 0.99888426
Van 0.00 0 1.5850028293814997 645.33 164.11 676.49 197.37 2.191908996563903 1.9684036174868775 5.1682806739748 3.74 1.76 54.13 1.6539861216617346 0.7301275
Car 0.00 2 1.2338364581253867 495.79 177.31 560.64 199.28 1.5570115972130012 1.6511399292112732 3.813231928400793 -5.69 1.80 50.29 1.1211718209265746 0.8859517
DontCare -1 -1 -1.30840061704186 547.34 165.08 589.95 186.36 1.4910436536936473 1.6260593861998462 3.935037242375412 -1000 -1000 -1000 -0.5230024536444118 0.7486903
DontCare -1 -1 -2.4268018762257437 614.01 174.26 633.94 181.84 1.4763893376855564 1.6551957421661758 3.7897155453787232 -1000 -1000 -1000 -1.6414037128282954 0.5280295
DontCare -1 -1 2.1104943315174918 0.00 244.81 106.29 373.00 1.5063771981565666 1.5943073176504516 3.465528683863678 -1000 -1000 -1000 2.89589249491494 0.74345624
DontCare -1 -1 -2.6247095624592642 600.19 175.02 609.61 185.48 1.492196027543993 1.6377847336889648 4.02368685802082 -1000 -1000 -1000 -1.839311399061816 0.56342447
