Car 0.10 0 -1.9304740587857108 785.07 200.33 1094.71 374.00 1.5093926194874954 1.6167023733915233 3.798085419587889 2.94 1.73 7.32 -1.548555253234059 0.9999924
Van 0.53 3 1.9494358460095267 0.00 166.52 221.62 361.38 2.2135512116481877 1.897052719824536 5.039995340460586 -5.90 1.67 7.10 1.256084531475485 0.69361746
Car 0.00 1 -1.3826451311495642 93.42 179.73 346.66 288.36 1.4846513125865173 1.778267919337883 3.5249337722883607 -6.35 1.76 11.95 -1.87108105018767 0.96274114
Car 0.00 2 -2.2630851427700858 813.32 192.57 1044.32 264.76 1.473327540215702 1.7194900207878494 4.360328631602325 6.29 1.77 14.65 -1.857534486542458 0.9957287
Car 0.00 2 -2.129124061265264 795.64 181.82 964.19 254.60 1.4609839547245216 1.6328901380957508 4.085675241552391 6.25 1.86 17.11 -1.7788990931320772 0.6080908
Car 0.00 2 1.089087531962667 720.78 175.82 861.11 229.83 1.4804348949162673 1.7128780328394317 4.170910226307907 6.17 1.89 25.02 1.3308662060121306 0.91321576
Misc 0.00 2 -2.0699619809773306 344.93 199.16 438.04 244.35 1.4543735313980293 1.682429841971531 3.77914618899683 -5.71 1.80 18.84 -2.3642407404257217 0.71867114
Car 0.00 2 -1.5109405602004866 294.24 159.48 452.46 239.89 1.4870331328181934 1.7312534817220115 4.041098551951446 -6.88 1.87 21.15 -1.8254397131910594 0.8853327
Van 0.00 0 1.4047390381481986 637.45 161.81 689.57 215.14 2.1939177131397045 1.9406847419296933 4.750803677195358 2.45 1.89 34.91 1.47480462161179 0.903753
Car 0.00 1 1.15994988481072 390.82 182.82 500.66 219.34 1.471453111973257 1.5939355485798263 3.7922831197605515 -6.96 1.91 30.71 0.9370785593485427 0.99531186
Car 0.00 2 1.8117833147433142 433.34 176.51 525.97 214.93 1.580895062890501 1.5348888777853393 4.084192337595024 -6.44 2.01 35.81 1.6338472638657087 0.812719
Van 0.00 2 1.4890101114895682 625.12 164.87 657.83 203.03 2.218752422847352 1.9345285842274857 4.247820494526672 2.20 2.08 52.37 1.5309942097793774 0.97301215
Van 0.00 2 -1.0950745503094534 506.05 168.10 565.12 197.11 2.123437836312256 1.9584097290491296 5.137548086994934 -7.56 2.42 73.62 -1.1974053455920737 0.9941613
DontCare -1 -1 2.7750602523472647 574.11 175.46 618.69 188.80 1.5255397976195824 1.6677815497578525 4.0453774203882595 -1000 -1000 -1000 3.560458415744713 0.65639216
