Pedestrian 0.00 0 -1.5778637803767364 745.44 168.11 800.45 312.45 1.6703205420080376 0.6828493978169632 0.934965245963087 2.10 1.60 9.31 -1.356012665450773 0.6546074
Pedestrian 0.00 0 2.221983746686254 378.43 169.50 421.15 289.56 1.7409222977611971 0.6715425978687477 0.7296675113747024 -3.26 1.61 11.24 1.9396934985357528 0.83072454
Pedestrian 0.00 1 1.9647612432625632 299.57 172.07 336.61 287.44 1.7987544773522568 0.644533958220191 0.5812550304243469 -4.58 1.60 11.42 1.5833493427031633 0.9921989
Pedestrian 0.00 0 -1.6318956511702876 926.30 163.36 971.20 287.13 1.7892100973430825 0.6959872338262272 0.8372028438160324 4.74 1.43 10.19 -1.1965048504537121 0.73891735
Pedestrian 0.00 0 -1.7193535278227667 868.32 162.09 921.35 283.63 1.7748606684062433 0.5396400447276306 0.6631845650980377 4.29 1.46 10.69 -1.3377186649730899 0.90747136
Pedestrian 0.00 0 1.673861184218202 651.34 167.77 678.87 242.39 1.7379844351116371 0.6321706864324284 1.0115518687078857 1.48 1.54 18.75 1.7526311970387414 0.8951214
Pedestrian 0.00 2 -1.6279893415656428 749.26 175.87 807.14 302.09 1.793651116490717 0.6936932745662403 1.013048407227745 2.42 1.61 10.06 -1.3919180846735333 0.9879914
Pedestrian 0.00 1 -1.4927033791926245 715.25 177.02 751.80 286.24 1.8226933567229462 0.6907560582545471 0.7250438449690246 2.11 1.64 11.72 -1.3145773825637797 0.84100795
Pedestrian 0.00 1 -1.612529550739799 694.00 176.56 730.25 274.14 1.6742948009077263 0.6293988320317936 0.5694188592741394 1.93 1.63 13.14 -1.4666925740240773 0.99997735
Pedestrian 0.00 2 -1.299990908303533 764.02 166.48 817.68 262.28 1.688239344805832 0.7532036359694672 0.7979522315571212 3.64 1.52 14.00 -1.045622849750267 0.9263035
Pedestrian 0.00 2 -1.5889222687718014 792.34 165.24 821.68 243.81 1.8300746990743828 0.6318819242802334 0.872725767620852 4.90 1.45 17.28 -1.3126109827963033 0.77378815
Car 0.00 0 1.7213727543738226 548.63 178.75 597.32 216.26 1.518278115783484 1.6929177709580803 3.7749561985359574 -1.22 1.46 32.38 1.6837129894803546 0.9998963
DontCare -1 -1 -2.3960096398976187 620.06 175.59 636.72 194.33 1.4956289477466058 1.6156730402918005 3.8100970370099927 -1000 -1000 -1000 -1.6106114765001704 0.82792443
