Car 0.00 1 2.8554751435902457 857.26 144.11 965.80 179.92 1.4886045347718906 1.6972683363319778 4.039886849127807 13.70 -0.05 31.75 3.2628351230785606 0.9037768
Car 0.00 0 -1.6505838791516165 532.11 170.87 563.79 195.35 1.525261427164675 1.6456016779602909 4.029701264701881 -3.65 0.90 45.83 -1.7300582861962155 0.99940014
Cyclist 0.00 0 1.175351426997457 612.90 166.08 638.48 190.74 1.7128502740878915 0.5025253386407089 1.9271484716261291 1.50 0.72 50.82 1.204858798745478 0.81421626
Pedestrian 0.00 0 1.263764546313558 592.76 168.75 607.76 193.64 1.7928908666971874 0.6295078675535393 1.0091790227005386 -0.51 0.95 51.97 1.253951507452282 0.84368217
Pedestrian 0.00 1 -2.7033620635655264 461.65 171.58 473.99 198.78 1.7558383717577708 0.5708962585118484 0.8586358172604942 -9.78 1.29 50.54 -2.894509609626364 0.8374913
DontCare -1 -1 0.6318277279522757 794.26 155.28 842.30 173.82 1.497050581854434 1.6715740405680084 3.9744373654351617 -1000 -1000 -1000 1.417225891349724 0.80689436
DontCare -1 -1 2.3957559625294547 862.92 129.58 1181.59 189.25 1.5405365809617948 1.7099877961636925 4.544529097281494 -1000 -1000 -1000 3.181154125926903 0.9565328
DontCare -1 -1 1.5263698110964636 401.32 175.76 427.04 203.54 1.5239104050031316 1.60591670802845 3.891057117037573 -1000 -1000 -1000 2.311767974493912 0.9529068
DontCare -1 -1 -1.9134307960656027 506.15 167.54 525.71 194.29 1.5500763453362894 1.5414513044716263 3.5740835239515687 -1000 -1000 -1000 -1.1280326326681545 0.97043085
DontCare -1 -1 1.8369296650078635 559.60 166.51 586.35 191.20 1.4417195025651168 1.662579200482502 3.6860308816061402 -1000 -1000 -1000 2.6223278284053118 0.5217183
