Car 0.82 0 -0.8639328042652945 0.00 193.02 354.35 369.00 1.472188778576107 1.608671701765194 3.9829296862111474 -3.21 1.64 4.56 -1.4773030992032141 0.8302589
Pedestrian 0.00 0 0.6253985921528677 743.45 148.20 810.11 271.45 1.8164899250868511 0.7491574938681793 0.8343732362399006 2.51 1.36 10.90 0.8517283656582986 0.99791604
Cyclist 0.21 1 -2.035552547374044 1171.50 136.49 1223.00 187.95 1.675858731882677 0.48206545572568893 1.3849168820703888 20.38 0.24 24.09 -1.3333886650878073 0.9949502
Pedestrian 0.00 2 -2.14764262835053 418.77 156.32 504.90 285.15 1.7300381748381806 0.6425843685206842 0.6585184601852798 -2.04 1.43 9.97 -2.3494706124396707 0.7801874
Pedestrian 0.00 0 1.5178865092482905 429.58 147.53 495.58 294.57 1.7166330976787758 0.6638931854900789 0.7713540164539718 -1.80 1.40 9.02 1.3209173886049697 0.8407224
Cyclist 0.00 2 -2.1877165595677237 967.23 147.27 1000.75 211.93 1.718473664986 0.5570484806953859 1.7342209136510753 10.59 0.83 19.78 -1.6961599478021414 0.6912549
Pedestrian 0.00 2 -2.7949379245426993 100.51 175.68 123.01 269.38 1.6814913390580368 0.621172783830471 0.8349253726909065 -9.21 1.64 13.33 -3.3995457471382764 0.8411257
Pedestrian 0.00 2 2.905349806943212 80.49 181.86 116.16 272.96 1.792975587249155 0.674033448034234 1.066962745578041 -9.31 1.65 12.90 2.280204488685082 0.9405716
Cyclist 0.00 2 1.1312900046494345 425.20 162.05 540.25 273.36 1.6391342203487014 0.5908376292495918 1.1708489163244629 -2.01 1.42 11.43 0.957216787300618 0.5480111
Pedestrian 0.50 3 -2.2137823263790946 0.00 166.38 38.42 283.86 1.8016146360341263 0.5806185211327743 0.8733513202304148 -10.32 1.72 12.05 -2.921998398215285 0.65992814
Car 0.89 3 -1.3144714395192008 1199.35 151.65 1223.00 195.91 1.4932569473801565 1.6438435998470926 3.1608264615164186 19.84 0.42 20.40 -0.5429888788218923 0.9324174
Car 0.00 2 1.4955428401615958 452.52 168.47 485.07 192.21 1.4863212819962215 1.657076801425352 3.8653538861648227 -8.77 0.70 45.82 1.306428925588063 0.5012343
DontCare -1 -1 2.2598267952587943 627.45 165.31 658.27 173.10 1.4592601548700046 1.6085944094420814 3.8491517343894626 -1000 -1000 -1000 3.0452249586562425 0.59120566
