Car 0.00 0 -1.9144388298180441 696.02 188.46 800.12 261.42 1.5131246367289137 1.579163401639595 3.135331170760193 2.92 1.47 15.85 -1.7322544612793156 0.9033394
Car 0.86 0 -0.4371101419117789 0.00 201.49 305.44 375.00 1.5634683709411334 1.5050294839502716 4.778633611403503 -3.61 1.63 4.58 -1.104620358519953 0.93041265
Car 0.00 0 -1.3692878345635275 370.04 182.11 490.39 266.25 1.3782689127890777 1.5031432949663543 2.993166701994934 -3.67 1.51 15.26 -1.6053036717127183 0.9999999
Car 0.00 0 -1.6399765024569373 644.51 180.29 687.19 212.25 1.5176157368166756 1.5936944477917099 4.133550064765014 2.76 1.23 35.21 -1.561749640336073 0.9732563
Car 0.00 1 -0.9588451544430594 154.25 186.36 314.70 264.52 1.5212817488989245 1.5854037099243545 3.46564229031662 -7.89 1.49 15.51 -1.4294317422806075 0.9998466
Car 0.00 1 -1.5370379211988787 451.19 183.77 523.30 234.35 1.4511373642651748 1.6480308633954668 3.440850423775711 -3.86 1.44 23.46 -1.7001121997081896 0.99832135
Car 0.00 2 -1.651786328354154 339.00 187.26 415.90 231.06 1.551018255185933 1.5175471597076797 3.481546180449524 -8.18 1.50 25.73 -1.9595984625238194 0.9994702
Car 0.00 1 -1.2146313051369528 405.21 184.42 456.04 216.26 1.4594277109770488 1.4196041815639877 3.959222728513279 -8.49 1.40 34.64 -1.454985723768507 0.99457353
Van 0.00 2 -1.5703080455448966 442.01 175.89 478.77 207.22 2.189975654252372 1.8581594625567628 5.1376891637385365 -8.80 1.25 43.06 -1.7718981367967297 0.768346
Car 0.00 1 -1.564346196190689 521.37 182.53 551.70 204.87 1.4670933190552902 1.6414166235090637 3.6945954879150773 -4.58 1.20 46.40 -1.662734384999913 0.9999956
Van 0.00 2 1.587224836522017 469.98 175.72 505.66 202.07 2.0758479829063035 1.7750652531241609 5.203552348369407 -9.01 1.19 54.32 1.4228524405625407 0.8262467
Car 0.00 0 -1.5497459760543446 588.45 180.02 613.42 203.45 1.5280213084822905 1.6326598434434676 3.8724569949657703 -0.48 1.22 50.83 -1.5591889375493613 0.9999999
Car 0.00 0 -1.5504076732930283 620.97 181.16 636.45 196.72 1.5984663445322227 1.6788511306704426 3.907716242723265 1.99 1.06 69.05 -1.521595952418269 0.91070515
DontCare -1 -1 -2.1286927620556693 545.32 180.71 567.30 195.38 1.462453633901329 1.6241271116496467 3.265215532980957 -1000 -1000 -1000 -1.343294598658221 0.94185615
DontCare -1 -1 -1.3208729485657553 573.52 180.71 595.50 197.47 1.4687962163059425 1.6488043063045883 3.880649501584568 -1000 -1000 -1000 -0.535474785168307 0.5324129
