Car 1.00 0 -2.279226736226354 920.60 210.35 1241.00 374.00 1.4592555951146793 1.5661018633009338 4.360880272589721 2.73 1.60 2.14 -1.3732662276067933 0.90315425
Car 0.99 0 -1.4913790682938437 0.00 234.92 248.08 374.00 1.5331912901072215 1.5889905088306808 3.192369835578003 -3.56 1.85 3.23 -2.325339903644603 0.7077271
Car 0.00 1 1.797308594980512 129.16 202.22 390.23 369.87 1.5048747047601652 1.6188295346410417 3.6532481779680634 -3.89 1.87 8.56 1.3707691222741463 0.93340564
Car 0.00 1 1.973605946698461 323.37 195.32 472.21 289.27 1.4329895902244758 1.6478335627080345 3.4928488006220246 -3.76 1.85 13.30 1.6980890274792753 0.99965024
Car 0.00 0 -2.0752079049733023 759.88 184.24 1074.29 363.67 1.4403147253958892 1.651475806972518 3.8679539851249243 3.00 1.61 8.29 -1.727987437989627 0.99994373
Car 0.00 1 1.4327990422633032 717.69 179.18 842.81 268.58 1.5929258767335128 1.671623449093237 3.897705307357111 3.06 1.61 13.77 1.6514679881372452 0.8464831
Car 0.00 2 -1.3875024328616004 963.96 148.16 1139.34 222.68 1.4355283457605552 1.585105779832735 3.480021523438492 12.70 1.40 21.04 -0.8444311593231023 0.99999726
Car 0.00 0 -1.692153395214353 641.09 178.20 688.13 211.16 1.5579504187969875 1.6306841813684845 3.596453176938095 2.59 1.79 35.24 -1.618789274391446 0.9982747
Car 0.00 0 -1.6241092244770865 589.11 181.99 626.50 203.04 1.5093096926628065 1.6034838624955559 3.5867108573542024 -0.21 2.03 50.01 -1.6283083599641257 0.9989041
Car 0.00 1 2.308944241204534 551.73 179.13 593.50 197.20 1.4473021704523277 1.631250148891046 3.905228430532017 -3.36 2.14 65.04 2.2573296084986687 0.93967474
Cyclist 0.00 0 1.935036645331655 493.01 178.51 508.24 201.36 1.7146447743643378 0.5588259508072329 1.8111656001234913 -8.02 2.06 52.84 1.7844073437779724 0.7578081
