Car 1.00 0 1.406672523417745 1213.07 151.68 1241.00 374.00 1.4385963085858535 1.6525249772430801 3.7308865060434724 3.02 1.59 0.73 2.740296429766828 0.9646332
Car 1.00 0 1.069574193158422 0.00 228.05 117.76 374.00 1.5563779737620067 1.724489367818966 3.91937901278595 -4.65 1.88 3.27 0.1116655221542967 0.6786044
Car 0.00 0 -1.6627164194968085 696.42 182.69 843.91 280.75 1.5888845328061294 1.6181501217843437 3.685189532242813 2.66 1.68 12.99 -1.4607357712337257 0.9997764
Car 0.00 0 -1.384169370928083 389.94 193.33 482.41 254.78 1.485206567105503 1.6749383912147426 3.588824706278839 -4.52 1.97 19.07 -1.6168961718789268 0.9999999
Car 0.00 1 -1.8307781080391745 653.64 182.52 716.85 232.92 1.5188958478445571 1.6720225394429111 3.9100445342586423 2.30 1.80 23.15 -1.7317510294548524 0.9846732
Car 0.00 1 -1.6516676257040839 450.43 182.09 515.20 229.97 1.5416696075169753 1.6815960288704777 3.7816320975647355 -4.94 2.09 28.36 -1.8241262814205466 0.98004675
Car 0.00 0 1.5795173366230468 496.53 183.28 532.50 212.85 1.4177863154380035 1.5759464421035194 3.760547014080086 -5.57 2.25 42.25 1.4484389227075054 0.7288853
Cyclist 0.00 0 -1.5837058928471546 567.69 180.15 575.37 198.73 1.6745113241840457 0.5082816199569893 1.9060110999668503 -3.90 2.59 73.14 -1.6369778374973203 0.98043835
Cyclist 0.00 0 -1.8283090750363211 575.09 179.71 582.46 197.30 1.704009793268547 0.470853747537632 1.7079828335369491 -3.17 2.46 73.24 -1.8715644368904165 0.55054545
Car 0.00 1 -1.568012694423322 631.36 179.19 668.40 210.80 1.549340075236411 1.6846282922388458 3.5289019515142823 2.08 1.96 38.95 -1.5146615734590108 0.99999905
DontCare -1 -1 -1.7887169728663306 609.55 177.21 625.46 188.29 1.486980442312212 1.6089520820142174 3.6159562786446 -1000 -1000 -1000 -1.0033188094688823 0.7184925
DontCare -1 -1 -1.6171524907138686 530.89 180.96 560.15 199.19 1.4558310139743995 1.5695855834247017 3.4949500431642915 -1000 -1000 -1000 -0.8317543273164203 0.7452322
DontCare -1 -1 1.2546965340760092 0.00 210.44 113.58 373.00 1.5075160343019676 1.6426505774916553 3.872204187452891 -1000 -1000 -1000 2.0400946974734575 0.98120075
DontCare -1 -1 -1.3431833992388587 599.15 179.19 610.65 195.90 1.4456167522637557 1.5489433550001526 3.820599107198515 -1000 -1000 -1000 -0.5577852358414104 0.9415867
