Car 0.00 0 -1.571992366751891 558.01 178.56 614.19 229.78 1.4684836644499015 1.6525449634255314 3.3757388760672 -0.77 1.39 24.63 -1.6032448755779478 0.9998412
Car 0.80 1 -1.6716753850367407 0.00 186.03 128.93 327.48 1.481844876316042 1.588426354593172 3.9526179825292016 -7.57 1.58 8.14 -2.420806834498985 0.99923694
Car 0.17 0 -1.0174003998425345 31.62 178.32 420.85 375.00 1.498618161660285 1.5371274494291687 3.6535843183622743 -3.22 1.59 6.98 -1.449626456352743 0.99999285
Car 0.00 2 -2.152168289819036 263.31 177.47 378.26 244.03 1.5926302078931045 1.6660536930622005 4.279788183175125 -7.88 1.46 20.05 -2.5266407775699564 0.97512645
Car 0.00 0 -1.4386343071844916 454.19 178.05 534.11 239.42 1.4397836480109405 1.6521633893908405 3.685094358526268 -3.32 1.44 21.55 -1.591492847892336 0.9999454
Car 0.00 0 -1.3202360729363303 394.37 182.41 450.55 216.99 1.5172477344802033 1.6183047958375358 3.7930202727542306 -8.33 1.33 32.48 -1.571290610663006 0.8976611
Car 0.00 2 -1.5474296110358576 230.76 183.77 318.35 225.31 1.5468967430113267 1.5351257689954185 3.993178518615761 -12.49 1.39 27.13 -1.9788786141293244 0.7611694
Car 0.00 1 -1.2470815638687949 499.06 182.23 542.92 215.13 1.5746883679001045 1.6429886568994665 4.352701144419708 -4.15 1.34 34.68 -1.3661807383498215 0.99987245
Car 0.00 1 -1.8469517091896872 525.88 181.92 555.90 204.04 1.4511556181876373 1.6162124045850181 3.82094703441123 -4.39 1.17 47.44 -1.9392268582735692 0.9976342
Car 0.00 1 1.5377067821708064 360.37 181.18 408.75 209.12 1.4932810835360002 1.6627728857756996 3.9639982899055863 -12.70 1.28 41.06 1.2377367099715713 0.9555565
Car 0.02 3 -1.7149715880539755 0.00 188.19 166.72 258.02 1.5149918588629376 1.599895133888855 3.2867199947462464 -12.17 1.52 16.85 -2.3404782962960615 0.9653666
