Car 0.00 0 -1.548170975470219 600.98 176.25 681.74 249.58 1.4548209164111328 1.6789760731817627 3.246601419650116 0.81 1.40 17.72 -1.5024917124371848 1.0
Car 0.90 1 -1.0628954331066947 0.00 190.99 78.19 316.30 1.5486627504049253 1.6087119349004173 4.097011761866607 -8.22 1.60 8.00 -1.8618562666927732 0.90510565
Car 0.00 0 -1.1075997809555869 134.68 189.01 400.73 326.51 1.566910896804781 1.6338327818275833 3.780067445837059 -4.38 1.52 10.01 -1.5200626279611642 0.9999478
Misc 0.00 1 -1.2189262370255332 346.57 88.62 523.90 249.51 1.6541473571030807 1.6378339075209045 3.825541297100582 -4.46 1.35 21.50 -1.4234670843463992 0.73017436
Misc 0.00 1 -1.394213960566793 520.57 142.31 562.39 197.56 1.4871414493589115 1.671027089721098 4.325172590218582 -5.11 0.82 57.43 -1.4829581412987847 0.8201065
Car 0.00 1 -0.9623075882580618 55.73 186.55 215.48 246.54 1.4987485430954408 1.6631450273753547 3.6683080961332704 -12.30 1.43 19.00 -1.5368306161164054 0.9999392
Van 0.00 2 -1.385483638444219 219.94 163.87 322.40 220.63 2.1869484854513175 1.8584162095641328 4.9508958364069935 -12.07 1.16 26.00 -1.8201086512565339 0.99626726
Car 0.00 0 -1.3527480671789984 658.49 183.52 692.09 209.23 1.4758640494017314 1.6129974939586067 3.555630879603424 3.89 1.31 41.29 -1.2588136544832795 0.99999523
Car 0.00 1 1.4602773124959807 717.36 182.56 748.23 199.28 1.529397253767253 1.606542974031105 3.654277684293785 11.14 1.20 63.89 1.6329040496612675 0.5282086
DontCare -1 -1 -1.5575135434654097 166.19 168.18 236.21 208.96 1.5143061567848932 1.6212976493598366 3.64229001303772 -1000 -1000 -1000 -0.7721153800679614 0.73406863
DontCare -1 -1 2.1954296390202384 0.00 184.89 90.91 317.58 1.4784018065600109 1.6939081766368294 3.871657407969334 -1000 -1000 -1000 2.9808278024176866 0.5699307
