Car 0.00 2 -0.9877674738552908 480.13 175.51 548.19 199.83 1.4628785367874813 1.6236995917470598 3.3255271484480287 -6.09 1.67 45.93 -1.119591609078595 0.9998952
Car 0.00 1 -1.599657599875007 646.81 172.34 680.64 201.74 1.4620534036128234 1.5740756013156318 4.082070591054954 3.12 1.65 42.85 -1.5269737305328897 0.5696509
Car 0.00 0 1.595081246518765 553.91 178.08 587.07 204.48 1.3845618370740127 1.7395539873005295 3.653625892602005 -2.13 1.65 39.12 1.540687103054894 0.9999925
Car 0.00 2 -1.2694795290615897 335.73 175.76 493.04 232.86 1.4504022825329017 1.65141885287179 3.684059353672066 -5.74 1.69 21.36 -1.5320040992430826 0.921653
Car 0.00 2 2.444547669091497 228.87 162.42 443.30 253.48 1.4924088589666795 1.6281002510996008 4.333399044476547 -6.00 1.68 16.03 2.0863924254390698 0.554538
Car 0.00 2 1.5112652714040617 671.49 182.01 732.70 224.36 1.5142557270644617 1.62881325489892 3.600169526539841 2.96 1.59 24.13 1.6333243516175766 0.6708396
Car 0.00 0 -1.7677744040873389 692.31 187.10 810.10 263.47 1.49174640363142 1.6352015270577216 3.8537078016773845 2.73 1.64 15.03 -1.5880965586053675 0.98180515
Car 0.30 0 -2.1276824037220816 0.00 181.22 308.74 327.01 1.4309878725378227 1.6524346017004394 3.5883863439188386 -6.14 1.70 8.72 -2.7411737628133226 0.99403244
DontCare -1 -1 1.5060808594014983 605.31 171.03 617.69 183.80 1.4321276847092819 1.530922062015667 3.6978880931959535 -1000 -1000 -1000 2.2914790227989466 0.94010085
DontCare -1 -1 -1.304171190657888 629.35 173.98 658.56 189.65 1.4894140031008434 1.6528394811512375 3.7849350964055444 -1000 -1000 -1000 -0.5187730272604396 0.7393726
