Car 0.92 0 1.2341957549240927 0.00 219.52 124.24 374.00 1.4621201682655525 1.5760902457596206 4.245841192208328 -5.71 1.94 5.48 0.42824641915229367 0.8971966
Car 0.00 0 1.0767692486431937 778.02 179.39 1039.21 326.67 1.4172504920332145 1.527882485902443 3.3213701417074586 3.39 1.55 9.05 1.4351765908444922 0.9999819
Car 0.00 1 2.165820256867681 236.28 189.45 408.55 278.63 1.4875629249779891 1.5705999278189087 3.9120212179944898 -5.61 1.85 14.55 1.7978176939574153 0.9999939
Car 0.00 1 -2.020379767813955 712.17 178.42 848.83 261.79 1.5934457484452438 1.5632322870851898 4.0178381820545574 3.27 1.59 14.79 -1.802784935383006 0.9881275
Car 0.00 1 1.7124083946135382 440.52 177.48 499.12 218.69 1.4720250557927799 1.6081729561747455 3.6740529408083344 -5.68 1.77 29.44 1.5218154509184663 0.99999785
Car 0.00 1 -1.6339378217842917 672.89 174.42 744.46 225.55 1.504001001250596 1.6207954466999912 3.4649588932619477 3.07 1.58 23.33 -1.50309933788356 0.9999596
Car 0.00 2 -1.9978311220791678 663.39 174.10 718.81 215.12 1.5487033895967912 1.6238913566531086 3.4278481771574403 3.16 1.60 28.92 -1.888995945654833 0.99996984
Car 0.00 2 1.7667009840395789 471.97 178.16 513.17 210.58 1.4899034056632232 1.6197472450049066 3.718936653934517 -5.60 1.72 34.51 1.6058314115141452 0.6505827
DontCare -1 -1 1.648143851259027 0.00 170.85 212.54 236.52 1.421943553146572 1.671177319502964 4.018993528686561 -1000 -1000 -1000 2.4335420146564752 0.90581197
DontCare -1 -1 -1.93823038140801 711.65 159.40 732.52 185.48 1.4979101944534492 1.5397001945139313 3.7554236521349336 -1000 -1000 -1000 -1.1528322180105617 0.9655764
DontCare -1 -1 -1.8997465829041342 788.73 158.35 839.81 181.31 1.4829181622533512 1.6730214015306377 3.894053245090046 -1000 -1000 -1000 -1.114348419506686 0.6925009
