Car 0.98 0 2.653366164365087 0.00 190.21 155.38 374.00 1.57667651062891 1.6436071314574623 4.551005916796722 -4.55 1.84 3.62 1.7546247803440131 0.74083394
Car 0.00 0 1.8666811446335654 336.83 183.42 451.51 260.32 1.381014675256462 1.6625407666624927 3.9917650093660737 -5.11 1.89 17.43 1.5814996461504645 1.0
Cyclist 0.00 0 1.3669744888928275 520.73 174.82 540.55 217.32 1.7671501855720138 0.6050787993877125 1.837638641747322 -3.60 1.95 32.55 1.2568230845700783 0.6010166
Cyclist 0.00 0 -1.7832011143353323 539.11 175.88 556.56 215.59 1.7144187181610917 0.5846327000467968 1.9739983631695175 -2.86 1.90 32.95 -1.869782296497819 0.930824
Car 0.00 0 -1.5857708668943982 459.66 183.90 513.63 218.78 1.531490011495204 1.6752401620806598 3.600220279894867 -5.68 2.00 33.57 -1.7533821177956208 0.9667804
Cyclist 0.00 2 -1.7162511656668524 546.56 175.65 560.22 203.33 1.7949555176664447 0.5461321302859974 1.963920216115799 -3.74 1.97 47.47 -1.794875354085348 0.99656314
Car 0.00 1 -1.3976423452284674 632.76 177.89 658.41 198.98 1.4578563723532867 1.6506230358691358 3.865245472766557 2.66 1.90 54.31 -1.3487033639541983 0.96741384
Car 0.00 0 -1.8025899092343192 689.31 173.86 815.94 270.81 1.5233192517241847 1.606934509492054 3.798246985428133 2.55 1.65 13.91 -1.6212817270196944 0.9999634
DontCare -1 -1 -1.4743484343078475 615.81 169.81 634.60 194.85 1.5667660016386222 1.5958254777552032 3.7625211422667886 -1000 -1000 -1000 -0.6889502709103992 0.80232084
DontCare -1 -1 -1.1100235442307333 673.10 170.85 692.93 182.35 1.4604473192064475 1.6115498237968826 3.7930391450748826 -1000 -1000 -1000 -0.32462538083328507 0.81502056
