Car 0.00 0 -1.5539840730514864 572.92 174.19 611.89 209.71 1.375689924117775 1.6661936112405205 3.7497682367787744 -0.77 1.10 34.65 -1.5762026383782055 0.9999491
Car 0.15 0 -1.1273251036789755 0.00 193.32 336.11 375.00 1.4432832006184768 1.5369681858183288 2.97148169776062 -4.62 1.56 7.89 -1.6570528335465744 0.9902705
Car 0.00 2 -1.6266750069942812 103.07 187.44 290.90 266.29 1.6474534574715805 1.7636134617687607 3.735178271435299 -8.51 1.47 15.29 -2.1345505982639477 0.9188554
Car 0.00 0 -1.4650197560575347 359.34 187.11 467.84 252.58 1.5050777591584634 1.6702801243127727 3.4816894104109193 -4.54 1.42 17.17 -1.7235184912656567 0.9999995
Car 0.00 1 -1.203670666613851 305.29 181.74 388.31 227.12 1.4136994559137535 1.6373546843142652 3.8057698068545247 -9.02 1.34 25.05 -1.5492969255664504 0.9999945
Car 0.00 2 -1.627568614729915 417.33 179.31 487.71 225.80 1.4465392757026863 1.6880640902282142 4.144625621043243 -5.39 1.30 25.27 -1.8377158744411686 0.9766307
Misc 0.00 0 -0.9524604837086539 479.65 161.76 529.55 213.98 1.4906899597315502 1.6471366409869337 3.4894122054205323 -4.60 1.22 32.18 -1.094444547796632 0.7870616
Van 0.00 1 -1.3340158621456961 491.27 158.16 540.30 207.39 2.221668641560278 1.9120883612041903 4.7769678214729305 -4.71 1.05 37.28 -1.4596912058179141 0.95967025
Van 0.00 1 -1.424735770621572 539.19 167.15 560.89 191.94 2.265310972475014 1.9248481156384183 5.348090587014007 -6.09 0.66 76.61 -1.504062495557486 0.9486743
Car 0.21 3 1.3543888787415366 0.00 180.41 161.24 261.69 1.4482337090937805 1.5881308161379242 3.4448479284868623 -12.07 1.50 16.12 0.711682287608064 0.7977946
