Car 0.00 0 -1.4768764908101897 572.73 173.45 613.41 210.54 1.499417247605176 1.7349110015393638 3.8546335735694552 -0.70 1.08 33.27 -1.4979133629258898 0.9999925
Car 0.84 0 -1.4586160788920264 0.00 196.00 108.23 312.26 1.572608735766859 1.5463255190016174 3.822884919248619 -8.42 1.58 8.80 -2.2219504597496735 0.84154236
Car 0.00 0 -1.3134996751931052 170.80 193.97 398.50 315.06 1.4880249280302238 1.6396344334544086 3.762946421407261 -4.40 1.51 10.34 -1.715820773053546 0.99999845
Car 0.00 2 -2.02614359656838 187.86 184.25 320.69 248.80 1.4919401317654561 1.4374896132112884 3.6922490914688493 -8.87 1.44 18.30 -2.477476015573184 0.9999995
Car 0.00 1 -1.2912427643921713 343.09 180.82 452.57 247.16 1.4474506083695602 1.70861865512146 4.370151655875244 -5.24 1.39 18.34 -1.5695424233972828 0.9999999
Van 0.00 2 -1.5441987766560654 354.70 171.33 427.00 220.76 2.328027620457611 1.8192809769963456 5.29685054516201 -8.38 1.27 28.00 -1.835000134379131 0.99917173
Misc 0.00 0 1.5184986601260047 446.86 157.47 512.77 224.23 1.5046339429734659 1.5390284352661514 3.293713884554901 -4.50 1.30 25.45 1.343490251335521 0.9744008
Van 0.00 1 -1.63322534883884 467.52 155.00 530.39 215.96 2.173649688728652 1.942034500286503 4.646493879908371 -4.55 1.18 30.55 -1.7810747140975955 0.8918954
Car 0.00 1 -1.6523443470385413 507.19 173.28 542.38 202.86 1.4928302805690479 1.6357974403263473 3.897642599545517 -5.25 1.05 45.78 -1.7665244524810049 0.9323003
Van 0.00 1 -1.4018652151015143 535.40 165.73 559.72 193.04 2.2536272178520775 1.905180411980076 5.423638133162307 -5.79 0.70 69.81 -1.484615224617768 0.9976108
