Car 0.00 0 1.9574064771321158 202.87 195.95 364.44 285.80 1.5457764141081285 1.5113391720415497 4.057468326889076 -6.13 1.91 13.88 1.541524220358344 0.623238
Car 0.00 1 -1.84256707231072 687.68 174.86 788.20 245.71 1.5212045739224564 1.672633114522829 3.842187816403904 2.93 1.59 17.47 -1.6763975135802134 0.9999759
Car 0.00 1 1.7994631687786917 332.08 190.98 436.59 250.11 1.6624584499566268 1.6564238548935795 3.7694542725906754 -6.00 1.89 19.51 1.5011083138402928 1.0
Car 0.00 1 1.6333093653109412 420.62 178.57 487.14 227.88 1.5632916021911811 1.660564578390255 3.827633628748455 -5.94 1.97 27.72 1.4222160320881947 0.99994814
Car 0.00 2 1.9062982956555228 455.15 181.45 505.89 217.75 1.5112778473465156 1.638633699408307 4.054883690677681 -6.14 2.03 34.44 1.7298708409569252 0.987812
Car 0.00 1 -1.640265622237001 634.68 175.12 654.55 192.55 1.505084293317647 1.6568916880251312 3.7463431303725625 3.17 1.78 66.79 -1.592839017934383 0.9999888
Van 0.75 1 -1.4441106478360037 1191.54 133.42 1241.00 194.45 2.27403707756897 1.8443202326153947 5.067401949146437 24.77 0.80 27.02 -0.7021298627112303 0.9597121
DontCare -1 -1 -1.6237027617779116 527.27 176.06 552.31 193.81 1.5117052685289096 1.605012639677658 3.982150601349869 -1000 -1000 -1000 -0.8383045983804633 0.9871594
DontCare -1 -1 1.4947996894505362 554.35 175.02 587.73 195.90 1.5395501706568908 1.6456526864977026 4.054997341834106 -1000 -1000 -1000 2.2801978528479845 0.8636458
DontCare -1 -1 0.9721681038525443 596.02 166.69 633.56 187.56 1.4942673113016796 1.6511590958298588 3.961269000671902 -1000 -1000 -1000 1.7575662672499925 0.964895
DontCare -1 -1 -2.7715810100224356 662.69 169.81 739.82 186.52 1.467329107579441 1.6889484443427467 3.9949866553173448 -1000 -1000 -1000 -1.9861828466249873 0.99254346
DontCare -1 -1 1.6011535106834511 769.98 152.10 854.40 186.52 1.4914392478583764 1.70650164715065 4.2456096281633755 -1000 -1000 -1000 2.3865516740808994 0.9942464
