Pedestrian 0.00 0 0.47697492043045564 835.03 143.71 904.60 336.19 1.689825297743435 0.7001331690040302 1.0644944129297638 2.52 1.40 6.89 0.8276092035629445 0.8982466
Pedestrian 0.00 1 0.8709201971676688 754.11 143.74 793.96 260.40 1.8114254599813175 0.5450146402505112 0.72491073289608 2.53 1.19 11.02 1.0965920983999915 0.992961
Pedestrian 0.00 1 1.8404869894173483 768.86 145.83 800.26 258.84 1.7927791079882336 0.7143108676460457 0.8619026463264727 2.93 1.18 11.09 2.0987869199107725 0.9975037
Pedestrian 0.00 0 1.3204085091736655 651.93 141.73 671.93 202.52 1.8382847099009705 0.6567111573454809 0.8092232314655685 1.63 0.64 20.88 1.3983156400040955 0.7653754
Pedestrian 0.00 1 -1.667699315645967 281.47 138.34 321.06 259.81 1.6639985232058716 0.568751497128315 0.579357874185791 -5.01 1.25 11.60 -2.0753968723923237 0.9997974
Pedestrian 0.00 2 -1.5145442942765097 479.40 152.84 500.03 209.41 1.7568142786066783 0.6679617948171568 0.792538758904686 -3.21 0.77 19.36 -1.6788552404638024 0.63986623
Pedestrian 0.00 0 1.3664601008084158 497.34 149.24 517.96 209.84 1.7694007451090765 0.7414988036540222 1.0043472913811111 -2.77 0.79 19.73 1.2269764429950778 0.94737965
Pedestrian 0.00 1 2.1574574867871146 419.60 139.99 446.11 218.90 1.8347995369139862 0.6861359755781364 0.766667116970768 -4.26 0.91 17.28 1.9157494579507315 0.9664699
Pedestrian 0.00 1 -1.5378132509675364 405.54 140.71 424.24 208.77 1.7854800889644575 0.6487460638669205 0.5655869362661743 -5.27 0.74 19.14 -1.806495160589232 0.9484342
Pedestrian 0.00 1 1.7173168967154364 619.17 141.95 636.17 195.96 1.7617327905636084 0.753862714329071 1.6334293005773926 0.81 0.54 25.31 1.7493091383270836 0.88775045
Van 0.97 3 1.5447765691813569 0.00 0.00 268.17 369.00 1.9845215077628708 1.9550646120762063 5.47077840363388 -3.16 1.65 3.69 0.8365968252669206 0.98937756
DontCare -1 -1 -1.4933362613108496 334.51 142.88 401.34 199.44 1.503155172225685 1.6614403755129719 3.8206609321163083 -1000 -1000 -1000 -0.7079380979134013 0.9981029
DontCare -1 -1 1.3906372050431113 440.38 139.79 467.13 195.32 1.5529320578841876 1.6771069013239288 4.986092345915832 -1000 -1000 -1000 2.1760353684405596 0.8281719
DontCare -1 -1 0.26969809929398103 687.04 124.38 1222.00 173.74 1.435155168530197 1.7944957905174637 4.169384645424881 -1000 -1000 -1000 1.0550962626914293 0.94320357
DontCare -1 -1 -1.3293494890120368 542.12 159.32 563.73 185.04 1.5108791947184514 1.6492968828143024 3.92577260186533 -1000 -1000 -1000 -0.5439513256145885 0.67878157
