Cyclist 0.76 0 -1.8259638408806662 0.00 197.08 202.97 374.00 1.6891123685408687 0.5301213727503014 1.4147875709856415 -3.00 1.74 3.84 -2.4891668335867596 0.95787483
Car 0.00 1 -2.143591300645147 20.24 188.79 347.49 290.41 1.464061804470272 1.5968524695099735 3.6860410292969132 -6.88 1.79 11.87 -2.668885063688635 0.9999912
Car 0.00 2 -1.6688695634391646 160.61 187.14 402.68 268.61 1.4991492725728464 1.622460580682888 2.895544247828522 -6.48 1.80 14.42 -2.091204338718884 0.97612596
Car 0.00 2 1.259603158631597 288.19 185.33 426.92 245.02 1.591555819269867 1.6464426473440075 3.821406616024771 -6.84 1.88 19.60 0.9238376779048387 0.96981055
Car 0.00 0 -1.7847357402232031 662.54 181.33 756.88 248.27 1.4500046375958633 1.6604015410603428 3.668963702522316 2.25 1.63 17.52 -1.6570102086192446 0.89182734
Car 0.00 2 0.6980220834400992 392.82 180.94 494.99 220.66 1.527251506113113 1.6999547325731659 4.1401286592111965 -6.65 1.86 28.93 0.47208173431680367 0.9655943
Car 0.00 1 -1.5597747341406087 640.24 176.87 680.87 210.72 1.5402520097611856 1.616713016545906 3.403285341464081 2.20 1.63 32.51 -1.4922062644822358 0.83808726
Van 0.00 2 1.4865057180312018 618.11 165.85 637.67 188.33 2.1960438285139716 1.8506817804729176 4.652439055794525 1.91 1.64 78.63 1.5107919251606836 0.8606583
DontCare -1 -1 -1.2717387537148337 491.85 172.94 555.43 200.06 1.5620061833231162 1.669998816466465 3.9826360960827256 -1000 -1000 -1000 -0.4863405903173854 0.67601806
DontCare -1 -1 -0.42009396950272127 537.69 167.73 591.90 187.56 1.487764664348812 1.6566745371283436 4.039687918625869 -1000 -1000 -1000 0.365304193894727 0.94416374
DontCare -1 -1 1.7446212182429175 594.98 173.98 623.15 184.44 1.4491820636956405 1.656016147947445 3.6800655146465684 -1000 -1000 -1000 2.5300193816403658 0.93310755
DontCare -1 -1 1.5049497048046927 1167.90 139.60 1240.00 373.00 1.5014187734393787 1.6405691087902927 3.8861564473585273 -1000 -1000 -1000 2.290347868202141 0.8152445
