Car 1.00 0 1.640919447937284 1050.11 172.35 1241.00 374.00 1.6196073222725105 1.6793272898258114 3.752646284304657 3.06 1.53 1.61 2.727372543970205 0.95023006
Car 0.84 1 1.0175723592427115 0.00 204.48 178.19 374.00 1.6328876767127227 1.679962898856535 3.8550707429052378 -5.82 1.98 6.35 0.2756964077393118 0.9392841
Car 0.00 0 1.8989073197033743 307.84 187.98 430.62 261.73 1.4475270736782264 1.6408048805506372 3.754546264313259 -5.71 1.93 17.47 1.5830066641638427 0.9999999
Car 0.00 2 1.7879948625948767 388.21 186.84 470.39 237.53 1.548600750398488 1.5927923985482597 3.351904349528351 -5.66 1.89 22.85 1.5451798062299773 0.99950624
Car 0.00 2 1.5283098566022257 433.88 184.90 491.61 225.75 1.6631706956593704 1.6488118574680233 3.252119319640198 -5.63 1.91 27.75 1.3281438370168794 0.8633239
Car 0.00 2 -1.4857543567803244 464.44 183.68 513.96 216.43 1.538628291693182 1.591730377888813 3.963547775648632 -5.60 1.92 33.66 -1.650613961163882 0.96450126
Car 0.00 1 2.813443020978246 787.74 153.91 899.18 196.46 1.527395312563182 1.620802595532074 3.7256919761524583 9.39 0.92 29.29 3.1236785589528866 0.9883972
Car 0.00 2 1.0618871013310294 760.30 154.87 842.77 191.87 1.516616565064193 1.6306407444836044 4.111170428000488 9.00 0.87 34.17 1.3194268830201592 0.9737936
Car 0.22 0 -1.9313350478794913 1124.78 132.00 1241.00 173.44 1.5094545133231592 1.705088838255539 3.5124724378214265 23.10 -0.01 28.47 -1.2496932567349937 0.99167776
Car 0.00 2 2.322737113633428 1079.96 131.71 1216.83 173.02 1.529644215833993 1.6786736205877208 3.554025964938202 23.15 -0.03 31.17 2.9615506762730015 0.9321593
Car 0.00 2 1.9310960630562644 1049.08 137.00 1181.55 171.89 1.405014135297985 1.65739480710639 3.638947622977295 23.78 -0.08 34.11 2.539910925666203 0.9131984
Car 0.00 2 1.4492886895921568 1022.43 141.82 1144.04 174.98 1.5742344897060108 1.7498222880722427 4.019524501763382 23.78 0.07 36.41 2.0278521959687428 0.7338174
Car 0.00 1 1.777785942950521 497.20 180.37 537.58 206.86 1.4629212174384307 1.6693718687356853 3.976650672160187 -5.28 1.87 41.37 1.6508435166332793 0.9998149
Car 0.00 2 -1.2577330330994467 665.53 170.96 706.42 202.96 1.5091153628943872 1.674079309469595 4.008107679091491 3.65 1.41 35.47 -1.1551901036065797 0.9857712
DontCare -1 -1 -1.5395851405945162 617.62 170.05 631.79 184.02 1.4954304493783426 1.4962180995108032 3.712292583786049 -1000 -1000 -1000 -0.754186977197068 0.9451307
DontCare -1 -1 1.4614584604885916 531.44 175.02 575.23 196.94 1.555613190290184 1.625454797661438 3.9561659937129403 -1000 -1000 -1000 2.24685662388604 0.98226994
DontCare -1 -1 1.6937116096403937 641.85 168.77 672.10 191.73 1.5231366128480446 1.619425385511055 4.129879253111877 -1000 -1000 -1000 2.479109773037842 0.69613904
DontCare -1 -1 2.44126691023377 734.56 167.73 789.81 188.60 1.4313526827661704 1.5965415903092766 3.7461691965685273 -1000 -1000 -1000 3.226665073631218 0.6731213
