Car 0.00 0 1.985485510030065 11.78 188.16 331.43 362.96 1.4147767875163269 1.6723392189206028 4.405554013453521 -5.01 1.84 8.85 1.4703642551329001 1.0
Cyclist 0.00 0 2.1521007577565054 453.97 171.08 494.24 246.10 1.7484577275235509 0.6445464656858635 1.9325107438887024 -3.57 1.82 18.89 1.9653148793701596 0.7145274
Cyclist 0.00 0 -1.5355180772629122 488.93 172.99 520.37 241.86 1.7525271918047522 0.6005018369465065 1.68195690498003 -2.85 1.77 19.40 -1.6813819339958305 0.9453687
Car 0.00 1 1.7313797930863242 410.17 182.87 489.56 230.59 1.4533071819512557 1.5776803784729385 3.738949829839268 -5.47 1.83 25.09 1.5167234972703774 0.6745866
Cyclist 0.00 0 -1.456395306685243 524.02 172.89 543.19 212.64 1.704550958739624 0.5540193689226103 1.705516326280918 -3.55 1.79 33.36 -1.562411197086999 0.9913884
Car 0.00 1 1.1719071427967886 503.03 181.24 546.15 206.19 1.4714774120418739 1.6691921681822681 3.9052242470310117 -5.18 1.95 44.07 1.0549037237512253 0.89414144
Car 0.00 1 -1.4552408839252333 640.43 176.50 671.08 201.66 1.4630196694104385 1.6261163905919933 3.575332926713028 2.89 1.76 45.82 -1.3922514295706245 0.9995122
Car 0.49 0 -2.0184720615532736 793.39 175.35 1241.00 374.00 1.589725889620037 1.6713013716699028 4.018279390536346 2.63 1.65 5.37 -1.5630516416433666 0.99375856
DontCare -1 -1 -0.6302669803288321 622.06 168.77 643.98 183.40 1.6158468801347923 1.6412175179184818 4.166091280184784 -1000 -1000 -1000 0.15513118306861617 0.9433534
DontCare -1 -1 -1.6135360459473471 675.19 164.60 721.07 209.43 1.4833318855433177 1.6319506794871235 4.207186060153045 -1000 -1000 -1000 -0.8281378825498988 0.9939818
