Car 0.54 3 1.4143001149084906 0.00 187.46 253.78 348.22 1.3790781650511932 1.4633407884003067 3.079258637629547 -6.27 1.67 7.56 0.7219083342096028 0.99996877
Car 0.18 3 -1.4754045764592032 0.00 179.85 306.55 301.34 1.5138788962556433 1.669065366751089 4.530712621413269 -6.62 1.63 9.98 -2.061091297162333 0.9939464
Car 0.00 0 -1.8160570273783545 702.66 190.76 818.27 269.08 1.5245712836092722 1.5189784013391876 3.5051597525701905 2.98 1.80 15.14 -1.6217117885203762 0.9998252
Car 0.00 2 -1.3575939844038825 154.61 183.09 390.71 276.82 1.5035999197332572 1.6093344718874836 3.5759239365682984 -5.76 1.68 12.46 -1.7906123226338715 0.9989844
Van 0.00 2 -1.512613964327846 231.50 172.84 417.72 261.95 2.1107676695217705 1.8861441264008714 5.155015213245201 -5.80 1.72 14.79 -1.8863407842933995 0.8610026
Car 0.00 2 1.7669176618244986 307.35 177.98 446.43 241.70 1.5369796924112749 1.613562739706173 3.8260192481205846 -6.32 1.79 19.71 1.4566257350012133 0.63363415
Car 0.00 1 -1.6893773908403258 749.86 187.63 892.53 233.80 1.5352153055189561 1.6109960333169842 4.147608893118896 6.43 1.82 22.39 -1.409721520625908 0.6907288
Car 0.00 2 1.8094609389689307 381.93 159.76 494.21 218.08 1.4627083059220027 1.7071601294638061 4.093949960671463 -6.84 1.74 28.84 1.5765929766812556 0.9955922
Van 0.00 0 1.5476577701654772 634.08 162.86 675.24 205.66 2.0953177358140564 1.9214020395731164 4.887290460819053 2.54 1.83 42.74 1.6070170600012734 0.70395446
Car 0.00 2 1.8746741274979453 437.81 179.03 524.03 207.92 1.5528905134467792 1.689498900687828 4.134589122735061 -6.86 1.82 38.46 1.6981632591500828 0.82127684
Car 0.00 2 -1.8974851528790335 464.44 174.30 539.88 205.63 1.4927508145390462 1.6548337557078743 4.399398343764343 -6.51 1.92 43.60 -2.045702100242421 0.5897043
Van 0.00 2 1.6597290272500853 624.20 163.61 652.21 196.55 2.1587365470012045 1.9277704456900788 4.830361036413955 2.28 1.89 60.16 1.697609833923412 0.9378647
DontCare -1 -1 1.5387259880688529 550.19 170.85 583.57 196.93 1.519480266031475 1.6312511891783619 3.8866441064850474 -1000 -1000 -1000 2.324124151466301 0.9886652
DontCare -1 -1 1.7691514501955847 589.77 170.85 625.23 189.64 1.455776326712818 1.6601909764768028 4.032211097084083 -1000 -1000 -1000 2.554549613593033 0.7857445
