Car 0.00 0 -1.5554211298611502 580.87 178.60 618.89 213.25 1.4548300582735252 1.668461154467001 3.6176205446348573 -0.42 1.29 35.46 -1.567264907675762 0.9999981
Car 0.60 0 1.9795656065132956 0.00 194.60 358.39 375.00 1.4418572414486122 1.5491601221920395 3.6742573251352693 -3.53 1.60 5.75 1.428978688439279 0.88338965
Car 0.34 3 -1.503156923749719 0.00 190.77 214.71 318.54 1.666343570110054 1.655081886118784 4.505905168257751 -7.60 1.56 10.35 -2.1365337678801426 0.99565697
Car 0.00 0 -1.254588977494512 300.67 187.37 401.56 241.08 1.4444764930574607 1.5937060744227314 3.1200897266493226 -7.47 1.48 21.18 -1.5936593038668594 0.99999475
Car 0.00 0 -1.4527196521547179 422.98 188.53 521.30 253.01 1.4303057495324325 1.6511730842949295 3.4034687151537324 -3.31 1.49 18.08 -1.6337896963592073 0.9999944
Car 0.00 1 -1.5656173164632659 391.96 183.01 454.34 220.15 1.5184327819204342 1.6412646577419185 4.251388775311508 -7.80 1.37 30.58 -1.815360775993302 1.0
Car 0.00 1 -1.6785307685520987 480.59 184.56 530.51 217.19 1.4909298740147066 1.6833801039220238 3.810166800521412 -4.72 1.37 33.52 -1.8184224782507874 0.9997849
Van 0.00 1 -1.4901844272997717 521.93 160.80 558.62 203.24 2.372851177596054 1.9578381726597978 5.43059143220787 -4.60 1.14 49.74 -1.582403018425421 0.99995613
Car 0.80 3 1.709028692045484 0.00 189.14 80.29 276.40 1.5378061927674722 1.5056622766615295 4.330535190306701 -11.49 1.61 12.47 0.9645092455293016 0.86469746
Car 0.00 2 1.4496146599438529 58.30 187.65 224.24 253.24 1.4611249048082542 1.7673234485746765 4.2920676042662045 -12.21 1.59 19.14 0.8817706156804129 0.9862975
Car 0.00 2 -1.5877498062935214 271.07 186.13 347.13 221.54 1.503468172979207 1.589477020567789 3.63726753195385 -12.36 1.40 29.92 -1.9794993993965864 0.99999523
