Van 0.90 0 1.692587868371282 778.80 0.00 1241.00 374.00 2.175695739232502 1.773987392530365 4.700624970549392 2.92 1.65 4.98 2.2229067020565445 0.92078125
Car 0.71 0 1.4202059964325766 0.00 157.82 184.87 370.99 1.5461216181336355 1.4671824567676925 3.3787430097685243 -6.46 1.59 6.57 0.6432496892853123 0.94339514
Car 0.36 3 -1.3273190120842795 0.00 175.32 299.29 314.94 1.5340603388665628 1.5582287453771972 3.4015959074125672 -6.41 1.59 8.89 -1.9520232840416427 0.99989736
Car 0.00 2 -1.0132250944760184 181.37 171.69 428.79 255.99 1.568184335139246 1.6864217960001373 4.13552747865776 -6.01 1.55 14.45 -1.4073772366269603 0.98968935
Car 0.00 2 -0.5144480029728751 359.52 174.25 504.16 222.91 1.522054185048343 1.649964357978239 3.8947670777664567 -5.83 1.58 23.84 -0.7542878636219432 0.7506952
Van 0.00 2 1.3618931333210806 345.44 139.70 517.44 222.41 2.256004921637974 1.8599012592887116 5.04346627911334 -6.47 1.73 26.42 1.1217294129221016 0.995526
Car 0.00 0 -1.5966529111054282 665.34 178.28 735.27 229.03 1.5654000047414016 1.6343609292717123 3.7265905906782533 2.66 1.60 22.40 -1.478456422224999 0.9867606
Car 0.00 1 -1.3834732482817511 730.19 173.00 823.27 212.41 1.4477715942828369 1.5792317905188942 3.7394460310564424 6.23 1.45 27.38 -1.1597440860188026 0.9999486
Misc 0.00 1 -1.5898051197316985 744.86 186.00 797.16 263.53 1.496146314200611 1.6498629406751537 3.7427867521868134 3.18 1.72 14.60 -1.3753463696549246 0.99173534
DontCare -1 -1 -1.4742890382793288 625.19 170.85 646.07 188.60 1.454334274288864 1.6037906848551178 3.665359841786423 -1000 -1000 -1000 -0.6888908748818805 0.56375295
DontCare -1 -1 1.1436163345959525 515.81 160.44 589.81 191.73 1.5407694376824808 1.6803189173997783 4.227112369738617 -1000 -1000 -1000 1.9290144979934007 0.8298177
DontCare -1 -1 1.7716960916903357 584.56 164.60 628.35 180.27 1.4496851268975448 1.6381576389731312 3.9972246309147264 -1000 -1000 -1000 2.557094255087784 0.80424535
