Pedestrian 0.00 2 1.4034544686463217 612.21 168.14 634.88 236.36 1.7608028705607903 0.7313552256015015 0.8154235711107158 0.43 1.39 18.78 1.4263471672547143 0.9902908
Pedestrian 0.00 0 1.9618882397797446 619.64 161.07 649.64 238.29 1.7315009938929034 0.6751095186260414 0.6135948417494201 0.61 1.33 17.36 1.9970120376403793 0.9292506
Pedestrian 0.07 0 -0.5968517223980765 875.14 152.71 988.80 373.00 1.6957429437342835 0.6854357066837025 0.856382743061533 2.67 1.56 6.09 -0.18366628741412622 0.5479716
Pedestrian 0.70 0 2.667030648389135 1111.85 115.63 1237.00 373.00 1.8633417053524208 0.7430543656733704 1.1454288778612518 3.75 1.43 4.21 3.3947040683932017 0.7509631
Pedestrian 0.00 0 1.7103178213026862 571.19 164.53 607.19 254.28 1.782201870754714 0.6639861277577352 0.6836062935898208 -0.41 1.46 14.91 1.682826425910563 0.9440049
Car 0.00 0 1.710452334084783 388.85 147.43 553.26 274.12 1.4731676358549308 1.6122704402269268 3.5502750148401643 -2.38 1.55 14.35 1.5460947957456042 0.97729194
Van 0.00 2 1.4242414693024497 500.30 156.78 587.34 238.51 2.182852731097988 1.9295865582381917 5.125241508537578 -1.55 1.45 20.97 1.3504605233012223 0.5491569
Person_sitting 0.00 2 -1.662695632376943 888.12 185.17 954.06 286.66 1.542430807259531 1.6115720488788032 3.5242822637186433 4.21 1.36 9.59 -1.2490277424236624 0.96186584
DontCare -1 -1 1.263114378848348 749.92 164.16 770.74 206.79 1.4817742597131442 1.6734886088134193 4.008804487191238 -1000 -1000 -1000 2.0485125422457964 0.95871013
DontCare -1 -1 -1.3882042179491858 978.48 182.86 1036.70 282.63 1.5191476360248786 1.6092690595151329 3.8126504478381062 -1000 -1000 -1000 -0.6028060545517375 0.7161786
DontCare -1 -1 -1.7019982496884207 847.58 179.75 886.06 256.67 1.4975645210413646 1.5960059643448734 3.7864826937542344 -1000 -1000 -1000 -0.9166000862909724 0.99498475
