Car 0.06 1 2.0368884662773947 0.00 208.80 281.51 360.22 1.4932825960038614 1.662869262761011 3.875434477008977 -5.92 1.98 9.42 1.475812021854197 0.9827419
Car 0.00 1 1.889644102254186 243.58 196.52 396.67 278.21 1.3937211934296798 1.6945203610421562 3.808621352665224 -5.99 1.96 15.33 1.5171483853344747 0.99999917
Car 0.43 0 1.2155462662365775 1039.03 133.30 1241.00 249.56 1.535981275495739 1.5493235804797554 3.5616225769148255 9.03 1.08 11.08 1.8993560157798954 0.9249569
Car 0.00 2 1.9865003685143332 991.77 135.00 1199.19 233.16 1.5427560940204572 1.6550477438331985 3.777791442476311 9.06 1.07 13.69 2.5711240357744862 0.99699616
Car 0.00 2 1.3564462969687323 909.30 144.25 1106.12 225.55 1.5048394374369096 1.6716805242658996 3.872070272579887 8.68 1.10 16.01 1.853251282591259 0.99948263
Car 0.00 2 1.8402533392098288 845.72 154.13 1015.33 218.45 1.497417655196638 1.6653904274763012 3.858706510636122 8.24 1.13 18.84 2.2525523974260775 0.99760324
Car 0.00 1 1.9262882630017142 377.89 189.17 469.01 240.85 1.4327605072228622 1.6624614924849415 3.5525832345114137 -5.83 1.98 22.88 1.6767898566403592 0.9999994
Car 0.00 1 -1.8295426229622702 698.91 176.06 804.16 246.90 1.5449078645376872 1.6510344587923431 3.746408553920784 3.18 1.57 17.11 -1.6457830937979832 0.99975675
Car 0.00 2 -1.716378585496221 679.58 173.63 748.81 229.11 1.5347182884632062 1.6147036694647217 3.564591871701279 3.14 1.62 22.67 -1.5787452386024825 0.99998176
DontCare -1 -1 1.9180126349118094 480.40 178.15 553.36 213.61 1.4971215449093294 1.6730833419324302 4.037386836610832 -1000 -1000 -1000 2.7034107983092577 0.99557084
DontCare -1 -1 -1.4226330826666693 585.60 169.81 617.93 189.64 1.510711199027152 1.7457508885027313 4.268475251399078 -1000 -1000 -1000 -0.637234919269221 0.9540428
DontCare -1 -1 -1.6880963231113295 639.77 176.06 691.89 211.52 1.4743843827216339 1.5981061340035343 3.566156344615021 -1000 -1000 -1000 -0.9026981597138812 0.9999995
DontCare -1 -1 1.765571222701345 450.19 184.40 498.15 224.03 1.5602081570594024 1.6591234833659076 4.1471018066034695 -1000 -1000 -1000 2.550969386098793 0.9483118
