Car 1.00 0 -0.7729028026249747 1084.89 208.43 1241.00 374.00 1.4520905244915199 1.6445704244734192 3.81714662735919 2.86 1.62 1.26 0.382918046058049 0.51982886
Car 0.19 0 -1.2492485205319266 0.00 213.21 353.21 374.00 1.4675733413366985 1.611590794539585 3.583127813540497 -4.20 1.91 7.58 -1.7552262004664616 0.9999995
Car 0.00 0 -1.757171587147985 712.76 183.49 868.00 294.66 1.3087651733128738 1.6089030646444702 3.235455589495697 2.64 1.66 11.45 -1.5305641022352217 0.99999774
Car 0.00 0 -1.378992841639791 346.66 184.30 473.88 270.45 1.5586254972784233 1.5978055068017387 3.5156604220495606 -4.51 2.00 16.79 -1.6414107858774631 0.94752026
Car 0.00 0 1.741355420151029 468.30 183.89 521.38 225.41 1.5808347057370853 1.640878233379259 3.9759392013178254 -4.86 2.11 30.69 1.5843018040038381 0.99999964
Cyclist 0.00 0 -1.3566192547467093 564.97 177.67 575.45 203.02 1.7083176630903338 0.5449718625455093 1.5876997067058944 -2.98 2.22 53.87 -1.4118812901827196 0.9663864
Cyclist 0.00 0 -1.8520436445858817 577.23 177.03 587.07 200.88 1.755178212689266 0.5483549886553478 1.8359610019648933 -2.11 2.08 54.26 -1.8909109021022614 0.6662233
Car 0.00 0 1.4927102560785155 510.35 184.96 544.82 209.59 1.4856339175073814 1.590081854975357 3.382120685778656 -5.30 2.27 46.72 1.3797513808357431 0.69826174
Car 0.00 1 -1.6109213578191142 635.23 178.33 655.70 195.16 1.4400525618164253 1.6064043336273575 3.521818535529175 3.31 2.04 67.53 -1.5619453018185614 0.99991775
Car 0.00 0 -1.6796475137260298 656.22 175.32 712.70 221.36 1.4778062332241249 1.577285527503624 3.566209780179062 2.71 1.72 27.30 -1.5807042609843136 0.9960652
DontCare -1 -1 -1.3518329868700842 615.21 168.35 639.98 194.81 1.4986389990715694 1.6684942722977543 3.721804754935303 -1000 -1000 -1000 -0.566434823472636 0.9048308
