Car 0.00 0 -1.7037174264576773 665.44 175.98 791.75 261.89 1.5580792765884113 1.6859890811802292 3.8026501109228517 2.21 1.57 14.76 -1.5550925287044788 0.9998254
Car 0.61 1 -0.724253193536077 0.00 187.93 365.10 374.00 1.6470495614974212 1.6247714844257974 4.167843716345825 -3.45 1.60 5.77 -1.2631420827570543 0.9936271
Pedestrian 0.00 2 2.2930534640934805 113.31 164.22 150.14 335.59 1.8681351853910637 0.5940919275668335 1.7853412745306396 -5.21 1.73 7.81 1.704755439579618 0.87814903
Car 0.00 1 2.019133106866155 160.12 189.92 332.37 252.83 1.4341783229081344 1.5774325945140266 3.4049769212828065 -9.15 1.93 18.23 1.5539507479192993 0.9912545
Car 0.00 0 1.5620821547370891 500.49 173.30 551.36 217.64 1.6008243936865043 1.7332603626610184 4.293811755381622 -3.26 1.64 28.27 1.4472726814360934 0.92645425
Car 0.00 2 -1.7236933718111853 632.90 176.49 695.02 222.60 1.5780287127761554 1.644712674683466 3.901250662408867 1.92 1.75 27.22 -1.6532736352522301 0.99990773
Pedestrian 0.00 2 -1.6916461969402175 164.32 167.68 206.66 339.26 1.8519158302251053 0.7717040087369156 0.9270796334156894 -4.61 1.73 7.73 -2.2293980206121624 0.9583558
Car 0.00 2 1.877732859053884 528.07 179.56 562.03 206.09 1.4535423222748947 1.6731209487379932 3.9167760034428025 -3.75 1.86 41.81 1.7882807528299383 0.9272795
Car 0.00 2 -1.406786755719457 619.47 170.48 649.95 202.16 1.512547239084394 1.6845064826966667 4.079217435918846 1.47 1.72 44.22 -1.3735561165239702 0.9999229
DontCare -1 -1 -1.6494950960066657 549.15 177.10 574.19 195.89 1.520747003965677 1.619509923523798 3.9718376865015412 -1000 -1000 -1000 -0.8640969326092174 0.9892153
DontCare -1 -1 1.1379366377976279 603.31 177.10 628.35 193.81 1.4895106781093788 1.6701192327500725 3.8593490403248976 -1000 -1000 -1000 1.9233348011950762 0.5834524
