Car 0.00 0 -1.5578959985312562 582.79 177.74 622.20 213.68 1.4685994352965068 1.6843244724632644 3.7990269271061803 -0.28 1.26 34.27 -1.566066228170145 0.99994874
Car 0.87 0 -2.110878483453069 0.00 178.50 101.33 324.98 1.4178895730344963 1.6202216160209322 3.6856399347410584 -7.71 1.58 7.72 -2.895628558801267 0.99052775
Car 0.00 0 -1.1873187581684927 152.31 188.64 427.35 349.14 1.5424900989799213 1.647987830704584 3.8540233589113737 -3.56 1.55 8.77 -1.5729261308648463 0.97614515
Car 0.00 2 -1.1229215125229697 128.49 186.73 315.33 272.12 1.6937545541493606 1.7172686003805542 5.8856092860327145 -7.56 1.50 14.46 -1.6046592531794583 0.9999819
Car 0.00 1 -1.4208162883904318 346.14 185.90 428.34 231.54 1.5483006335614633 1.5950079106451416 3.9917902668342973 -7.44 1.44 24.47 -1.7159806533266537 0.99991953
Car 0.00 0 -1.4351968328144888 453.89 185.25 534.01 238.62 1.3966630849806976 1.60067180476202 3.537548022471466 -3.27 1.40 21.15 -1.588592191125704 0.99994946
Car 0.00 1 -1.445105687775884 418.27 181.51 471.90 214.39 1.5155908855429303 1.648529283023014 3.9676939119921113 -7.67 1.29 34.11 -1.6662875809242814 1.0
Van 0.00 1 -1.5511886170741658 530.37 160.75 564.02 200.21 2.3344021136989213 1.9635240459894372 5.131222193890857 -4.42 1.02 53.28 -1.6339570508190149 0.9850935
Car 0.00 3 -2.1308688084271292 5.94 183.68 199.74 259.88 1.5025290999381256 1.5785216756822014 3.7134868224487687 -11.44 1.49 16.63 -2.7334368240791163 0.998946
Car 0.00 2 -1.6544216583159308 314.17 184.11 377.16 214.79 1.5120274847193074 1.677453606641426 3.7991895546541596 -12.33 1.30 33.99 -2.002412907326179 0.9992562
