Car 0.00 0 -1.5594759313997368 555.20 178.88 609.48 228.36 1.393074885365219 1.651548101818695 3.4643357565031434 -0.92 1.39 25.43 -1.595637903112434 0.9999975
Car 0.94 0 -1.2029644111779074 0.00 179.17 311.04 375.00 1.5327908288507175 1.2734900259138489 3.498446392022171 -3.20 1.62 3.62 -1.9268566728523577 0.98337364
Car 0.00 0 -1.1348064998772482 193.94 177.72 341.76 257.88 1.4792188409535598 1.68261855400218 3.6090640296564485 -7.87 1.50 16.99 -1.5685944081087537 0.999966
Car 0.00 0 -1.4878984476116042 430.73 178.45 524.01 248.89 1.463222738709898 1.7231613092781448 3.75873910089592 -3.35 1.48 19.05 -1.6619716649604208 1.0
Car 0.00 0 -1.2784816781666617 365.49 182.83 431.62 222.03 1.535091424715371 1.5782553844810867 3.653191657863655 -8.36 1.37 28.92 -1.5598840831923568 0.96130943
Car 0.00 2 -1.483877540626798 178.69 184.87 284.56 232.51 1.5766935761837673 1.644600565797224 3.423411565028229 -12.45 1.43 23.99 -1.9625827571689767 0.97104657
Car 0.00 1 1.7237743596222739 489.50 181.50 537.28 216.72 1.542550405841918 1.650384675032034 4.200322853528061 -4.22 1.32 32.45 1.594453899100251 0.5696118
Car 0.00 1 -1.9502574960377554 521.29 181.92 553.30 205.31 1.443728484567852 1.6073523417772198 3.7489118148908998 -4.38 1.18 44.97 -2.047349515753251 0.9973418
Van 0.00 1 -1.4360336075213294 540.99 167.74 562.20 194.37 2.21119227401217 1.8721718551670743 5.1535091901362415 -6.00 0.92 77.52 -1.513278983604209 0.95921737
Car 0.00 1 -1.5129934335735182 331.15 181.30 387.38 212.42 1.5540215562848758 1.7091173150302315 3.9407031928525353 -12.77 1.31 37.09 -1.8445792077561167 0.82909834
Car 0.70 3 1.4726804877307753 0.00 190.95 79.40 268.04 1.4927354570297908 1.5822436318458462 2.637347476683655 -12.29 1.56 13.95 0.7504603275404826 0.993769
