Car 0.85 1 1.0573464790966849 0.00 195.37 397.19 374.00 1.4100921753613662 1.6412844148190164 4.215222435198822 -2.81 1.64 4.26 0.4742351408895823 0.9785749
Car 0.00 0 -1.6742936308172087 659.53 173.92 758.89 242.65 1.5944748673407745 1.6488890119553947 3.830732477955618 2.28 1.54 17.92 -1.547741441234408 0.99999845
Car 1.00 0 0.5948369661953787 885.97 199.71 1241.00 374.00 1.586353578027935 1.797275840556755 4.4959332515821835 2.39 1.55 2.08 1.4494754960343244 0.9847377
Car 0.00 1 1.8135660300639014 168.37 184.68 435.71 345.34 1.4472812194196891 1.6954620026708984 3.738433839880028 -3.42 1.61 8.84 1.4444228002158273 0.9698436
Pedestrian 0.00 2 -1.7287762771036963 178.49 154.79 228.95 321.25 1.8691541342440796 0.616833982923336 0.805886325032463 -4.65 1.64 8.16 -2.2467338023695316 0.7404929
Pedestrian 0.00 2 1.4171489189055304 257.21 162.04 286.46 284.94 1.8340602307025147 0.6815705689874363 0.9861158473203087 -5.13 1.66 10.83 0.9747746959287855 0.9259048
Car 0.00 0 -1.5448339088496308 514.87 173.34 559.55 213.01 1.527991553657354 1.667909029191866 3.6308100094423676 -3.14 1.65 31.36 -1.64462884788429 0.99989736
Car 0.00 2 -1.584204171844993 635.69 171.11 689.60 212.20 1.469964579102249 1.642457845872774 3.9375720938072587 2.10 1.55 30.26 -1.5149167165262176 0.9999949
Pedestrian 0.00 2 1.4605326811459403 271.21 172.64 299.95 298.73 1.8312769992653084 0.689780468055315 1.1651133714029693 -4.65 1.78 10.44 1.0415087781763375 0.7229659
Car 0.00 2 1.4642765904453139 539.50 175.22 569.14 199.81 1.4739150818257045 1.6132265210808658 3.817866293840208 -3.46 1.63 44.99 1.3875216964389747 0.99571997
Car 0.00 2 -1.5707963267948966 624.13 168.40 652.53 197.92 1.534425478783102 1.646523085674777 3.7746579368935014 1.80 1.58 47.31 -1.532767744835389 0.985421
DontCare -1 -1 -2.090853408971105 606.44 172.94 629.40 185.48 1.4746382389037322 1.6589376174570465 4.013387547932663 -1000 -1000 -1000 -1.3054552455736568 0.65743893
DontCare -1 -1 -1.4333212981608252 558.52 173.98 579.39 186.52 1.4769684266118717 1.6338149972916984 3.7382300217972184 -1000 -1000 -1000 -0.6479231347633769 0.9773672
