Car 0.00 0 1.8901056508210043 305.29 194.62 414.57 261.07 1.5376179333595943 1.5495577596784973 3.971317509316006 -6.18 2.01 18.08 1.5607418704630878 0.99999666
Car 0.00 1 -1.7196833799269537 672.86 176.68 749.11 232.43 1.5573239441780757 1.6411381934495115 3.8545244681985165 2.90 1.65 21.70 -1.5868300064079341 0.99990237
Car 0.00 1 1.7189575443652014 380.49 192.69 460.79 240.95 1.6137927401630592 1.4878030412556076 3.300236420832672 -6.12 2.05 23.60 1.4652246281572188 1.0
Car 0.00 1 1.6131154718485217 444.76 181.03 500.02 223.45 1.5365149475453805 1.6144541271687889 3.858679858512343 -6.05 2.11 31.95 1.4259728699588294 0.9999702
Car 0.00 2 1.8288517157223563 470.49 183.59 514.31 215.93 1.45583950763628 1.6283202723325634 3.952754536770382 -6.27 2.20 38.68 1.668150250440608 0.9947009
Van 0.08 1 -1.8701618770745139 1114.36 128.58 1241.00 186.12 2.1928169522551215 1.8957295833235217 4.9350425729692455 24.67 0.55 31.36 -1.203601431870252 0.9993673
Car 0.45 3 1.0772239724781851 0.00 203.23 89.19 252.87 1.490951996651144 1.6051599786342525 3.4538474847898866 -20.82 2.64 25.34 0.3894349090046684 0.5860354
DontCare -1 -1 0.627885297932897 525.19 178.15 587.73 195.90 1.4784633111028385 1.6843108528019333 3.962756523989239 -1000 -1000 -1000 1.4132834613303453 0.6231228
DontCare -1 -1 -1.6685775453832488 631.44 176.06 650.23 189.64 1.535053268429489 1.6471343573839807 3.8380679955110932 -1000 -1000 -1000 -0.8831793819858005 0.989358
DontCare -1 -1 -2.1579152504589896 598.10 173.98 636.68 188.60 1.421643793937416 1.5952013016404056 3.93146272947649 -1000 -1000 -1000 -1.3725170870615413 0.8075864
DontCare -1 -1 1.7173773060229163 504.35 184.40 532.52 210.48 1.54185358284101 1.6625178747536087 3.559287892781296 -1000 -1000 -1000 2.5027754694203646 0.9999887
DontCare -1 -1 2.450688079991613 685.60 162.52 827.31 185.48 1.3880161646573257 1.6823116347850704 3.960972489915886 -1000 -1000 -1000 3.236086243389061 0.8893793
