Car 0.00 0 -1.535874762633119 578.00 172.90 650.42 238.87 1.3860933784215164 1.6864433430792236 3.4466018249617005 0.15 1.30 19.52 -1.5281904876544161 1.0
Car 0.00 1 -1.108353124060903 53.98 187.87 260.28 284.15 1.4629509564308834 1.625041819429531 3.544687049590149 -8.08 1.57 13.21 -1.6573004937958764 0.9999825
Car 0.00 0 -1.1098317662861685 215.30 178.19 438.37 318.55 1.5007756057946395 1.5657039575935745 3.3795374800787354 -3.79 1.54 10.37 -1.4602277781123902 0.9997918
Car 0.00 2 0.944813803830419 284.24 184.01 383.13 234.14 1.5588089417485904 1.4761684530140304 3.658392788969078 -8.60 1.40 22.84 0.5847003375128943 0.9465923
Car 0.00 1 -1.3768679807570319 419.22 177.81 500.37 234.36 1.4016933519212913 1.55087959698452 3.281501071654358 -4.44 1.35 21.87 -1.5771636115696879 0.9999975
Car 0.00 1 -1.6016579317536692 477.13 180.72 522.75 212.41 1.5952136073081207 1.6260620348812485 4.069964068137207 -4.98 1.18 33.37 -1.749800451533888 0.9446461
Car 0.00 1 -1.5524578737702708 507.34 179.91 544.12 206.20 1.5937609676091384 1.671921200370922 4.047215165697136 -4.73 1.13 41.72 -1.6653506978581405 0.8241931
Misc 0.00 1 -1.369637162485395 514.83 146.95 562.74 198.33 1.57667725941226 1.6913925029994392 4.272082703314819 -5.07 0.84 54.86 -1.4617924555357682 0.9065943
Car 0.00 2 -1.76816721359757 258.13 184.30 344.55 223.69 1.628057115134449 1.6850133680464172 4.462042646609344 -12.66 1.46 29.94 -2.1682117281038207 0.9462902
DontCare -1 -1 -1.4808652410891394 648.72 178.62 669.65 189.11 1.4833739105431747 1.6619176671565914 4.27618031402687 -1000 -1000 -1000 -0.6954670776916911 0.67810124
