Pedestrian 0.00 1 1.4523291821267943 644.74 146.18 665.68 204.20 1.8329214914146614 0.8027997966197205 1.269322645456543 1.66 0.72 21.88 1.5280524893698435 0.99751747
Pedestrian 0.00 1 -1.552578537785683 280.19 138.03 318.69 259.24 1.7449295832220268 0.663110850313015 0.5293195960829162 -5.04 1.24 11.61 -1.9621388242342812 0.99997115
Pedestrian 0.22 3 -1.809543372192655 835.21 184.06 926.30 369.00 1.7142316563430977 0.6631459798005295 0.7818619726011657 1.87 1.55 5.00 -1.4516497023549908 0.59707344
Pedestrian 0.20 0 1.6796134943750243 914.12 169.37 1021.61 369.00 1.8084706379476738 0.7995850201037598 1.2151200292417907 2.56 1.57 5.27 2.1318112220816605 0.7762887
Pedestrian 0.00 1 1.8729268769409995 601.12 146.33 636.49 213.15 1.6984168863300038 0.6395925673928928 1.0411336688110733 0.31 0.80 17.83 1.890311552726325 0.986302
Pedestrian 0.00 0 0.9522622386601309 624.96 139.04 663.72 260.10 1.744080472216363 0.7345743905094337 0.9187051845500374 0.61 1.23 11.40 1.0057200295723958 0.873063
Pedestrian 0.00 1 1.3150530318405966 622.23 137.36 656.41 244.99 1.7210732562843514 0.6742322723653984 0.7955216584513092 0.36 1.08 12.44 1.3439838642543744 0.9659905
Pedestrian 0.00 1 1.2815548936512808 571.52 140.11 610.82 259.96 1.7818943964693499 0.6863742525962067 0.8833345589945221 -0.23 1.20 11.30 1.2612037214323661 0.99338055
Pedestrian 0.00 0 1.5616744487222771 545.33 136.50 585.63 260.53 1.8346848501268578 0.6788272875633907 0.917572584540596 -0.67 1.15 10.80 1.4997168135365375 0.99944407
Pedestrian 0.00 0 1.8007336864855628 512.49 143.41 541.28 209.75 1.8067108331624222 0.6732488590565395 0.9692075369665527 -2.22 0.78 19.46 1.6871445837710826 0.9993993
Pedestrian 0.00 1 1.3127332190659384 538.94 138.86 558.70 208.43 1.7198220132294846 0.6454455479320955 0.7781723556826019 -1.63 0.75 19.70 1.2301801482658323 0.99994457
Pedestrian 0.00 1 1.5032310421254973 505.89 142.44 527.95 206.66 1.7953395521644306 0.6141117568400574 1.0014943448612594 -2.76 0.73 20.51 1.3694661119506604 0.90158474
Pedestrian 0.00 0 1.2051436165955405 480.60 142.18 502.99 210.05 1.8664315803352547 0.6307086180237007 0.9866516334721946 -3.21 0.78 19.42 1.0413312784839888 0.9939812
Pedestrian 0.00 1 1.6337012285974364 402.20 142.03 426.26 209.71 1.7407640120390606 0.6158377024617863 0.5667974171945953 -5.28 0.78 19.37 1.367580235319248 0.5618386
Pedestrian 0.00 1 1.6834706599500517 427.64 148.16 447.71 207.54 1.7288174940649224 0.720820939102478 0.8393483577082061 -4.77 0.74 19.81 1.447181219863408 0.97568035
Pedestrian 0.00 1 1.2501090923931937 452.07 140.90 473.31 208.63 1.7702561984214735 0.7040114644256306 0.4823514936277771 -4.03 0.76 19.82 1.049513698608317 0.99234515
Van 0.97 3 1.1453915099289755 0.00 0.00 267.80 369.00 2.078736997686825 2.0378245065068437 5.438197044485855 -3.16 1.66 3.69 0.43721176601453926 0.98606724
DontCare -1 -1 -1.6620405624297003 322.18 155.21 378.74 216.90 1.532043598946781 1.640390112316742 3.799161760263243 -1000 -1000 -1000 -0.876642399032252 0.9927971
DontCare -1 -1 2.1717261830952506 705.54 127.46 1221.51 160.38 1.4163675386278343 1.6396588341058635 4.041308822237053 -1000 -1000 -1000 2.957124346492699 0.99917537
