Car 0.00 0 -1.5525883557882647 555.46 179.09 610.50 229.28 1.4387641105620574 1.72531607679142 3.4312491883860017 -0.89 1.40 25.10 -1.588031674018223 0.9999832
Car 0.75 0 -1.335541964569364 0.00 179.30 367.00 375.00 1.48524335062191 1.6266328983665848 4.124227719508209 -3.21 1.61 4.94 -1.9117748667953234 0.9982747
Car 0.00 1 -1.3350321064379553 225.86 177.90 358.12 251.79 1.6509170982806396 1.6305828842060113 3.6409514268265153 -7.88 1.49 18.26 -1.7424328007032397 0.99994206
Car 0.00 0 -1.4963062117483954 440.99 178.69 528.40 245.15 1.5479601755557966 1.5950453945161247 3.6965985020027543 -3.34 1.47 20.06 -1.6612932076769613 1.0
Car 0.00 0 -1.1093089143421988 378.03 182.72 439.74 219.90 1.4443342242209625 1.6226365894736194 3.6372682770119096 -8.35 1.36 30.38 -1.3775374105479319 0.8589855
Car 0.00 2 -1.7716482887652258 201.45 184.33 299.06 229.22 1.4276375848619651 1.631790572098031 3.0640133788214112 -12.48 1.41 25.29 -2.230062834213074 0.9983039
Car 0.00 1 -1.2764158407833914 493.91 181.99 539.90 216.19 1.4827699329523754 1.6154843822778606 3.9737602492199326 -4.19 1.34 33.41 -1.4011760366193553 0.9989967
Car 0.00 1 -1.7938218722727637 523.19 181.92 554.37 204.79 1.4447167817322921 1.6143986147554064 3.555890606843033 -4.38 1.17 45.96 -1.8888351853182512 0.996682
Van 0.00 1 -1.5115142437305789 541.96 167.94 562.80 194.21 2.208729613118372 1.9226364219640923 5.075609848199087 -5.99 0.92 78.51 -1.58766273012115 0.9838044
Car 0.00 1 -1.5223249020662646 343.60 181.25 396.43 211.02 1.5267456768831622 1.6476272337795639 3.956906514369049 -12.74 1.30 38.68 -1.8405034884273024 0.97175646
Car 0.43 3 -0.9984749714520316 0.00 189.73 117.94 268.03 1.6208727139799308 1.6049478419782066 3.8668980702162767 -12.24 1.54 15.11 -1.679319765266103 0.9766228
