Car 1.00 0 1.659572527804647 981.58 165.78 1241.00 374.00 1.496742846798749 1.66626375100626 4.104118304453888 2.83 1.72 1.65 2.7025141380966966 0.899032
Car 0.36 3 -1.6322722593930106 0.00 151.16 311.03 335.52 1.5730455856589984 1.657767820423975 3.4400922824964906 -6.21 1.75 8.54 -2.2609989176230667 0.5391959
Car 0.78 0 1.0965933660652976 0.00 178.38 144.75 374.00 1.517908191662879 1.5030132525326156 3.6715093721971894 -6.25 1.73 6.26 0.31199456300918227 0.8705576
Car 0.12 3 -1.969830528893743 778.34 195.35 1107.02 374.00 1.6813939515320968 1.4883403771282577 3.830321272961893 2.86 1.70 7.08 -1.5859194956759703 0.99992955
Car 0.00 2 -1.7633562544968466 16.80 163.49 317.75 300.72 1.5919337574212264 1.5555216812254333 3.4049658646212007 -6.53 1.77 10.83 -2.3059455370960036 0.8770745
Car 0.00 2 1.9822744886067252 148.23 182.54 383.56 278.72 1.479597922769041 1.6897798099280739 4.123493211470642 -6.11 1.78 12.91 1.540233288129991 0.96429485
Car 0.00 2 1.9719104031708579 186.49 178.11 419.29 263.94 1.504880145546646 1.6640443012775326 3.9686866124496842 -6.56 1.86 15.57 1.5731582770514123 0.9980124
Car 0.00 2 0.21338470379379793 337.69 180.75 479.33 232.15 1.6044672358600807 1.7997490905882263 4.032969357572593 -6.47 1.84 23.24 -0.058139065290388425 0.9990551
Car 0.00 1 2.179151908555303 393.12 173.35 502.36 224.40 1.5378609638480853 1.5771827839971924 3.8628783329726244 -6.29 1.94 28.07 1.9587107840004294 0.9471573
Car 0.00 1 -1.6046341071513037 665.18 184.87 726.42 231.85 1.4831956814794254 1.630480006589129 3.4280555715189363 2.83 1.88 24.72 -1.49064815121251 0.9999999
Car 0.00 1 -2.057382063069616 715.97 186.67 864.58 293.00 1.5115080106823158 1.6847805225016022 3.999010386072197 2.92 1.81 12.64 -1.8303521080173022 0.9914004
Car 0.00 1 -1.369223223128591 647.25 178.64 688.54 214.60 1.5105133078812074 1.6499805536778116 3.8731568317265297 2.77 1.96 35.49 -1.2913309807095168 0.9700796
Car 0.00 2 -0.9425304690983634 435.37 179.69 527.64 213.59 1.5887962359754753 1.702603771603241 4.072776274882354 -6.35 1.96 35.77 -1.118223173540522 0.97658426
DontCare -1 -1 1.610776969292436 530.40 169.81 579.40 192.77 1.4878912422625732 1.6360582022653365 3.908014906697073 -1000 -1000 -1000 2.3961751326898844 0.9552105
DontCare -1 -1 -2.0906237522747855 613.73 172.94 636.69 187.56 1.5120693336991977 1.6095660173059845 3.8128143345342065 -1000 -1000 -1000 -1.3052255888773372 0.50827575
DontCare -1 -1 -0.91909517447022 581.44 173.98 605.44 187.56 1.5361395891575527 1.631164294919505 3.8748518751339103 -1000 -1000 -1000 -0.13369701107277177 0.53346574
DontCare -1 -1 -1.9652171889927725 628.31 180.23 660.64 203.19 1.4938785157917451 1.6401145227910423 3.888969304166832 -1000 -1000 -1000 -1.1798190255953243 0.52872777
