Cyclist 0.00 3 -2.1486142436650137 921.16 148.18 992.49 260.57 1.6832399960030173 0.5490312666802597 1.8716806872213745 5.90 1.41 12.44 -1.7057563614984552 0.6362882
Pedestrian 0.00 1 -1.6148995655265193 971.07 159.12 1006.25 242.08 1.709924449622984 0.6821295413461399 0.740600225121727 7.81 1.42 15.21 -1.1405278058011437 0.6862076
Pedestrian 0.00 1 1.2416939000275473 1006.80 157.30 1040.48 241.56 1.9078641472760391 0.7045158873584938 0.9352281024465465 8.49 1.39 15.01 1.7564525001708453 0.9807829
Misc 0.00 2 -1.5365923094239573 984.60 191.92 1026.48 239.90 1.4596980850963306 1.600841327822342 3.755332106851139 8.51 1.42 15.63 -1.0380079536215134 0.87141705
Cyclist 0.00 3 -1.5558018964391689 779.03 167.73 796.10 209.37 1.7163851219583606 0.515848302951355 1.6583549930179977 7.14 1.44 29.19 -1.3159079352542735 0.9992817
DontCare -1 -1 -2.70279057423142 1041.90 165.65 1228.40 193.82 1.4352707642881584 1.6118464090587044 3.8795013931916142 -1000 -1000 -1000 -1.9173924108339717 0.55740976
DontCare -1 -1 1.911612139144216 647.06 169.81 917.94 179.23 1.3007575277058792 1.5581062652827644 4.115380333863296 -1000 -1000 -1000 2.6970103025416643 0.8340337
DontCare -1 -1 -2.6316626826908927 812.69 179.19 917.94 195.90 1.4651406932441902 1.6112414926947498 4.115181582175293 -1000 -1000 -1000 -1.8462645192934444 0.949674
DontCare -1 -1 1.4548806036498885 483.52 177.10 498.14 186.52 1.4678710441856098 1.6271136917830848 3.6411246975288774 -1000 -1000 -1000 2.2402787670473367 0.81875175
DontCare -1 -1 -2.0498956898835043 560.60 173.98 575.23 185.48 1.4706281687884044 1.6207387757213259 3.7975321282968904 -1000 -1000 -1000 -1.264497526486056 0.763401
