Car 0.00 0 -1.5400682958450655 653.07 178.55 691.18 207.30 1.5035913850931835 1.6366790731163168 3.4844997992144013 3.19 1.73 38.08 -1.4564924231060195 0.999305
Van 0.00 2 -1.3883250514653067 435.78 164.34 544.59 207.94 2.205594917305312 1.8906300967638923 5.187572425061512 -5.73 1.63 34.76 -1.5517004328713162 0.99996614
Car 0.00 2 -0.7988476316120963 431.75 178.53 537.75 212.58 1.4953511416731786 1.6652267456711674 3.9418781047091866 -5.59 1.72 32.40 -0.9696965323019169 0.55650824
Car 0.00 2 -1.3926777551558356 375.08 179.26 511.05 226.03 1.4589212689368438 1.6671598174334907 3.6178619285450364 -5.75 1.77 24.95 -1.6191838631712454 0.8916829
Car 0.00 2 1.2387945214894156 358.60 180.92 497.93 231.55 1.4481066170899581 1.5830145732225323 3.6260578652248765 -5.66 1.77 22.53 0.9926673936346572 0.9127467
Car 0.00 2 1.6121059517052512 324.61 180.99 471.55 239.83 1.4816126603452873 1.6004099839092636 3.701778622470894 -5.87 1.78 20.11 1.3281018106133526 0.6148415
Car 0.00 2 -1.3684589425709586 190.05 182.96 386.38 262.81 1.6265778917638969 1.6416185733587885 3.926804559432068 -6.59 1.76 14.90 -1.7848759701169477 0.95681393
Car 0.00 1 2.24060578743485 110.31 185.45 376.00 276.62 1.4608133140771102 1.6952588178874397 4.17040126224617 -6.22 1.66 12.45 1.7772795151839094 0.9125114
Car 0.58 1 0.9173143068936209 0.00 195.66 234.40 354.60 1.359086990710945 1.5540150620700264 3.3345922996626283 -6.56 1.76 7.65 0.20847277268769127 0.6953519
Car 0.82 0 -1.9156958917763571 808.91 173.01 1241.00 374.00 1.5437461066810798 1.5290778347016716 3.7917290200815583 2.59 1.66 4.36 -1.3796727108317306 1.0
Truck 0.00 2 1.5697044967117275 636.83 163.79 675.97 198.02 3.1099615296902847 2.637857093521981 12.013397562715912 3.39 1.80 54.36 1.631985873277868 0.999962
DontCare -1 -1 1.7497981647637229 613.73 168.77 629.40 188.60 1.5499927870748949 1.615715458309784 4.284909950696029 -1000 -1000 -1000 2.535196328161171 0.85762584
DontCare -1 -1 -1.5778637803767364 535.60 170.85 590.85 194.85 1.4871613498596858 1.682880441910162 3.8820936830119277 -1000 -1000 -1000 -0.7924656169792881 0.9923225
