Car 0.00 0 -1.856885210671697 696.32 191.45 800.25 264.80 1.4731406051485252 1.6644809351028347 3.4787372221575166 2.94 1.55 15.93 -1.674381394076553 0.9910184
Car 0.13 0 -1.141384826102529 15.66 194.91 392.52 375.00 1.5139117575070273 1.590892873025074 3.5930406024084474 -3.65 1.60 7.30 -1.6050324351033352 0.9997454
Car 0.00 0 -1.4727054397251944 403.88 184.17 503.51 256.16 1.5085115548042964 1.6786571399034405 3.38149540325264 -3.71 1.56 17.65 -1.6798875509761195 0.9999913
Car 0.00 0 -1.6618342707541327 647.60 183.36 692.40 217.02 1.5008499737648677 1.595044262027874 3.867614552505412 2.84 1.39 33.89 -1.5782290810947228 0.5365049
Car 0.00 2 -1.3076571683075766 218.63 188.08 347.92 255.11 1.426989525911064 1.7034147374988937 3.382033812008896 -7.95 1.55 17.88 -1.726037164137105 0.9999976
Car 0.00 1 -1.473480218150888 467.58 185.46 530.64 230.89 1.4439221922127914 1.6332531732232713 3.620309131346741 -3.88 1.50 26.04 -1.6213935302058218 0.99995506
Car 0.00 2 -1.5290059941497187 358.63 187.13 428.32 227.55 1.5065695274440956 1.5909858264686012 3.4921165277586366 -8.20 1.50 27.71 -1.816717363649009 0.9993032
Car 0.00 1 1.6853747377779822 418.68 185.07 465.08 214.86 1.6425281543104362 1.5813664191128158 3.8761398439631845 -8.50 1.43 36.97 1.4593859901179056 0.9898493
Car 0.00 1 -1.3580652187254767 526.75 186.62 555.12 208.09 1.4822502959339332 1.6613673411966705 3.8668170274571563 -4.53 1.48 48.92 -1.4504020600347143 0.999877
Van 0.00 2 -1.8881427506592612 474.06 178.37 508.11 203.76 2.275770552002392 1.7465137342070771 5.279333470219421 -9.08 1.36 56.27 -2.0481285088486696 0.9888575
Car 0.00 0 -1.577464552191321 589.02 183.28 613.06 206.09 1.566234656032772 1.679174772715702 3.9608098213897134 -0.49 1.45 52.71 -1.5867604331575427 0.99999917
Car 0.00 0 0.6336719234797616 623.38 184.65 639.71 201.11 1.5602707754640293 1.652928344226017 3.798010507725277 2.17 1.41 66.08 0.6664991096559862 0.8238728
DontCare -1 -1 0.5417807857182364 546.37 178.62 572.53 199.55 1.5389406032679986 1.66313286057724 4.018352540336647 -1000 -1000 -1000 1.3271789491156847 0.5632069
DontCare -1 -1 -1.4436665634301047 572.48 182.80 594.46 201.64 1.5056775979517412 1.607679500496521 3.8056137693450833 -1000 -1000 -1000 -0.6582684000326564 0.80795467
