Pedestrian 0.00 0 -1.251916424432073 762.01 165.37 831.34 343.57 1.7828475268933726 0.6888624149647427 0.8741849992210173 1.95 1.58 7.46 -0.9962429819083409 0.8369477
Pedestrian 0.00 0 1.3145539621498923 827.56 156.99 911.23 339.13 1.7641944749656868 0.6863862480309677 1.0413121251175308 2.83 1.57 7.65 1.6688763908455497 0.80480283
Pedestrian 0.17 0 1.990174994864736 11.28 168.29 88.95 350.37 1.7971121793988896 0.7592523153212738 0.6174349007913971 -5.99 1.65 7.61 1.3233358394773784 0.9856871
Pedestrian 0.00 0 0.46381504932907625 366.62 166.72 414.29 276.23 1.7911643734577847 0.7171292509225082 0.767720167131176 -3.74 1.55 12.31 0.16885916252075167 0.62203217
Pedestrian 0.00 0 -0.9645155827191214 662.52 167.55 689.52 243.87 1.74221424520051 0.6478891986695003 0.7494146046945953 1.55 1.43 16.97 -0.8734306610099152 0.9940633
Pedestrian 0.00 2 -1.695795171954904 833.49 157.49 916.43 273.10 1.7292210007462454 0.6677793822524023 0.841995247245779 4.21 1.35 11.20 -1.336241952690203 0.60401905
Pedestrian 0.00 0 0.29407461086777253 1088.74 140.95 1177.40 294.87 1.7722158370915604 0.7312476392176819 0.9216313665518665 6.38 1.31 8.80 0.921382803143535 0.9814393
Pedestrian 0.00 1 1.2002255777504782 1009.73 150.30 1058.40 271.44 1.8055433011058521 0.7225439231184196 0.7673419458577537 6.28 1.28 10.70 1.730968852516257 0.79583853
Pedestrian 0.00 0 -1.2510405341770987 435.13 174.06 468.47 248.92 1.8519834591451836 0.688755089351244 1.0669474867889785 -3.59 1.52 16.81 -1.4614431194702102 0.8416419
Misc 0.00 0 -1.3701882968333106 416.97 202.66 456.45 252.47 1.5742293339042377 1.7162630327702904 4.321542935572662 -3.66 1.52 15.88 -1.5967111813213934 0.99318933
Pedestrian 0.00 1 2.84529169003037 402.75 172.35 434.75 249.36 1.8288239105049324 0.6246307025936317 1.1821310339281463 -4.43 1.54 16.90 2.5889293731607483 0.9798533
Pedestrian 0.27 0 2.476353542008672 1153.88 141.68 1231.54 288.02 1.7805460481349182 0.7130683790233803 0.9727544901678467 7.64 1.27 9.09 3.1752970985701316 0.6921213
Car 0.00 0 1.6333131800082068 531.43 168.00 563.17 200.05 1.537314987164588 1.5982727550627136 3.798465410374203 -3.22 1.05 43.46 1.5593571911865707 0.9997768
Car 0.00 1 -1.3421778688814978 418.06 159.00 499.75 227.84 1.5136453345237684 1.6696732521714115 3.96319302370409 -4.75 1.42 24.56 -1.5332230632931771 0.8505402
Van 0.00 2 -1.6586398864772658 462.81 163.78 515.15 216.36 2.201515955396495 1.9079197781240178 4.985352111810493 -4.81 1.38 31.27 -1.8112651839206695 0.91852695
DontCare -1 -1 1.524422158547912 4.34 174.89 71.04 339.60 1.5177831550879788 1.595954983747139 3.838392028711834 -1000 -1000 -1000 2.3098203219453604 0.9986708
DontCare -1 -1 0.9913792769101004 704.58 178.76 728.73 233.21 1.6201324764458847 1.637535563922062 3.9735426326618577 -1000 -1000 -1000 1.7767774403075487 0.98723084
DontCare -1 -1 1.8474455336716513 570.46 167.80 601.70 197.11 1.5244797131797683 1.601684588259592 3.762089157603779 -1000 -1000 -1000 2.6328436970690996 0.66834646
DontCare -1 -1 1.5503230644997696 649.13 181.99 659.09 227.42 1.4519557434885215 1.6675464876653099 3.827874736987152 -1000 -1000 -1000 2.335721227897218 0.8087968
DontCare -1 -1 -1.370873243608747 693.62 175.54 702.94 232.57 1.4513922933308792 1.5369529866339111 3.272760050498047 -1000 -1000 -1000 -0.5854750802112987 0.9999536
