Car 0.91 0 -1.87620006600884 935.77 170.85 1241.00 374.00 1.7011780295340728 1.643123788079753 4.090032877527275 3.36 1.45 3.77 -1.148242152989552 0.999918
Car 0.10 0 1.9328140775349478 0.00 199.03 313.32 359.65 1.4218506071536254 1.7083440043689155 4.119229482613601 -5.61 1.88 9.25 1.3876387475528076 0.99281436
Car 0.00 1 -1.9850698868420462 760.13 175.16 1013.14 317.21 1.5283232246345293 1.592088888651266 4.008161263667144 3.26 1.52 9.49 -1.6541799714120153 0.9463536
Car 0.00 0 1.7909967909243445 399.95 176.29 476.65 227.16 1.5620405155985069 1.6036135808290386 3.780818799637356 -5.70 1.70 24.18 1.559491243376093 0.9999852
Car 0.00 1 -1.7298324714091162 689.61 170.70 788.03 238.54 1.5195108017703902 1.6495500740320825 3.3233853151426698 3.06 1.49 18.03 -1.5617172439050135 1.0
Car 0.00 2 -1.7888952801611762 675.16 170.41 746.06 221.61 1.5668689202336978 1.6496310264529133 2.9136712720022584 3.16 1.48 23.50 -1.655228983263012 0.9984108
Car 0.00 2 -1.5281809466567378 445.38 176.87 496.60 215.57 1.5434759393154096 1.6432736043543958 3.5234303941355134 -5.60 1.64 29.21 -1.717597777039813 0.99945027
DontCare -1 -1 2.1677082935955863 138.73 161.48 313.77 220.90 1.4881288226513576 1.6771937974454307 3.875863360367813 -1000 -1000 -1000 2.9531064569930345 0.8725758
DontCare -1 -1 1.7485104213145117 716.85 150.02 752.31 195.90 1.6595481786696624 1.6638898507417583 4.198493348561325 -1000 -1000 -1000 2.53390858471196 0.9606554
DontCare -1 -1 0.9011281887677054 808.52 151.06 876.27 182.35 1.4710006829170894 1.6674216196597957 3.8876412903294946 -1000 -1000 -1000 1.6865263521651537 0.6669204
