Pedestrian 0.00 2 -1.850820199647222 663.62 145.53 684.28 202.25 1.754165693130697 0.658898251065321 0.7601690931031608 2.12 0.68 22.34 -1.7562064881371733 0.99732614
Pedestrian 0.00 1 0.7923829714444022 259.39 139.60 296.73 261.19 1.672925175577755 0.6416121050056887 0.7308234242508316 -5.48 1.27 11.58 0.35038002638926224 0.9820984
Pedestrian 0.82 0 1.3489498803999762 1049.13 121.71 1223.00 369.00 1.7564519876058948 0.49885951534778594 1.8013658640692138 2.36 1.57 2.74 2.059975668018407 0.9994838
Pedestrian 0.00 0 0.5726894895222525 799.68 138.76 883.35 330.77 1.8696526153389168 0.6862295362439823 0.9590182868549728 2.32 1.42 7.19 0.8848128821642931 0.96406984
Pedestrian 0.00 0 1.4235488037255148 723.48 147.02 788.14 336.46 1.7240989258888912 0.6073927785542679 0.6834256766149902 1.49 1.49 7.29 1.6251615236042696 0.98124456
Pedestrian 0.00 0 0.5616933862355094 917.30 138.78 1007.63 342.30 1.8156980922821713 0.6592044177737904 1.072899442703476 3.29 1.42 6.76 1.0146334925051712 0.71709025
Pedestrian 0.00 0 1.7325720200922827 1025.90 147.68 1101.90 343.11 1.7712778276208592 0.7572384904411507 1.0688503501722717 4.15 1.41 6.70 2.287136387595659 0.8876834
Pedestrian 0.00 0 -1.4725807468083243 892.66 160.69 924.66 238.02 1.814393048584814 0.6563371242296767 0.9782219869801903 7.57 1.41 17.70 -1.068439250267181 0.9181078
Pedestrian 0.00 0 1.515202255049024 503.26 143.48 568.93 324.20 1.8008874705437374 0.7131961117771339 0.8715887959832453 -0.74 1.43 7.58 1.4178853097458457 0.91911274
Pedestrian 0.00 1 1.2902495125916342 556.10 158.21 600.10 303.83 1.6109481541815949 0.5789936016586494 0.6549470094749832 -0.39 1.37 8.37 1.2436882073241633 0.975872
Pedestrian 0.00 1 1.2277221540596823 590.22 140.25 638.88 300.54 1.7569706891108108 0.612695811250515 0.9588247803757095 0.04 1.38 8.67 1.2323357314758656 0.5429841
Pedestrian 0.00 0 1.2861884097245078 634.44 163.42 678.78 294.00 1.8354322700205994 0.7120373527792168 0.9071804327676201 0.67 1.36 8.92 1.3611597370479787 0.946962
Pedestrian 0.00 1 -0.9926614920285086 663.17 143.21 708.50 284.84 1.8080644360188198 0.5642598550108147 0.5298882839987182 1.12 1.30 9.34 -0.8733170040746491 0.5365724
Pedestrian 0.00 1 1.4682664359596114 498.55 141.18 534.22 240.17 1.845571914166565 0.6608798186567497 0.820500437707653 -1.77 1.07 13.24 1.3353686090295058 0.9242905
Pedestrian 0.00 2 1.8060143748905997 564.10 146.46 607.96 238.24 1.7325598294291449 0.5782969649222565 0.9508379665920639 -0.40 1.05 13.39 1.7761502167723342 0.99880254
Pedestrian 0.00 1 1.4703918705370764 599.10 139.34 648.35 238.58 1.722038244307394 0.5585174094227028 0.9304930126080417 0.31 1.06 13.53 1.4932999097843542 0.78691524
Pedestrian 0.00 2 -1.121539400019918 661.09 141.95 706.24 235.84 1.736586041227336 0.663302892753191 1.0260450212070846 1.48 1.03 13.72 -1.0140831922407152 0.97226834
Van 0.97 3 0.7881165305760245 0.00 0.00 267.36 369.00 2.103316470526657 1.7867443436836434 5.749424455517578 -3.17 1.67 3.69 0.07837543170842065 0.9298679
DontCare -1 -1 -1.4385773251440863 305.74 148.01 376.68 235.40 1.5128433000116062 1.684343814170494 3.87878052716712 -1000 -1000 -1000 -0.653179161746638 0.9037224
DontCare -1 -1 1.4415238658573966 631.54 120.26 1057.07 156.26 1.3852862421242904 1.6427829072536373 4.0337991883383175 -1000 -1000 -1000 2.226922029254845 0.9471394
