Car 1.00 0 -0.9829370538380484 997.44 192.90 1241.00 374.00 1.440857075509281 1.620968166059389 4.251208888493576 2.78 1.60 1.58 0.07104054007828031 0.83437204
Car 0.00 0 -2.0019821981575827 772.81 178.57 1071.39 371.48 1.3721744123666 1.530291377818718 3.3638114800081635 2.93 1.64 7.78 -1.6418036729815977 0.9084476
Car 0.03 0 2.0272907773640494 23.79 200.53 354.40 374.00 1.4880156967608642 1.6970380686880493 4.019909696780243 -4.49 1.85 8.38 1.5354153740169258 0.9999608
Car 0.00 1 -1.2447105507042746 294.57 187.18 444.57 294.83 1.4874219376413536 1.5660290562273407 3.7474144791589166 -4.45 2.03 13.78 -1.5570706844677564 0.99820256
Car 0.00 1 -1.8165957639601569 691.91 183.24 798.06 262.22 1.4836193699209403 1.6319161395267987 3.6312283893452073 2.86 1.79 16.26 -1.6424849684017093 0.99989533
Car 0.00 1 -1.341195792951856 403.81 181.79 495.48 252.70 1.5659414272575092 1.6805333302081966 3.8314034195021773 -4.22 1.94 19.35 -1.5559214984062717 0.67954785
Car 0.00 2 -1.9240676621582846 672.55 181.83 752.81 234.61 1.5846925157873344 1.700020536100998 4.131240176163711 3.07 1.77 22.61 -1.789112357955716 0.9360634
Van 0.00 1 -1.6140697980907301 648.22 148.56 722.18 224.52 2.2245070668985463 1.9416960539375974 5.175119070166397 2.98 1.97 30.23 -1.5158096876449951 0.9068927
Car 0.00 1 1.465903558829103 625.60 186.27 652.50 207.85 1.467868600395174 1.618586170739069 3.601843254767456 2.03 2.43 51.62 1.505209147557298 0.8017512
Car 0.00 0 -1.991762296357427 518.51 191.67 546.65 211.19 1.4640773240296554 1.6112533316673183 3.8338492085562135 -5.87 2.79 54.19 -2.099664145437118 0.8843755
Car 0.00 1 1.7793811122563223 605.37 184.34 637.40 206.23 1.4969989437429618 1.6352288623066091 3.8924624530003453 0.87 2.64 58.58 1.794231505635402 0.6049825
Car 0.00 0 -1.6088109287109713 583.05 187.85 607.75 203.96 1.4879718947975349 1.6461990953148746 4.008303733669319 -1.47 2.99 70.81 -1.6295677269039812 0.99580485
