Car 0.00 0 -1.5100033032384257 570.35 172.44 655.92 250.37 1.4261288944451522 1.6047128283144378 3.2379653026686097 0.10 1.33 16.82 -1.504058070075288 1.0
Car 0.67 3 -1.1178004006531577 0.00 194.41 148.48 312.20 1.5221315807482612 1.6918712102533722 3.9776243438349153 -8.46 1.59 9.87 -1.826426672780828 0.99676836
Car 0.24 0 -1.0704208175328116 0.00 184.01 343.91 375.00 1.3636047694651794 1.5769193314672851 3.6013736893759156 -4.21 1.57 7.22 -1.5983230155087174 0.99974257
Car 0.00 0 -1.4466499323633055 388.33 184.67 478.15 241.54 1.4578076306550216 1.6699289970756912 3.7589097340927506 -4.69 1.38 19.60 -1.681519420076939 0.99969995
Car 0.00 0 -1.0099110762265067 300.67 179.87 395.06 230.44 1.5524772986589384 1.623112072488799 3.6932318379507447 -8.37 1.33 23.42 -1.3531513907546708 0.99997616
Car 0.00 1 -1.51425771886972 460.51 178.88 521.95 219.45 1.5167832964850974 1.6760881759883308 3.937952848278084 -4.44 1.20 27.79 -1.6726884228080818 0.9954229
Misc 0.00 1 -1.4658802236106734 485.69 134.60 556.30 207.14 1.6405562240450096 1.679980087345972 4.630148189269104 -4.62 1.01 40.57 -1.5792690133794887 0.6292462
Misc 0.00 1 1.461197675266538 544.77 152.34 573.90 192.32 1.5580732602445793 1.6101232834817314 3.4582491387949372 -5.04 0.64 76.97 1.395810963005967 0.5951085
Car 0.20 3 -1.5767164310116808 0.00 185.55 175.01 260.04 1.4571975771157455 1.5061014138819122 3.4407985677347566 -12.43 1.51 16.91 -2.2105923724580445 0.999938
Car 0.00 2 -1.9022309641030173 165.18 181.78 273.42 230.45 1.4238875884382438 1.655431173062458 3.797086952380934 -12.86 1.37 23.99 -2.3943061529003193 0.99568933
Van 0.00 1 -1.4350492070105414 381.13 171.12 430.25 204.14 2.1960185505566514 1.8880993133490516 4.744479087942886 -12.12 1.07 43.28 -1.7080921907184035 0.9975368
Car 0.00 0 1.528030109652553 663.38 180.20 684.32 194.82 1.519052493274809 1.6023519702912712 3.4543335308657075 7.02 0.98 76.08 1.62004086698786 0.87639236
