Car 0.59 0 -2.0526731173184256 822.89 178.69 1241.00 374.00 1.794885382410736 1.7078815244795227 4.145353393755951 2.96 1.57 5.30 -1.543334616672552 0.9999486
Car 0.66 0 -0.594192043938909 0.00 214.34 212.20 374.00 1.6382855552999687 1.565843357956543 4.067008139692344 -6.10 1.90 7.53 -1.275057003076793 0.5581325
Car 0.00 1 1.9484531442311148 247.80 177.26 399.30 270.12 1.5032702091901016 1.5591781430603409 3.745771991215744 -6.06 1.85 15.68 1.5796563512160033 0.99997663
Car 0.00 0 1.6480782563474516 527.34 179.43 565.75 205.18 1.5537708330719184 1.6047610410214805 3.945431629322567 -3.67 1.80 42.12 1.5611657551898754 0.9999851
Car 0.00 2 1.6063305149462561 356.62 180.59 448.51 238.80 1.4429096955625724 1.5938379310728454 3.542286770545044 -6.29 1.86 22.17 1.3298786216155523 0.99988425
Car 0.00 1 1.6124050738897662 441.09 183.76 494.08 217.70 1.4380378950206947 1.6771597818197155 3.821928760163584 -6.49 1.95 33.06 1.4185603460806804 0.9998988
Car 0.00 1 -1.5968298270043473 634.21 174.88 658.83 196.25 1.5006461165665101 1.648357159710064 3.908542318396368 2.72 1.73 54.86 -1.5472896434916394 0.9956957
Car 0.00 1 -2.5065555731442313 697.64 167.22 772.92 190.71 1.4528937417833518 1.649415626442566 3.885163877286115 8.20 1.14 47.62 -2.336031335097231 0.9998264
Van 0.00 2 -0.7340608994152884 856.29 152.02 929.42 179.22 2.0339713390102006 1.961999798760338 5.318267954343605 22.31 0.48 57.06 -0.36134413196270093 0.9599494
DontCare -1 -1 -1.7430356303837637 496.62 178.59 523.44 206.05 1.5652488734392833 1.6431145735741997 3.967469373844662 -1000 -1000 -1000 -0.9576374669863155 0.8264708
DontCare -1 -1 -1.428221688666616 587.83 169.53 603.65 185.35 1.5000001698552083 1.6127655424834633 3.899351721756258 -1000 -1000 -1000 -0.6428235252691676 0.63608176
DontCare -1 -1 1.8774474720146994 1009.60 152.72 1213.01 180.83 1.419504568335266 1.6044302650452995 3.7682211493478204 -1000 -1000 -1000 2.6628456354121477 0.67750335
DontCare -1 -1 2.104827241101537 783.84 157.24 843.00 178.23 1.4480460215179634 1.614772185003891 3.818045904986658 -1000 -1000 -1000 2.8902254044989855 0.9341198
DontCare -1 -1 1.8535726825383048 660.60 162.52 717.93 186.52 1.5119679536490154 1.6321348075480604 4.079896496735611 -1000 -1000 -1000 2.638970845935753 0.8298019
DontCare -1 -1 1.3603690276530127 612.69 171.90 628.36 185.48 1.53873567132339 1.6321521040709162 3.8274430764243985 -1000 -1000 -1000 2.145767191050461 0.84503794
DontCare -1 -1 -1.5636533727545778 559.56 173.98 578.35 193.81 1.4660509940056514 1.6122376837493324 3.8518366116435314 -1000 -1000 -1000 -0.7782552093571296 0.78323865
