Car 0.00 0 -1.9799617687847952 775.56 173.98 1112.76 370.00 1.5986696336238098 1.6363336902768755 3.7101200242863084 3.00 1.55 7.52 -1.6003728226076965 0.99998844
Car 0.07 0 2.022920952239309 0.00 203.97 288.52 343.88 1.5618378374545288 1.4081826203228378 4.7293911149130246 -6.08 1.86 9.76 1.4657965620799132 1.0
Car 0.00 1 1.965736792483602 301.89 179.23 425.08 258.78 1.4007069472043228 1.6461251315386438 3.972906658552685 -6.01 1.91 17.96 1.6428174291351483 1.0
Car 0.00 0 1.5758824325774352 537.48 178.81 572.09 202.43 1.448620297369213 1.6056533151031875 3.6726450790987397 -3.47 1.80 45.72 1.5001308979112133 0.9531089
Car 0.00 2 1.1325021545079093 384.94 179.56 464.81 231.80 1.4875181693403434 1.6203003071905517 3.664475904904404 -6.20 1.85 24.45 0.8841581194708138 0.99906296
Car 0.00 1 1.803553924956594 455.44 182.83 504.11 214.39 1.4900271113781642 1.645278404718771 3.8697789089159156 -6.34 1.94 35.29 1.6257958645099313 0.9997701
Car 0.00 1 -1.683537439503942 636.57 174.05 660.35 194.58 1.490972640347333 1.611524290657177 3.7582968716845895 2.99 1.67 57.03 -1.6311568517526984 0.99751115
Car 0.00 1 -2.1504535833981375 697.06 168.42 768.94 190.86 1.4626492600707721 1.6131026998819256 3.9143224415705586 8.43 1.21 49.81 -1.982799134925494 0.995756
Van 0.00 2 -0.6689948002484183 850.66 153.49 920.94 179.68 2.0770034189452744 1.9141931632613374 4.926958096975135 22.56 0.53 59.18 -0.30479100780253776 0.72601837
DontCare -1 -1 -1.6254982771959643 508.27 177.94 533.79 202.17 1.5313499964593362 1.5969688736559295 3.637349711857834 -1000 -1000 -1000 -0.840100113798516 0.99256366
DontCare -1 -1 1.2615984241154532 589.77 170.83 635.35 186.00 1.4338766041962814 1.669010921633377 3.9729551543817903 -1000 -1000 -1000 2.0469965875129015 0.705065
DontCare -1 -1 -2.1896222988751273 673.87 166.30 694.86 186.00 1.5193150154134643 1.6259290457428837 3.923240268729725 -1000 -1000 -1000 -1.404224135477679 0.9799169
DontCare -1 -1 -2.766843752064977 966.25 158.54 1061.63 171.12 1.4516899365751457 1.6677879274548435 4.067278282843628 -1000 -1000 -1000 -1.9814455886675288 0.74464
DontCare -1 -1 2.6870994448622287 778.66 160.48 843.64 168.54 1.4794563729135704 1.6200651705922031 4.193464683495559 -1000 -1000 -1000 3.472497608259677 0.6420272
