Car 0.93 0 -2.803824142613683 871.14 204.68 1241.00 374.00 1.5044057465909433 1.7926045500399017 4.211243139706649 2.77 1.59 3.56 -2.1425865347220867 0.62694377
Car 0.00 0 -1.7640321860697608 706.78 171.87 842.26 279.77 1.5629175457923126 1.620710156178608 3.243185060225525 2.69 1.64 12.66 -1.5546656872430238 0.9880972
Car 0.00 2 0.9480996886875968 47.13 177.73 367.10 287.12 1.5045706856815528 1.6740972690941238 4.162177519999542 -6.18 1.66 11.26 0.4461433047323805 0.9958151
Car 0.00 2 1.151545033850942 174.14 174.40 406.27 264.48 1.7887158546416473 1.6424344212473774 4.063029470048942 -6.08 1.65 13.91 0.7394740611602493 0.9999987
Car 0.00 2 -1.6799023459341864 217.74 160.94 396.76 253.21 1.4653103504149627 1.5541197799803161 4.625429766379394 -6.79 1.72 16.33 -2.0739540459957504 0.9994468
Car 0.00 2 -1.484788634875093 268.96 181.05 418.74 239.27 1.4553443793027114 1.6010511175454998 4.143242763482132 -6.93 1.65 18.88 -1.836575772048751 0.54792845
Car 0.00 2 1.2149690548565726 346.59 178.25 478.90 228.76 1.409598037955017 1.59434986046566 3.743492709599533 -5.90 1.61 21.69 0.9493803167012682 0.6097494
Car 0.00 2 1.3344874242928366 378.45 177.87 499.80 226.81 1.4031651917664718 1.6511938043595695 3.7217847575769807 -5.64 1.72 23.91 1.1028373557148319 0.9962431
Car 0.00 2 1.5694591134695823 391.68 170.65 488.58 218.53 1.5012628644524526 1.5760835625888252 3.896217560522356 -6.19 1.61 26.31 1.3383896313678498 0.91783357
Car 0.00 2 1.8823447386410574 392.32 172.07 511.53 216.04 1.5099390450684738 1.583469300782814 3.2748449017630006 -6.27 1.66 28.73 1.6674749703865597 0.99791795
Car 0.00 2 1.577319965758596 454.81 162.32 532.25 198.45 1.593583934363575 1.6900525756837272 4.425457375250854 -6.97 1.49 43.33 1.4178277179964014 0.7628146
Cyclist 0.00 0 0.9143888513234 574.95 172.72 581.93 190.90 1.82511918203722 0.5908518300562096 1.672101500483837 -2.82 1.59 64.24 0.8705191332534654 0.8382085
Car 0.00 0 1.5340010347452502 659.68 180.21 711.29 221.19 1.5856894109217834 1.521042219615116 3.4931996931658174 2.66 1.66 26.32 1.6347228727343235 0.99999225
Car 0.00 0 -2.023687378564153 627.12 174.35 650.10 192.10 1.4752357493905734 1.6050946333171272 3.695135163270035 2.34 1.57 60.19 -1.984830057312596 0.9822757
DontCare -1 -1 1.4796266938236098 531.55 166.95 566.77 191.18 1.532535922136755 1.6377056103856706 3.755676010750332 -1000 -1000 -1000 2.265024857221058 0.98579884
DontCare -1 -1 -1.207325086989675 593.01 163.07 626.29 184.06 1.5221211550576996 1.658277894622221 3.890331613026657 -1000 -1000 -1000 -0.4219269235922267 0.9242344
