Car 0.00 0 -1.5884693703290562 647.42 179.81 683.56 207.17 1.5377908594726037 1.6232210204662227 3.8114347775802995 2.99 1.81 39.91 -1.513690500834972 0.9974504
Van 0.00 2 -1.244143889346395 441.73 165.60 544.98 207.05 2.1690242677112437 1.903374583095832 5.187408229166317 -5.86 1.67 36.52 -1.403247658614764 0.9999999
Car 0.00 2 0.8931222120907645 371.80 183.18 500.64 230.18 1.4540678191749763 1.6806050010682487 3.8188124058173085 -5.84 1.87 24.30 0.6572659667116061 0.650352
Car 0.00 2 1.6649871627476553 344.24 181.48 478.26 235.48 1.5023947696952533 1.5931961902142906 3.7876379211769486 -5.99 1.82 21.87 1.3976521094560574 0.5254842
Car 0.00 1 2.0949275056507926 172.76 186.30 400.18 265.55 1.456455015000553 1.7186125733615303 3.8134055492804433 -6.29 1.71 14.22 1.6784662668397228 0.9984327
Car 0.30 3 -1.449194305637155 0.00 194.56 294.76 323.61 1.4241562116710853 1.3963295512558365 2.5579310824499513 -6.60 1.80 9.38 -2.0623488366804135 0.88349515
Car 0.32 0 -2.12107773224381 758.39 171.64 1218.60 374.00 1.5870323259203147 1.6186558616073274 4.145805793009796 2.55 1.67 6.19 -1.730308192609952 1.0
Truck 0.00 2 1.5338006700065474 631.84 165.39 669.30 198.45 3.1079403250100803 2.62778372042778 12.325179743978882 3.06 1.90 56.17 1.5882243521738701 0.9994438
DontCare -1 -1 3.1392255902250827 0.00 323.49 303.68 373.00 1.3425768617360305 1.5506582700373077 4.042691679798164 -1000 -1000 -1000 3.924623753622531 0.6606407
DontCare -1 -1 -2.665608481564794 550.96 162.42 626.29 193.76 1.479287680592985 1.65337584844841 4.078269185625114 -1000 -1000 -1000 -1.8802103181673457 0.6353529
