Car 0.00 0 -1.5535604069617133 577.73 172.48 652.76 240.82 1.4736830148665618 1.722674391484394 3.646633984647789 0.17 1.30 18.91 -1.5445706967308888 1.0
Car 0.63 3 1.544151752316628 0.00 192.74 145.76 323.73 1.6137995499937248 1.6525564447702312 4.141583459578552 -8.03 1.63 9.42 0.8382419123437297 0.84334934
Car 0.33 0 -1.085572944083486 0.00 181.06 374.21 375.00 1.5838527273206424 1.5068186961771393 3.4129904975519563 -3.73 1.60 6.78 -1.5885293860588163 0.9999212
Car 0.00 2 -1.5464476692166667 217.42 185.65 346.74 246.90 1.4489531371562194 1.6098296710015678 3.5424061288462068 -8.54 1.45 19.16 -1.9657368580255448 0.95408463
Car 0.00 0 -1.2712925533440451 379.26 179.16 483.53 248.94 1.5391960128961515 1.5348363213898086 3.40836872359375 -4.34 1.42 18.07 -1.507004971640522 0.99999845
Car 0.00 1 -1.494848378994737 463.59 181.30 516.31 217.21 1.4550481069652748 1.7035285302163505 3.824635541193285 -4.83 1.23 29.71 -1.6560099673725222 0.999
Car 0.00 1 -1.5025782297041754 499.71 179.79 541.21 208.96 1.5186574104061734 1.6199724723310613 3.8087942173109437 -4.55 1.16 37.81 -1.62234087142605 0.9999695
Misc 0.00 1 -1.3360032151129584 510.43 143.79 562.89 199.37 1.5788120072154712 1.7047170095802688 4.061502130828895 -4.85 0.84 51.17 -1.4305030045285263 0.88067454
Car 0.00 2 -1.5453674840417246 212.87 184.53 316.66 229.34 1.4980864845035982 1.6142381683648968 3.851074561137804 -12.57 1.47 26.62 -1.9865298997558938 0.9995975
Car 0.00 1 -1.395129726329122 295.40 183.27 360.75 217.64 1.5387152232049417 1.5876667306484127 3.6248158832416917 -12.92 1.40 33.36 -1.764631564290432 0.9866763
Van 0.00 1 1.5085538821902613 420.13 173.32 457.56 200.06 2.2062488081981755 1.867268680230303 5.0452490242362495 -12.40 1.03 52.97 1.278599948919383 0.9999703
DontCare -1 -1 1.4483120376851897 664.28 175.22 687.84 191.67 1.4448523450462532 1.571474357760086 3.8666753658429767 -1000 -1000 -1000 2.233710201082638 0.9270486
