Car 0.00 0 -1.3062422136452536 518.39 182.61 540.51 200.41 1.6084381270973396 1.6678023964823627 3.860251374669471 -6.38 1.17 58.22 -1.4153910265808687 0.90528166
Car 0.00 0 -1.8387033800270896 557.67 178.77 643.58 248.25 1.5425924792705488 1.6329774141968632 3.9251493384466554 -0.33 1.45 18.74 -1.8563109518718406 0.99870646
Car 0.49 0 -0.8306307355549674 0.00 200.33 204.23 364.62 1.5531849305896472 1.6837901764274978 3.8203789388165856 -6.29 1.59 8.17 -1.4867402935332552 0.98097825
Van 0.47 3 -1.5511067072537283 0.00 164.03 147.64 276.62 2.1968138050404704 1.8039857396935655 4.751763967627334 -11.48 1.52 14.41 -2.2238132367546135 0.99999106
Car 0.00 0 -1.2566849748280386 177.77 191.20 330.99 274.65 1.5054476823477458 1.6338741148547673 3.9508862664328004 -6.93 1.53 14.45 -1.7038674238397487 0.99998116
Car 0.00 0 -1.652238176265035 462.22 180.88 514.78 229.80 1.5182540611183655 1.6302496942417168 3.255186693869629 -4.26 1.43 25.49 -1.8178321462710954 0.9999981
Car 0.00 1 -1.4548749337580542 290.34 184.70 377.93 235.37 1.5097443893371534 1.6691365756751442 4.045454966031112 -8.64 1.42 22.99 -1.8143604342538022 0.99999917
Car 0.00 2 -1.5560909007352333 186.78 185.04 287.71 233.76 1.5181802726636093 1.582033588802948 3.907477123789587 -12.06 1.43 23.62 -2.028170013135178 0.9999995
Car 0.00 1 -1.4548986415055136 370.12 183.27 417.41 215.28 1.4810128066508483 1.6107013442279243 3.7286657114849473 -10.30 1.34 34.77 -1.7428953335742743 0.9999801
Van 0.00 2 -1.6838696683433394 252.31 170.31 325.53 217.26 2.238053697638712 1.9007194578727318 4.806450573557663 -14.53 1.34 32.99 -2.0987421810519518 0.9999654
Car 0.00 2 -1.5415880690005164 396.72 183.18 432.90 208.54 1.5311503525643062 1.6835016079903984 3.7770824824796105 -11.64 1.32 43.49 -1.803106172099983 0.9339427
Van 0.00 1 -1.4018251607802252 422.75 168.63 451.35 201.70 2.1339362929691887 1.890649540916605 5.082691409455287 -14.10 1.26 59.64 -1.6339809694053558 0.5656001
Misc 0.00 1 1.587009354555283 470.02 162.24 504.22 202.34 1.8476439568965148 1.625034305518999 4.350747959815063 -8.44 1.11 50.48 1.42134673654605 0.99999976
