Car 0.00 0 -1.47494945774344 572.49 173.38 656.07 249.49 1.3828083280293655 1.6469999153823995 3.7038001885042573 0.13 1.35 17.17 -1.4673782570451073 1.0
Car 0.34 1 -1.7694313387062888 0.00 192.43 201.00 306.81 1.6441115516988944 1.6018679954768562 3.2921515872106935 -8.44 1.57 11.37 -2.407988984944261 0.94597787
Car 0.00 0 -1.0832247893002371 102.24 183.61 386.14 343.92 1.5392738081334543 1.5868965231539154 3.5785213877783204 -4.22 1.56 8.97 -1.5229599895660504 0.999992
Car 0.00 0 -1.3501310805466513 406.69 184.72 487.46 236.89 1.46182657068655 1.6913892694474602 3.8541258323342587 -4.68 1.38 21.21 -1.5673019002005595 0.9999491
Car 0.00 1 -0.9452834288266043 321.01 180.83 407.06 228.14 1.4987727779714775 1.584382131016388 3.6997896303759004 -8.38 1.35 24.96 -1.2691958823293172 0.9999994
Car 0.00 1 -1.5439933753248791 469.12 179.04 526.27 217.23 1.6072622466652107 1.6804416508139515 4.511649565897979 -4.44 1.19 29.38 -1.6939816384083408 0.8459201
Misc 0.00 1 -1.4365175972369055 491.03 137.48 558.12 206.66 1.5571394119231414 1.6234741930575514 3.909877827517786 -4.63 1.04 42.25 -1.5456678563422277 0.9637788
Misc 0.00 1 1.5368003557112555 546.75 153.17 574.99 192.18 1.520326104835273 1.659141547298565 3.660565914712944 -4.99 0.65 78.71 1.473487806086928 0.9798447
Car 0.00 2 -1.5435894141581397 19.43 185.40 207.96 253.37 1.5412247650145006 1.4773396842838669 2.4629777838812257 -12.37 1.51 18.38 -2.1359735620251685 0.99039805
Car 0.00 2 0.9739200631764273 193.66 182.16 291.94 227.75 1.5632450360624504 1.7107633941532516 3.6193605234251405 -12.86 1.38 25.51 0.5069850521169394 0.58370185
Van 0.00 1 -1.4164320240404944 389.14 171.50 435.99 203.35 2.2841586391558266 1.7287375429724885 4.768708614462661 -12.11 1.06 44.79 -1.680491342971616 0.99999976
Car 0.00 1 1.3875413397934775 656.61 180.58 677.26 195.31 1.678903594967575 1.6276000545085811 3.728213774167099 6.24 1.02 75.56 1.4699377418161506 0.9887474
