Car 0.00 0 1.8324999372151236 323.16 194.37 423.96 256.75 1.4759623411862564 1.5886064351261997 4.003663661085167 -6.19 2.03 19.13 1.5195569562624331 0.99997306
Car 0.00 1 -1.7551444629814963 669.64 175.01 741.45 227.94 1.5061500429926824 1.6313601874472046 3.756747098766365 2.88 1.60 22.75 -1.6292208846930862 0.9999287
Car 0.00 1 1.7791025946524481 390.31 191.30 466.05 237.13 1.5533142577676486 1.6192684241296196 3.5723918249235536 -6.14 2.03 24.63 1.5347927638355605 0.9999999
Car 0.00 1 1.7862105230477194 449.98 180.21 502.92 221.07 1.5758114609687042 1.7463180565000915 4.279368775092163 -6.07 2.08 33.03 1.6044660621831373 0.9999919
Car 0.00 2 1.7379602352764945 473.87 182.47 516.23 213.79 1.473894730564804 1.6970868997932815 3.894358122848072 -6.30 2.15 39.74 1.5807381712842217 0.9984504
Van 0.00 1 -2.168910519280706 1098.08 128.59 1228.30 184.12 2.128270823054514 1.8974246611898375 4.916107488626289 24.65 0.49 32.44 -1.5191260510308555 0.8937546
Car 0.26 3 1.3296343396094183 0.00 203.29 108.07 252.45 1.50775022095129 1.6445526324869537 3.8881578819231177 -20.82 2.69 26.37 0.6613080353817797 0.992203
DontCare -1 -1 1.6190643469479422 517.32 170.18 650.22 206.70 1.4713407981960487 1.7115290158153915 4.234659986697235 -1000 -1000 -1000 2.4044625103453905 0.9824039
DontCare -1 -1 1.5097917626288275 739.20 154.66 819.71 182.77 1.478596285340042 1.6776585087837124 3.8480940974653746 -1000 -1000 -1000 2.295189926026276 0.53805614
DontCare -1 -1 -1.8777805725720267 688.10 163.71 723.33 173.06 1.4303020391432952 1.6214721810729646 3.735285537444153 -1000 -1000 -1000 -1.0923824091745784 0.91365296
