Pedestrian 0.00 2 1.7208134541895728 592.47 163.90 626.57 237.27 1.8164816400412274 0.5677502434042168 0.7079229919025802 0.19 1.31 17.49 1.7316763773691919 0.94338983
Pedestrian 0.00 0 1.2242060462620596 603.08 158.24 621.75 240.28 1.7600880488198054 0.6638622115638924 0.5460935054132843 0.16 1.30 16.36 1.2339856855710902 0.9976877
Pedestrian 0.14 0 1.5949063385513167 928.62 148.14 1014.62 373.00 1.7558103026266945 0.7532749454763603 0.9281278183469677 2.65 1.55 5.56 2.0396745642137573 0.9909209
Pedestrian 0.00 0 1.2096682349827628 561.14 157.41 605.14 259.46 1.760979130808617 0.622604226627655 0.6900319723198318 -0.47 1.37 13.18 1.1740232480374662 0.95238316
Car 0.00 0 1.6912371228125433 375.54 132.67 556.05 271.31 1.5023671131400775 1.5726102136732483 3.7300502379761125 -2.27 1.37 13.33 1.522562624142044 0.9996414
Van 0.00 2 -1.4621268967774252 501.01 150.83 592.98 237.19 2.1764695826103306 1.9421987259840203 4.9530387202442165 -1.38 1.34 19.97 -1.5311208691070421 0.99502856
Person_sitting 0.00 2 -1.3375021080162863 1015.71 186.63 1105.57 311.32 1.5792270641593646 1.6240285758586073 4.149530636273422 4.99 1.36 7.91 -0.7747092323070456 0.7941864
Person_sitting 0.00 2 1.1986056427147727 940.40 185.57 1017.47 298.78 1.4477864134876441 1.6147540037245893 3.745724449060955 4.48 1.36 8.64 1.6769580740934302 0.94974655
DontCare -1 -1 -1.6380607793715338 867.71 181.99 917.65 268.04 1.4699132222501945 1.576151921665802 3.8216397297904874 -1000 -1000 -1000 -0.8526626159740855 0.8236576
DontCare -1 -1 1.7954830835249762 756.16 162.00 778.37 208.72 1.5076460692851257 1.6601184897781753 3.7870355938897515 -1000 -1000 -1000 2.5808812469224245 0.7398075
DontCare -1 -1 1.3494667867806296 625.27 159.42 724.86 199.69 1.448758006450386 1.6103195466758156 3.9340287541375543 -1000 -1000 -1000 2.134864950178078 0.5921617
