Car 0.02 3 -1.355456025400434 0.00 202.16 182.85 312.24 1.5596365000872325 1.662847793913021 4.110430257521667 -8.56 1.98 12.15 -1.9692136197919718 0.9782442
Car 0.83 0 -2.225776628651891 1188.84 152.73 1241.00 247.88 1.5380977414368104 1.5495807521702194 3.8289863431231166 10.90 1.19 11.59 -1.4710491467825926 0.7849177
Car 0.00 2 -1.8544529537346701 1008.21 156.94 1189.87 256.99 1.3847655359475326 1.746604352510109 3.6960275193081285 9.09 1.38 13.88 -1.2746414073813417 0.8739489
Car 0.00 0 -1.7030623416092734 441.34 182.57 496.20 220.81 1.5356663077889394 1.611741609192028 3.1691601445303346 -5.69 1.78 28.58 -1.8995830110437075 0.9998603
Car 0.00 1 -1.3063518861916403 615.56 164.91 715.98 208.38 1.514112126902343 1.6704930097521686 4.210520045958557 2.31 1.45 30.28 -1.2302113876905922 0.9985097
Car 0.00 0 1.53524033451942 250.29 183.58 294.56 213.84 1.5567826222448062 1.6842370920540237 3.8073743564412976 -18.82 2.19 40.30 1.0983415241638266 0.9998053
Car 0.00 1 1.4955904270198683 408.25 175.15 432.33 197.13 1.5445045068679761 1.6190119136781835 3.6697087754831696 -16.19 2.00 61.39 1.237737594602006 0.5562999
Van 0.20 0 -2.4744645516064505 692.57 120.84 1229.58 374.00 2.270860783301792 1.9052593322550488 5.287745175713348 2.63 1.65 6.91 -2.1107865279796876 0.9821597
Car 0.00 0 -2.0361730913308005 537.98 189.22 681.55 272.81 1.4516012523143005 1.6426595330895328 3.7588212360964204 -0.20 1.69 14.13 -2.050326427874275 0.99949384
DontCare -1 -1 1.2602130333569388 296.09 176.00 387.59 206.05 1.428346775826664 1.6551397808553123 3.753878945611515 -1000 -1000 -1000 2.045611196754387 0.71033233
