Car 0.85 0 -1.12244908610848 0.00 186.86 396.73 374.00 1.755960241314621 1.898044183170929 4.73100842734436 -2.92 1.57 4.40 -1.7083508524106121 0.9930332
Car 0.84 0 -2.295920149483953 849.87 210.66 1241.00 374.00 1.6135298836795997 1.714344888246193 4.230546431742706 2.83 1.78 4.28 -1.711701311662822 0.9981597
Car 0.00 1 1.798834935822759 257.95 174.60 467.69 308.08 1.491376810130329 1.6255609367699766 3.8592395242407034 -3.33 1.61 10.35 1.4875552029308137 0.9998878
Car 0.00 1 1.418633253374372 726.68 194.68 953.71 341.56 1.406102508661003 1.5415885963202858 4.123605506621399 2.75 1.79 9.86 1.6906259643365353 0.9883415
Car 0.00 1 1.7642366300013403 448.79 172.79 525.44 234.00 1.5190794615826022 1.6075964265228653 3.331361489497223 -3.19 1.48 19.01 1.5979792110367776 0.99991
Car 0.00 0 -1.9277385036137442 675.51 179.09 740.30 225.31 1.5160132221697282 1.6439689148874426 3.610652910672226 3.10 1.59 23.83 -1.798376840877253 0.65507215
Car 0.00 2 1.2057557264950614 496.51 175.41 553.08 216.73 1.481152959522457 1.6228682149858618 3.5804188420401 -3.06 1.49 26.22 1.089576473095918 0.9997141
Car 0.00 0 1.1601588586953024 651.36 174.08 680.72 200.21 1.5566080290643882 1.6606700041057014 3.6408900340423966 3.35 1.61 44.00 1.2361486175096355 0.61189884
Van 0.00 2 -1.9822697202351431 641.95 161.44 670.07 193.68 2.2386230635573483 1.8500203402792645 4.830419896000671 3.54 1.57 56.51 -1.9197076911149034 0.99312466
DontCare -1 -1 1.7287713448193411 565.19 168.89 603.65 190.53 1.516141436417253 1.6186990582109833 4.091339262329139 -1000 -1000 -1000 2.5141695082167894 0.9986572
DontCare -1 -1 -1.8085014531996588 628.31 170.85 645.02 183.39 1.4645633961825084 1.62602373517169 3.766662450634041 -1000 -1000 -1000 -1.0231032898022105 0.9561489
