Car 0.42 0 -1.378960640230451 947.80 162.36 1241.00 336.23 1.5529249761073303 1.6790398054481888 3.6838120540008927 6.45 1.66 8.29 -0.7177504707133139 0.9826386
Car 0.72 0 1.588770360746656 0.00 188.69 137.68 349.48 1.4553384933440399 1.4303631775738144 2.7414660622702027 -6.79 1.58 7.09 0.8249826654553138 0.9639345
Van 0.00 0 -1.7897569249060492 674.22 133.00 794.68 244.28 2.1477107140352345 1.942712067261858 4.583125380629348 2.87 1.53 18.31 -1.6342770670885305 0.6935467
Car 0.00 0 -1.518425733843122 144.52 180.03 400.86 260.91 1.4411804083554458 1.5816372700692558 3.7075749953613664 -6.57 1.63 14.25 -1.9504329219067125 0.991824
Car 0.00 2 -1.4679205129530768 288.24 169.08 471.42 242.12 1.5248623321583878 1.6927020542980575 4.3707127143965145 -6.06 1.74 19.31 -1.7720138933848721 0.9072086
Van 0.00 2 1.6776032830264906 641.82 150.54 695.58 208.28 2.2824211190571404 1.959668243870659 5.547639069908905 2.76 1.62 35.73 1.75469620157256 0.99798965
Car 0.00 2 -0.6922634402897696 423.46 173.62 499.82 208.12 1.453863852080555 1.639938066965475 3.6608308573589707 -7.08 1.64 34.47 -0.8948420334796512 0.8295806
Car 0.00 2 2.0314197401192526 441.13 172.79 526.21 207.02 1.5104075524775695 1.579918577587738 3.743118705354729 -6.49 1.71 37.19 1.8586502547884733 0.66603774
Van 0.00 2 -1.3140049437668662 484.51 159.76 561.13 197.25 2.1434792573680497 1.8686133125876618 5.558703807944107 -6.87 1.88 57.18 -1.4335786863843123 0.8125326
DontCare -1 -1 -1.3454724113133292 563.90 164.36 639.23 198.29 1.4519598338572692 1.6745286092819118 4.066505121193924 -1000 -1000 -1000 -0.5600742479158809 0.7091488
