Car 0.73 0 1.6898028711464743 0.00 160.43 180.97 374.00 1.6104571301309776 1.557969822800293 3.576406644784012 -6.58 1.65 6.53 0.9005908437083103 0.7803088
Car 0.27 3 -1.4896951476719718 0.00 181.20 238.95 318.30 1.4696468416421127 1.5824935280443573 2.985796110831299 -6.73 1.71 9.25 -2.1186842485332447 0.9991098
Car 0.00 1 0.5682365457203726 154.15 172.07 397.83 257.96 1.5285119171074044 1.6720265404046917 4.426838593684234 -6.50 1.58 14.17 0.13815841066451007 0.99638784
Car 0.00 1 -1.702414915957723 282.96 164.62 450.65 241.04 1.407171421107502 1.605319387531414 3.8825001960025216 -6.36 1.71 19.01 -2.025269745027765 0.9936266
Car 0.00 0 -1.782102988162313 690.25 183.87 798.25 260.92 1.4224433604447555 1.6598835543455028 3.3620116879568482 2.75 1.71 15.73 -1.60902695699246 0.99990785
Car 0.93 0 -1.8213406960156302 892.29 194.34 1241.00 374.00 1.402036294695587 1.6474560455144787 3.755944417916336 2.92 1.69 3.56 -1.1343886918308148 0.9997863
Car 0.00 1 -1.5281739505615572 656.16 173.73 714.73 222.71 1.5516095667897176 1.6561683111549759 3.620348410807648 2.67 1.72 26.54 -1.4279084391119123 0.9899625
Car 0.00 2 -1.7432090799000601 369.24 175.99 495.91 221.78 1.5070088285772514 1.603304914450779 3.686352567873993 -6.53 1.74 26.71 -1.9829835913675011 0.54991937
Car 0.00 2 1.0612663189556937 648.24 179.20 693.49 211.47 1.5416843745677185 1.6873061054111862 3.682574989400902 2.66 1.66 32.66 1.1425321412125435 0.9971731
Car 0.00 2 -1.5904192301121096 640.42 175.24 672.45 204.78 1.467784274723978 1.6141624257625484 3.370403098069229 2.63 1.78 41.75 -1.5275083455394634 0.86200404
DontCare -1 -1 1.0947491387513022 499.21 163.71 635.35 209.29 1.4878316972224426 1.5563165017129326 4.157828318081894 -1000 -1000 -1000 1.8801473021487505 0.9872478
