Car 0.00 0 -1.5778553416628878 559.84 178.18 617.21 230.49 1.3896719667880248 1.7222248085500145 3.485199766360321 -0.68 1.38 24.15 -1.606005253707045 0.9999931
Car 0.46 0 -1.3876650194313864 0.00 184.94 195.43 326.92 1.4546170387236785 1.666168093001976 3.3344967534170533 -7.58 1.57 9.78 -2.047007027462084 0.98613214
Car 0.00 0 -1.1273819069054465 191.63 178.22 453.98 349.05 1.5106478970317554 1.6120458685518646 3.8660912142471457 -3.23 1.57 8.93 -1.474443510444937 0.87781197
Car 0.00 2 1.4762285287168364 288.92 177.86 392.86 239.47 1.4749949876038742 1.5742692866088295 4.000631706915893 -7.87 1.45 21.50 1.1253305039358323 0.7706695
Car 0.00 0 -1.4763649711993079 465.38 177.79 539.00 234.98 1.4653778750269126 1.6642189019085312 3.7859495674596215 -3.30 1.42 22.96 -1.6191155800407646 0.9999975
Car 0.00 1 1.6708194921400885 407.78 182.23 459.64 214.74 1.4850863706140232 1.6171498440863037 3.7006592174396897 -8.29 1.32 34.42 1.4344725253018358 0.780992
Car 0.00 2 -1.3603128204729895 255.45 183.62 335.37 222.61 1.535085270535798 1.652793306177988 4.225840794049301 -12.42 1.38 28.76 -1.7679709673767077 0.7094611
Car 0.00 1 1.8473901013520102 503.36 182.23 545.43 213.98 1.584565922972412 1.66144147447361 3.8930074406192685 -4.13 1.34 35.87 1.7327568795982031 0.6755853
Car 0.00 1 -1.4700718681004386 528.18 181.92 557.21 203.39 1.5137206440611195 1.6388890289427185 4.041918667160072 -4.39 1.16 48.82 -1.5597528302153867 0.99744356
Car 0.00 2 -1.9413960436966757 53.17 187.46 200.65 250.80 1.5173550815141212 1.6854320012689972 4.448809461794891 -12.15 1.50 18.37 -2.5257467304730024 0.98576945
