Car 0.00 0 -1.4330406049874167 574.12 177.34 617.51 216.90 1.4707294594316196 1.6610733524621868 3.6099545677528764 -0.55 1.27 31.30 -1.4506106817427638 0.99999833
Car 0.95 0 -0.8843569318440299 0.00 176.80 329.38 375.00 1.5060590788541746 1.579006894743576 3.63234690030674 -3.11 1.62 3.57 -1.6010013597419626 0.99972576
Car 0.00 1 1.578013991532151 21.00 189.44 245.09 281.20 1.5009493868617725 1.6760678731562042 4.042676689230003 -8.57 1.51 13.36 1.0076607260909527 0.99868053
Car 0.00 0 -1.0082420269635062 247.07 176.64 368.96 244.92 1.4598945606319618 1.4690337472320938 3.6766036023722077 -7.98 1.43 19.46 -1.3974008457504306 0.99999654
Car 0.00 0 -1.4991516257312636 394.33 183.68 500.21 253.96 1.5187850006675732 1.6286329359473133 3.69094327291111 -3.77 1.46 17.32 -1.713475965481301 0.9999994
Car 0.00 2 -1.6205953891065459 356.18 181.95 433.19 225.18 1.5525444023130845 1.6881792762042427 4.38075550099472 -7.73 1.34 26.31 -1.9063587175621621 0.99995184
Car 0.00 0 -1.5415187581118683 493.31 183.51 546.41 220.17 1.3465585265128326 1.5827194333733463 3.206352787219086 -3.58 1.32 29.64 -1.6617192273298673 0.9999827
Car 0.00 2 1.6464570025589804 460.29 180.39 498.11 205.18 1.5293193067243707 1.6169035446555757 3.9077421483920003 -7.92 1.16 44.44 1.4700908469553085 0.96893364
Van 0.00 1 -1.6767973537233214 533.97 163.83 562.22 197.55 2.322292774461708 1.943080062613411 5.19969980215435 -5.07 0.98 61.83 -1.7586133384055895 0.99995196
Car 0.53 3 -1.8796840171006064 0.00 186.46 121.31 268.83 1.562895708140583 1.66591950810565 4.058227600656547 -12.11 1.55 14.68 -2.569443528003688 0.94465405
Car 0.00 2 -1.0673309127476553 128.54 184.35 254.00 239.34 1.5496114738105249 1.670172485774889 4.00956352254013 -12.28 1.45 21.42 -1.5878836371385323 0.98242444
