Car 0.00 0 -1.824484453597341 790.27 157.49 1073.22 328.20 1.4897442463605117 1.6211875074268722 3.4888005425558473 3.96 1.65 10.10 -1.450824939706059 0.9796627
Car 0.82 1 -1.075151757397924 0.00 202.21 248.39 374.00 1.5671188015310478 1.5753798478008652 3.85735381768188 -4.61 1.76 5.51 -1.771850465943213 0.9122375
Car 0.00 0 1.7536800215628485 502.44 179.93 553.92 215.11 1.6041732508508872 1.594750806009903 3.691991539798775 -3.63 1.79 32.25 1.6415936466049161 0.99999964
Car 0.00 2 -1.7314800331976752 746.87 182.92 858.34 255.09 1.510420482028873 1.6425420877249384 3.82664776419858 4.15 1.65 16.26 -1.4815874047097863 0.9999155
Car 0.00 2 -2.0670293728497366 720.85 176.26 796.25 233.39 1.540882161241622 1.623855927279725 3.7184945215807343 4.40 1.71 21.96 -1.869283550317157 0.99915063
Car 0.00 2 -1.5050902600076537 708.30 177.13 762.96 219.54 1.5046421106724452 1.555725178933277 3.298160987101593 4.62 1.65 27.14 -1.3364780827673721 0.9709995
Car 0.00 2 -1.7212674180653433 698.02 176.16 743.20 211.46 1.5445997625409078 1.6301179987104082 3.6186570694075013 4.90 1.66 32.54 -1.571806471269217 0.9995772
Car 0.00 0 -1.647282057502542 580.31 176.00 604.84 194.41 1.4781579192547512 1.5931674682260895 3.6512778272257234 -1.42 1.73 59.17 -1.6712760998361877 0.9243146
DontCare -1 -1 -2.736856893697057 629.88 167.59 676.75 187.94 1.4947081006883096 1.632233857429161 3.7058322151527787 -1000 -1000 -1000 -1.951458730299609 0.94591844
DontCare -1 -1 1.7685201028969626 680.40 176.06 707.52 205.27 1.5197021852998447 1.6756928817094707 3.793158264957466 -1000 -1000 -1000 2.553918266294411 0.99777645
DontCare -1 -1 -1.5763421427134912 555.40 175.02 587.73 203.19 1.4819883223442745 1.6667376563609981 3.9034335819409276 -1000 -1000 -1000 -0.7909439793160429 0.9985746
