Car 0.00 1 2.8283763686802725 951.74 140.77 1110.08 191.07 1.468427766468973 1.639897539532318 4.191142069302597 13.67 0.30 22.86 3.367314960884002 0.9957616
Car 0.00 0 -1.459549599387918 511.94 173.82 552.76 204.59 1.6003066751925659 1.6210534714819336 4.505474345885315 -3.73 1.17 36.84 -1.560454378409339 0.99969566
Cyclist 0.00 0 1.5354067208853106 657.19 166.05 688.69 196.15 1.6908699418772315 0.565470047032733 1.5332187666023636 4.00 0.91 41.68 1.6310829991508988 0.96680206
Cyclist 0.00 0 1.237972573437963 599.49 166.92 629.40 196.91 1.7677740897406196 0.5381357536821556 1.7346737822914982 0.60 1.02 44.76 1.2513765963602927 0.9714855
Cyclist 0.00 0 -1.4871581504729132 373.19 177.57 400.45 214.10 1.7807968068290805 0.5639321447520447 1.6871073274339103 -10.47 1.57 33.97 -1.7861327898972081 0.91115445
Pedestrian 0.00 0 0.8362162272122244 550.12 168.64 565.46 199.07 1.797016227096672 0.6502618248847198 0.7314073858568573 -2.53 1.10 42.50 0.7767569854436567 0.9906777
Pedestrian 0.00 1 -1.490663276114736 446.55 174.56 460.55 207.81 1.7373436684164953 0.6804234999504757 0.93499224314188 -8.58 1.58 41.32 -1.6954013938493442 0.9583339
DontCare -1 -1 1.8831280032780509 824.74 152.62 941.68 183.50 1.4757709991006565 1.6327090452150845 4.046388836704292 -1000 -1000 -1000 2.668526166675499 0.9412692
DontCare -1 -1 1.5912200334158282 1176.00 136.69 1212.61 159.28 1.442096099611969 1.5992027179063701 3.485922174654999 -1000 -1000 -1000 2.3766181968132765 0.5721265
DontCare -1 -1 -1.7479687939074378 357.13 179.88 368.46 207.66 1.517950153798462 1.6827859275699997 3.945259446404972 -1000 -1000 -1000 -0.9625706305099895 0.7975257
