Van 0.86 0 -0.4576628963139395 767.87 0.00 1190.93 374.00 2.1905964883161104 2.0077263066624833 5.245053065770912 2.97 1.55 5.14 0.06628886418079061 0.50160235
Car 0.00 1 -1.3707973221924643 708.85 155.35 860.79 279.10 1.5455681163637351 1.5157539688707733 3.409654306374588 2.79 1.56 12.63 -1.1533862372903403 0.98464984
Car 0.00 1 -1.739135787883077 683.97 177.02 780.24 246.96 1.5102763738302898 1.685772135174408 3.444397049151459 2.87 1.65 17.94 -1.5805022657723278 0.8714427
Car 0.00 1 -1.679645867147718 638.72 180.38 698.33 222.69 1.477839935925455 1.5729215585352325 3.509675787888565 2.07 1.74 26.75 -1.602416597829678 0.9769042
Car 0.00 0 -1.4808420101788382 38.81 197.84 141.73 258.54 1.5298729095427703 1.6622357138158226 3.925424056254425 -14.85 2.25 20.75 -2.1020026576407136 0.6258998
Misc 0.00 0 -1.7775604734804968 204.54 197.97 243.18 247.50 1.5149234057223808 1.6163378742249155 3.6589810421095277 -10.94 2.01 20.40 -2.2698048459601483 0.715481
Cyclist 0.00 0 1.6831367249276976 490.32 177.88 505.16 215.68 1.7673594239522075 0.5743028649299335 1.8752194149816894 -5.40 2.00 34.55 1.5280958367915303 0.99863064
Car 0.00 0 -1.5744989046969007 442.41 187.53 488.03 224.37 1.5211834552517545 1.6295510924146914 4.434576230250396 -5.93 1.96 29.18 -1.7749900220699613 0.9829009
Car 0.00 1 -1.4638094837453703 603.56 175.69 657.62 214.53 1.5012388624070596 1.6341788268373751 3.8401063141749288 0.87 1.84 33.63 -1.4379454933496452 0.9882868
Car 0.00 0 -1.784718052544866 569.73 181.76 607.11 206.57 1.528011341468097 1.5969908305169487 3.9306341057048226 -1.43 2.06 45.78 -1.8159442470386995 0.79679257
Cyclist 0.00 0 0.9996924559262137 508.25 178.23 523.92 212.76 1.7934547099639033 0.6013652176766586 1.9972313000286483 -4.80 1.97 36.54 0.8690774462222536 0.94813037
DontCare -1 -1 -1.6182332197811942 530.26 178.59 568.72 203.47 1.4887039515940856 1.6523864262462997 3.6476939042435075 -1000 -1000 -1000 -0.8328350563837459 0.99192387
