Car 0.46 0 2.3200055519726615 0.00 208.61 258.85 374.00 1.4426804635493469 1.6551044353009605 4.251281635962524 -5.83 2.02 8.22 1.703101306712389 0.95632607
Car 0.00 1 1.989172057309423 195.37 198.73 374.17 292.66 1.530701335874052 1.6982595392228508 3.504711466036835 -5.98 1.97 13.68 1.577068434755871 0.99893576
Car 0.00 2 1.8603235046055655 320.55 194.08 425.39 259.89 1.5630550909607124 1.6237230200977468 3.605539100371399 -5.97 2.01 18.45 1.5473789848078092 0.98890066
Car 0.00 1 1.6525460491564612 389.72 189.78 467.82 237.00 1.561049577203245 1.6597585075260544 3.8995780182407285 -6.08 2.01 24.48 1.4091058463542838 0.99999976
Car 0.00 0 2.7285821000721793 849.15 147.13 1016.85 209.21 1.509117881190629 1.6669057489098453 3.974238971375027 8.97 0.97 20.32 3.1442922641680275 0.982127
Car 0.00 2 1.6781615103271346 839.73 147.63 949.57 204.87 1.5876971859304618 1.6933566548587227 3.97451123794178 8.93 0.97 22.87 2.0504236146550214 0.9438272
Car 0.00 2 1.4862081865456442 801.52 151.77 917.11 202.42 1.456231654044838 1.6861053251387024 3.6911843587980653 8.61 0.99 25.19 1.8155613504618384 0.99911016
Car 0.74 3 -1.265987859168325 1188.96 126.51 1241.00 172.71 1.5323039837001275 1.6246936705620432 3.416502313815155 23.41 -0.04 25.19 -0.5171988465086559 0.69196814
Car 0.41 3 1.8315759162094931 1143.65 130.49 1241.00 173.45 1.4951228111802053 1.64046316712214 3.7054377069101716 23.74 -0.01 27.94 2.5358829441480664 0.8285971
Car 0.00 2 2.6681824485447745 763.24 158.79 870.76 201.35 1.5188331863662612 1.6114838489056968 4.099320756398239 7.96 1.06 28.06 2.944598338467965 0.96918947
Car 0.00 2 1.711267382898603 448.04 185.27 504.02 220.77 1.5192313588975381 1.6711484671296024 3.8049333003685857 -5.89 2.00 31.96 1.5290194362042688 0.9999262
Car 0.00 1 -1.345034242668424 669.13 174.59 726.33 218.66 1.5527128748415422 1.682566817170515 3.8672467313111807 3.08 1.56 26.29 -1.2284110528096988 0.6127174
Car 0.00 2 -1.715197921791349 659.60 174.35 704.72 212.68 1.5403877332626295 1.665958388960495 3.61922259827713 3.10 1.66 31.91 -1.6183535945030592 0.9924666
DontCare -1 -1 0.2730127135899405 506.97 172.12 656.69 202.82 1.386651277896614 1.683056271886959 3.921630786858597 -1000 -1000 -1000 1.0584108769873888 0.98802084
DontCare -1 -1 1.202080295481954 658.99 152.07 722.68 172.42 1.475728817638607 1.6643131778301143 4.029320465527572 -1000 -1000 -1000 1.9874784588794023 0.92451245
