Cyclist 0.00 0 -1.7618956426766257 259.93 187.04 374.31 353.84 1.6993754762579059 0.45153980862190246 1.380514840635147 -3.16 1.76 7.83 -2.1454809632155296 0.99991596
Car 0.88 0 1.6807850087669234 1066.48 192.09 1241.00 374.00 1.495862355810256 1.5406297214986229 3.7102368642912293 5.59 1.57 4.76 2.546205162789575 0.5657765
Car 0.48 3 -1.834534958997045 960.08 152.49 1241.00 359.04 1.4941265027789783 1.5651346587301636 3.044380502902069 5.74 1.59 7.12 -1.1560372038466051 0.99995565
Car 0.00 1 -1.7422223697092871 125.12 182.06 383.62 262.88 1.483039319869728 1.7041343741775894 3.252383606635132 -7.10 1.70 14.61 -2.1945819119225476 0.99982554
Car 0.00 2 -1.5560504226621727 227.38 183.18 426.45 250.63 1.4179494459001731 1.5852427587570095 3.2671539952383424 -6.68 1.76 17.20 -1.926492727331697 0.9999137
Car 0.00 2 1.3335782001402716 319.76 179.20 439.74 230.93 1.4997054211615037 1.6883447312475586 3.9555140083060647 -7.14 1.74 22.41 1.0251386788042849 0.93171597
Car 0.00 0 -1.9248943785813193 646.19 178.37 724.16 234.59 1.491026187670083 1.6800705969990635 4.037049370013275 1.98 1.59 20.43 -1.8282798178161064 0.9737153
Car 0.00 1 -1.3937470028784613 402.01 177.92 494.74 213.98 1.4776113446621608 1.6626026213826084 3.9931140859947587 -7.11 1.76 31.79 -1.6137811128895123 0.90185916
Car 0.00 1 1.8141898224737982 626.11 172.78 662.83 203.68 1.5318423978804063 1.6254009821177864 3.7768847589717294 1.62 1.45 35.46 1.859843357475004 0.5896659
Van 0.00 2 1.6399609754469733 607.49 162.45 625.80 184.10 2.196310604002825 1.8864655425851775 5.051070630380559 0.71 1.24 81.51 1.6486713428116027 0.9668377
DontCare -1 -1 1.50126609305409 495.33 163.07 603.00 197.65 1.4447847533790779 1.6636302389861488 3.6709429194555665 -1000 -1000 -1000 2.2866642564515383 0.94314903
