Car 0.00 0 -1.519942739107881 569.98 173.19 656.51 251.99 1.404716484603138 1.6775959015549564 3.369604246817627 0.10 1.35 16.65 -1.5139368053167448 1.0
Car 0.90 3 -1.4430339346316199 0.00 196.98 79.85 311.89 1.428656608220787 1.566061138427391 3.9511262794361497 -8.51 1.61 8.40 -2.2349370328886646 0.99453837
Car 0.73 0 1.7501122514393668 0.00 185.66 285.70 375.00 1.5267766442900907 1.7100542329908752 4.448025064669647 -4.19 1.59 5.53 1.101710634166729 0.8301653
Car 0.00 0 -1.2552353898671011 366.33 184.61 467.32 247.11 1.471978400257082 1.6484055177034282 3.6558584888801957 -4.70 1.38 17.99 -1.5107797959935203 0.99984384
Car 0.00 1 -1.1786245862629752 278.93 180.84 382.44 235.14 1.5689159560768318 1.597567848181858 3.7834044118748094 -8.37 1.37 22.00 -1.5421687273130287 1.0
Car 0.00 1 -1.537230965742145 450.72 178.76 516.90 221.90 1.5751220922736835 1.6439942263723755 3.8769936618731404 -4.46 1.21 26.26 -1.7054656721207055 0.99990726
Misc 0.00 1 -1.6193672912803034 479.80 131.42 554.34 207.67 1.5508689045725774 1.6436631039441967 4.435867564879455 -4.62 0.98 38.88 -1.7376398670137287 0.71750635
Misc 0.00 1 1.4370703558113913 542.69 151.47 572.77 192.46 1.430778421816082 1.6814791478873634 3.6587296595201875 -5.09 0.64 75.22 1.3695051833928378 0.9355462
Car 0.49 3 -1.5092205489662032 0.00 185.73 137.05 265.14 1.6074320602981758 1.6845574670196914 3.9997439255342866 -12.44 1.51 15.37 -2.1896481844900313 0.9867776
Car 0.00 1 -0.9689029614117484 129.18 181.19 250.13 233.56 1.5692577328352642 1.5531580590368652 3.599626617632904 -12.89 1.36 22.38 -1.4914589174038753 0.9999951
Van 0.00 1 -1.6128157275405268 372.51 170.71 424.10 204.98 2.180897742055855 1.8757740544234944 4.5197768191040035 -12.12 1.07 41.77 -1.8952211020348062 0.99999
Car 0.00 0 -1.4424253712084631 671.55 181.20 693.07 195.76 1.4442801553575706 1.6235135153592968 3.8279105370269204 7.97 1.09 76.61 -1.3387648528822476 0.9973398
