Cyclist 0.00 3 1.0240357081082205 963.57 142.01 1051.27 270.96 1.7130777067859029 0.5774088685571146 1.850453178438034 5.94 1.38 10.96 1.5206935758331104 0.60805196
Pedestrian 0.00 1 -1.6224999810245375 1021.91 156.65 1055.24 250.99 1.750273965243603 0.6616267579880428 0.8688070658380294 7.85 1.41 13.43 -1.0935463509265948 0.86468583
Pedestrian 0.00 0 0.838840321698461 1057.28 154.05 1094.94 249.88 1.8245102851096344 0.706150421806879 1.0812128899404907 8.52 1.37 13.25 1.4102922267356468 0.83058256
Misc 0.00 2 -1.3147581974652152 1030.86 193.07 1080.71 247.15 1.5415271859435749 1.653078723019495 3.942400315903225 8.55 1.40 13.92 -0.7639453706567282 0.74179286
Cyclist 0.00 3 -1.4926629001882414 788.74 166.81 807.29 210.38 1.7121232408453082 0.5571173985659075 1.5123309893930816 7.24 1.42 27.93 -1.2390260808547107 0.9141317
DontCare -1 -1 1.895375476279531 481.75 172.77 499.51 187.30 1.5093840382812929 1.6271320276619339 3.7224468459711457 -1000 -1000 -1000 2.6807736396769792 0.8563511
DontCare -1 -1 1.965655312934194 825.24 168.24 964.61 205.41 1.4775313664047431 1.6559592925669098 4.321183251343765 -1000 -1000 -1000 2.7510534763316423 0.59507173
DontCare -1 -1 1.5445371168341975 1100.20 142.37 1240.00 195.06 1.5415760244993877 1.600852935826912 4.0314427187071225 -1000 -1000 -1000 2.3299352802316458 0.9993807
DontCare -1 -1 2.8054018775608878 600.12 168.89 714.91 184.06 1.3833442631928634 1.775338082826271 4.298712479077377 -1000 -1000 -1000 3.590800040958336 0.95124227
DontCare -1 -1 -1.9364650408413748 550.19 173.98 570.02 185.48 1.5329517520783853 1.6212995492578888 3.8469941049219156 -1000 -1000 -1000 -1.1510668774439266 0.8126777
