Car 0.78 0 0.7744161645558219 0.00 196.36 230.79 374.00 1.6359621066419792 1.7454397895099067 3.7235836704597856 -5.02 1.87 6.04 0.08098209368421305 0.90763897
Cyclist 0.00 0 -1.4536997164275984 396.91 170.55 457.63 271.05 1.7133164271135186 0.5890294776468468 2.0163620813215637 -3.64 1.82 14.36 -1.7019527620892927 0.86760294
Cyclist 0.00 0 1.585699045160089 444.62 174.68 491.65 265.98 1.7123875520546292 0.6195312828927231 1.4100064738119507 -2.93 1.80 14.85 1.390894824417886 0.53735435
Car 0.00 2 -1.281166241565023 377.57 185.74 472.43 240.93 1.3970361951558303 1.6371397536904955 3.6800988634453202 -5.59 1.89 22.29 -1.5268836908371592 0.9630095
Cyclist 0.00 0 -1.5006749043848853 508.77 174.73 531.17 221.24 1.7904525692928885 0.6207031474619102 1.8486529989565277 -3.59 1.86 28.65 -1.6253305991244822 0.999869
Car 0.00 1 1.7834571311858038 493.12 181.70 540.13 208.57 1.5097262099204969 1.6790076375664615 3.8913328928277875 -5.28 1.94 41.14 1.6558126748194886 0.6207204
Car 0.00 1 -1.4544906179097037 639.33 175.96 672.07 202.85 1.4991474192409229 1.6904947676421547 4.17618699570755 2.72 1.72 43.01 -1.3913336190714538 0.9992434
Car 0.99 0 -1.8299613753941397 908.01 163.88 1241.00 374.00 1.5086761511681985 1.6224661052884006 4.09608391126255 2.60 1.58 2.53 -1.0309188346083968 0.8024941
DontCare -1 -1 -1.6021960387614111 674.51 158.54 723.32 211.88 1.4669113833276939 1.6262440022738123 3.91387174477438 -1000 -1000 -1000 -0.8167978753639629 0.9747561
DontCare -1 -1 -1.8652374009278159 614.35 170.18 638.58 189.23 1.5506745263753843 1.5882478684843921 3.8834868428633595 -1000 -1000 -1000 -1.0798392375303676 0.7293509
