Car 0.00 0 -1.7291743467238287 694.46 175.88 809.62 258.09 1.4696917276649188 1.5637637593509102 3.484976755581894 2.90 1.63 15.80 -1.547650469865738 0.9999999
Car 0.69 0 1.426863552131925 1067.51 151.90 1241.00 291.47 1.5724016506044578 1.68772903016819 3.7816739996300126 8.23 1.24 8.50 2.1961244434102176 0.9776007
Car 0.21 3 2.2340650717404227 962.18 121.57 1241.00 251.25 1.7461760494677734 1.5541305088163757 5.080554979048767 8.30 1.16 11.71 2.8506699638337283 0.87210935
Misc 0.00 0 1.7730859527972083 283.94 215.61 384.66 265.87 1.5463636521069717 1.6145430554361486 3.696614699564972 -6.11 1.93 16.10 1.4103732109191414 0.9771593
Car 0.00 1 -1.4326708475735526 339.69 182.13 441.22 247.56 1.5113859459577512 1.6749769218922996 3.5891072918997193 -6.05 1.91 20.19 -1.7238095325415863 0.9999999
Car 0.17 0 -0.999364630379949 0.00 207.07 262.83 359.89 1.4508969116775703 1.7243032001615906 3.530251758299866 -6.08 1.94 9.16 -1.5853490731962512 0.9990563
Car 0.00 0 -2.112597123780523 848.37 149.48 1056.22 220.57 1.5256349573662888 1.6673729710937881 3.997288854919472 8.30 1.11 17.84 -1.6771366812760928 0.9978537
Car 0.00 1 1.810997606315885 444.82 180.43 500.31 218.20 1.520951234624387 1.6375124540836954 3.69769695600132 -5.96 1.87 31.51 1.6240597411783744 0.9996425
DontCare -1 -1 -1.6205822164800505 484.56 171.90 577.31 205.28 1.5459799397556495 1.6850842081667328 4.1020451804027935 -1000 -1000 -1000 -0.8351840530826022 0.5357478
DontCare -1 -1 2.1600438515332083 609.56 166.69 667.93 190.69 1.4771538901893806 1.6684673906029606 4.129083680115738 -1000 -1000 -1000 2.9454420149306566 0.5540427
DontCare -1 -1 -2.195142285027776 716.85 158.35 798.14 190.68 1.3361300233571243 1.5558316253782654 4.936845200263061 -1000 -1000 -1000 -1.409744121630328 0.9093672
