Pedestrian 0.63 0 -1.853903398909841 0.00 143.86 257.20 373.00 1.7163400030139637 0.6918103750136566 1.5532204029867553 -2.01 1.64 2.98 -2.447307184502221 0.5263274
Pedestrian 0.00 0 1.570105792840712 633.79 164.25 667.12 258.46 1.8118854588273716 0.7131688799050522 0.9699197975704574 0.82 1.44 13.98 1.628693886607991 0.8674602
Pedestrian 0.00 0 1.3373124311354498 444.23 170.08 472.45 235.37 1.7452263156328154 0.6957077737239075 1.0748611209700012 -4.18 1.47 20.21 1.133359899781432 0.906513
Pedestrian 0.00 1 1.1511595110085349 427.12 171.48 449.67 232.95 1.8431158973280144 0.7211296911624145 1.1307315049478912 -4.93 1.46 20.90 0.9195088737362409 0.94803137
Person_sitting 0.18 3 1.9710967103627066 174.96 230.10 314.19 373.00 1.5446522164909553 1.6771804273785496 3.9100889806971932 -2.79 1.64 5.58 1.5074491013619005 0.9999759
Pedestrian 0.00 1 1.629362833746944 726.60 164.43 749.51 222.88 1.707218808532114 0.7327928598311615 1.0167857078621292 4.02 1.18 21.06 1.8179770605919385 0.8897292
Pedestrian 0.00 1 -1.3917345712569098 615.00 165.16 637.26 227.43 1.8004756546024037 0.6336278300073814 0.8961035763630771 0.64 1.39 22.32 -1.3630685906926294 0.97941065
Pedestrian 0.00 0 -1.4619539166477065 678.76 165.65 706.93 256.29 1.7752444906536293 0.6590212340739441 0.6007805285761261 1.63 1.39 13.83 -1.3446354141445804 0.97426856
Pedestrian 0.00 1 -1.3565062592413764 710.21 161.96 737.03 235.84 1.6617798297110749 0.6603841501560879 1.0991339949676895 3.05 1.33 18.04 -1.1890213474213769 0.9599686
Pedestrian 0.00 1 1.8162925700333457 746.45 157.88 766.40 222.00 1.806907852590437 0.6693694907513332 0.9904611823866272 4.55 1.16 21.07 2.0289735635233743 0.9905353
Car 0.00 0 1.6493387604740004 535.63 174.77 574.68 204.91 1.641420521196575 1.594593464648857 3.6438862701282884 -2.51 1.22 39.85 1.5864356587535513 0.9999999
Pedestrian 0.00 2 2.684278086819921 211.36 171.07 256.97 273.23 1.8056075586382103 0.6691885086980534 0.7614889187524223 -6.80 1.63 13.17 2.2076559494175747 0.9348902
Pedestrian 0.00 1 -1.717500896253858 695.83 170.27 718.87 245.29 1.745507297516222 0.6821225042727661 0.9545873073646927 2.38 1.43 16.58 -1.5749283942684555 0.78709084
DontCare -1 -1 1.6038912768152098 578.20 170.38 601.70 186.79 1.4760152775613975 1.6140335884602213 3.854544975455948 -1000 -1000 -1000 2.389289440212658 0.60435253
