Car 0.98 0 1.237048284211431 0.00 229.42 82.04 374.00 1.4420410919754219 1.521991095757618 4.092920260630645 -5.86 2.05 4.86 0.3586357139144323 0.6444218
Car 0.00 1 2.051489190259252 28.54 205.65 309.56 341.19 1.5141413927829277 1.68368048897995 3.861199847549298 -5.95 1.96 10.26 1.5259637440199525 0.9983492
Car 0.00 1 1.985641554990087 248.96 197.01 390.03 280.22 1.532206908222885 1.7209494777680778 4.021110864482917 -5.95 1.98 15.11 1.6105096258448237 0.9988882
Car 0.00 1 1.8315148810532431 351.83 194.02 447.96 250.52 1.4938075396983337 1.7083084054948234 3.95836862375597 -6.05 2.07 21.09 1.5521509264504842 1.0
Car 0.00 0 2.756994561353002 897.37 143.19 1106.15 218.67 1.458286680635662 1.632004269650712 4.021018477283516 9.00 1.01 16.85 3.247567745881448 0.78906244
Car 0.00 2 2.05792693892983 877.71 143.17 1011.08 210.95 1.4990184552787256 1.6570943438173675 3.8952469696627046 8.90 0.98 19.45 2.4870694199829866 0.9998374
Car 0.00 2 1.7705809930947165 831.08 149.40 967.87 208.36 1.4738641533820342 1.6137707189382458 3.7193464060650254 8.62 1.02 21.76 2.1477551070728227 0.9999976
Car 0.87 3 2.062304095425878 1213.32 125.80 1241.00 173.04 1.5396736733435106 1.627873300826683 3.898959724359312 23.51 -0.03 24.31 2.830974417339433 0.96360487
Car 0.00 2 2.679228858151708 784.23 156.81 908.83 205.59 1.4970937263040256 1.5962898687185192 4.091771351300277 7.96 1.07 24.58 2.9924116907382783 0.98858684
Car 0.00 1 1.7386316517975668 426.56 188.19 493.13 228.69 1.429328382369728 1.612954910165205 3.704231875144043 -5.89 2.06 28.55 1.53518126820101 0.99926883
Car 0.00 2 -1.4086768488076071 676.47 175.04 747.90 226.41 1.4746536690561485 1.6592188433469677 3.8125053030774976 3.10 1.56 22.85 -1.2738327284656252 0.987866
Car 0.00 2 -1.7383534769204 665.35 173.91 717.33 217.32 1.5184551115433138 1.6485872746170902 3.476319210730591 3.10 1.64 28.41 -1.6296669630372538 0.9998202
DontCare -1 -1 -0.7619406739857535 486.65 179.19 554.40 210.48 1.524776690528394 1.596304769879713 3.9058527184055234 -1000 -1000 -1000 0.023457489411694787 0.7671967
DontCare -1 -1 -1.5767765353110175 590.81 170.85 618.98 190.68 1.561591863986702 1.6866158016683006 4.778603451453247 -1000 -1000 -1000 -0.7913783719135692 0.940098
DontCare -1 -1 -1.5426460793849568 633.52 175.02 677.31 203.19 1.4954081851808738 1.6823114820481682 3.9580523540602113 -1000 -1000 -1000 -0.7572479159875085 0.9997365
