Car 0.72 0 -2.1385235349324088 847.04 203.76 1241.00 374.00 1.605438284930439 1.6241950106532717 4.55459548731903 3.33 1.69 5.45 -1.5900483550008566 0.9999368
Car 0.00 1 -2.1637727777150015 744.82 188.47 958.34 317.72 1.5274210515251767 1.5975347638787174 3.6933579464779283 3.07 1.65 10.15 -1.8700578351469548 0.99244153
Car 0.00 1 -1.808405757942472 669.10 174.32 789.58 261.30 1.4778012152580928 1.5391168662072563 3.1904841830358888 2.34 1.65 15.32 -1.656835706993137 0.9996885
Car 0.00 0 -1.4620302180435996 444.19 171.59 507.60 234.55 1.5373456332652282 1.5529609315754318 3.0681044628248597 -4.33 1.85 23.62 -1.6433363389835969 0.89047045
Person_sitting 0.00 2 -1.7801858345654349 660.79 178.77 700.63 256.60 1.31848269736454 1.5399799563647651 2.9782731701956178 1.50 1.77 15.66 -1.6846917308793763 0.9932641
Car 0.00 1 1.7333093444493155 298.88 195.82 444.79 302.22 1.447947986778469 1.6126158379675293 3.810619896404543 -3.88 1.88 12.15 1.4242037892440809 0.9994522
Car 0.70 0 -1.0559100667622427 0.00 208.46 339.42 374.00 1.5346814490674447 1.7276688285828972 3.836787752933898 -3.58 1.83 5.71 -1.6159249206381663 0.93923086
Car 0.00 2 1.3874998102572302 629.51 181.67 679.96 220.49 1.4703172001807403 1.6785044886828804 3.4429205526934052 1.63 1.72 28.04 1.4455657039569596 0.98840874
Car 0.00 1 1.4289361546423773 508.62 177.86 535.51 203.29 1.564095940795393 1.5688491605879211 3.579393284522095 -5.52 1.84 45.37 1.3078649086053094 0.9302609
DontCare -1 -1 2.2095889608052115 545.14 171.48 630.17 207.35 1.4364215511648368 1.6222776726545238 3.7726070304737473 -1000 -1000 -1000 2.99498712420266 0.98770535
