Car 0.00 0 -1.5593242524799447 576.56 178.33 609.63 208.48 1.444594197329731 1.5808844410540008 3.4440361728296662 -0.84 1.23 40.48 -1.5800722629087587 0.99995923
Van 0.82 0 2.12450368801621 0.00 0.00 344.92 375.00 1.9787438954343415 2.0728947321032716 5.041406404057192 -4.29 1.62 5.88 1.4941922512450603 0.7190795
Car 0.00 2 1.0999689261105399 239.83 180.32 360.62 245.28 1.4427103478281211 1.6712287583114052 4.0516708811149975 -8.58 1.51 20.38 0.7014903535630315 0.9807099
Misc 0.00 0 -1.5270337360587458 366.09 211.22 444.87 263.17 1.4768497202365112 1.6676219359697246 4.117604540787735 -4.23 1.55 15.00 -1.8018960738579188 0.9974026
Car 0.00 1 -1.4367136369135718 391.35 187.19 487.98 250.50 1.4842076565890026 1.675611804491415 3.822954626880684 -4.26 1.49 18.64 -1.6613956711946718 0.99678934
Car 0.00 2 -1.568189617539991 347.11 188.31 418.43 223.91 1.4975898660539102 1.6134997040690326 3.567187266551056 -8.60 1.37 27.68 -1.8694279903253508 0.99928147
Car 0.00 1 -1.6040852526810507 466.09 183.90 519.67 221.13 1.4994315005658578 1.6560540378750706 4.164826261006393 -4.72 1.38 29.77 -1.7613252916696072 0.9999683
Misc 0.00 0 -1.5548876291748623 534.97 171.86 557.72 197.36 1.5096129257051658 1.6420391716720009 3.8000710961745168 -5.50 1.05 64.59 -1.6398352082236731 0.9671482
Van 0.00 1 -1.6474371338870863 313.17 171.95 382.05 214.75 2.163764128007493 1.9120236976151896 5.3473749438465115 -12.66 1.34 35.22 -1.9925100307847927 0.99970156
DontCare -1 -1 1.6248358050968985 489.76 171.34 522.37 180.68 1.4830376174120616 1.6205200844169998 3.9637219478712464 -1000 -1000 -1000 2.410233968494347 0.7578003
