Pedestrian 0.00 0 1.5089759762075285 421.85 161.00 437.25 200.44 1.7538901380639327 0.5923338736680221 0.5180595634291076 -8.61 1.31 34.56 1.2648144732665 0.6873766
Car 0.00 1 1.3505088249829154 380.72 153.85 439.64 198.75 1.595324173924179 1.666350922799244 3.8577003795757006 -10.52 1.30 37.72 1.078523099191235 0.9999895
Car 0.00 1 -2.3695337335255484 421.85 163.29 479.88 196.49 1.5499194137571763 1.600606299257412 3.5832216312513734 -8.91 1.27 40.04 -2.588493546174301 0.9996799
Car 0.00 0 -2.0872619907048087 472.88 163.17 540.87 191.83 1.5584181699721527 1.6600113094509983 3.833106534682312 -6.00 1.05 41.30 -2.2315311181219037 0.99610883
Van 0.00 1 -1.6361893648889403 627.36 153.76 693.23 189.64 2.1818333035451687 1.881161144570036 4.858238382095146 3.08 1.03 45.42 -1.5684814839059047 0.99971336
Car 0.00 2 -1.7036242942002158 661.42 161.75 711.12 185.84 1.5748899210064125 1.6272961471886778 3.6095363368616487 4.98 0.85 47.69 -1.5995769862030416 0.982356
Car 0.00 1 1.6220958913352828 702.49 159.20 755.49 184.78 1.527677397132517 1.659805271095171 3.685585307084122 8.15 0.81 49.70 1.7846331824874353 0.9492377
Car 0.00 1 2.026350931325231 731.48 164.87 790.87 185.02 1.5120089644385886 1.6132873271317625 3.993084373079338 11.21 0.89 53.83 2.2316647163251755 0.94988453
Car 0.00 1 -1.9918961683895926 768.10 164.86 811.89 185.10 1.5483974017022561 1.6099463098408127 3.842871665150025 13.52 0.91 54.35 -1.7480867408289849 0.9716679
Car 0.00 1 -1.6367958645012717 789.40 165.91 838.57 185.03 1.5818114470510196 1.5954616659046554 3.161827581130066 15.52 0.92 55.09 -1.3621921590993062 0.810482
Car 0.00 1 -1.401514590778623 811.34 163.55 868.88 183.46 1.4836711291043472 1.6345544376136207 3.7638921385035897 17.79 0.81 56.03 -1.0940733673823904 0.6041586
Van 0.00 3 -2.26851619879273 853.79 153.79 914.55 181.45 2.1438318858971215 1.8494469994758798 4.974599299782562 22.54 0.69 59.45 -1.9061190210964298 0.93854004
Car 0.00 1 -1.1725723008301596 879.45 160.86 933.34 179.62 1.501620903965683 1.622565712100401 3.6829338689670945 24.95 0.55 60.84 -0.7833962736670093 0.8236245
Car 0.00 2 1.3599382946875433 904.31 162.73 951.46 179.85 1.4764344323246192 1.6555938751162433 3.909333264581957 27.38 0.59 62.24 1.7743697861647496 0.73344874
DontCare -1 -1 2.582308248677526 951.38 154.01 1049.35 175.65 1.4388148117630195 1.6067007959545994 4.332979129754104 -1000 -1000 -1000 3.3677064120749742 0.7860201
DontCare -1 -1 -1.847032562890325 1193.30 147.54 1239.99 167.89 1.3883721533982467 1.594094473189249 3.6026450266466523 -1000 -1000 -1000 -1.0616343994928767 0.6607797
DontCare -1 -1 -1.6641078675773482 276.69 153.36 375.31 169.83 1.3324626091687393 1.6758451082469368 3.8866025527344132 -1000 -1000 -1000 -0.8787097041798999 0.680042
DontCare -1 -1 2.5545764128353934 547.08 155.95 605.59 171.77 1.5149810103519272 1.629156518979504 4.0949008335695645 -1000 -1000 -1000 3.3399745762328417 0.7375003
