Pedestrian 0.10 0 -1.5861676466327648 764.50 163.86 842.56 373.00 1.7563393851186884 0.65954447531075 0.6376586822578811 1.56 1.60 5.79 -1.3229871104203528 0.8967506
Pedestrian 0.10 0 2.05264072219399 838.73 152.52 934.52 373.00 1.7430511577430916 0.7099364827659798 1.2405025480101013 2.22 1.60 5.78 2.4193507341530767 0.7905008
Pedestrian 0.04 0 2.1504607955601553 201.14 167.47 286.96 373.00 1.7942561855915737 0.6468789334681702 0.9357983773360157 -3.32 1.66 6.50 1.678234965604958 0.94895315
Pedestrian 0.00 2 1.0204675356533865 771.85 171.41 827.51 258.10 1.8089955723289204 0.7325103263643455 0.9759016973683738 4.17 1.59 15.48 1.283601262399086 0.97652787
Pedestrian 0.00 0 1.3442121456053595 1151.18 149.84 1236.93 241.55 1.7847224431488466 0.690155865558691 1.0525736031839752 11.88 1.16 14.48 2.031294022328824 0.7939815
Pedestrian 0.00 2 -0.884356097379003 909.54 165.14 933.47 235.67 1.7280458318445635 0.6301325763848495 0.8300249395677948 7.84 1.33 18.06 -0.47479581093040485 0.83079904
Pedestrian 0.00 0 2.290596262612615 1054.33 162.47 1120.08 329.05 1.7665225820991945 0.6901356037047577 1.1973967669317627 4.91 1.44 7.51 2.869634654966764 0.98196626
Car 0.00 0 1.7746932367470603 527.21 169.51 583.35 219.78 1.5425873923866462 1.5944779284955406 3.6857114156113053 -2.02 1.61 32.73 1.7130543390905943 0.9468744
Van 0.00 1 1.5185020799424986 601.99 172.73 630.06 203.20 2.248132671706877 2.0186600038861466 5.198083130472946 1.13 1.48 52.08 1.5401960646619945 0.9999659
DontCare -1 -1 1.6063238019731383 718.77 181.34 757.75 218.38 1.5513636939047288 1.6354697637916946 4.220255093775787 -1000 -1000 -1000 2.3917219653705866 0.9772563
DontCare -1 -1 -1.2855285267021994 485.35 176.83 510.79 226.77 1.5022378772316884 1.641134091904893 3.807450937233963 -1000 -1000 -1000 -0.5001303633047511 0.85703456
DontCare -1 -1 -1.5374001199987273 358.97 172.31 415.36 266.74 1.5529180060891818 1.672425019806757 4.0122924466953656 -1000 -1000 -1000 -0.752001956601279 0.6036411
