Car 0.00 0 -1.5684042464152466 556.06 185.21 714.24 334.53 1.477187421527357 1.6898029067279243 4.02222113510231 0.21 1.67 9.30 -1.5458274379283854 1.0
Car 0.62 0 -1.0130586187031607 0.00 180.02 378.37 374.00 1.560086232033224 1.5346003540517235 3.5169043113813783 -3.32 1.65 5.58 -1.54978030170258 0.9971054
Truck 1.00 0 1.881315247216497 759.17 0.00 1241.00 374.00 2.9974057352724266 2.5915515097320365 11.277327425244952 3.79 1.63 5.64 2.472991303628226 0.91047573
Van 0.00 1 1.9414322535183768 303.77 136.15 503.45 284.63 2.390578105591736 1.9465407120143605 5.0582054954186555 -3.47 1.65 13.29 1.6860354612346362 0.9996728
Car 0.00 2 -1.3155506710198264 433.24 179.39 523.66 238.47 1.5164010714559268 1.6853824772597694 4.476423697672882 -3.59 1.66 20.16 -1.4917787826597524 0.91815245
Van 0.00 1 -1.501338199773107 475.78 167.32 536.65 219.47 2.1778846099158145 1.8365874836301042 4.947658648544597 -3.78 1.60 26.60 -1.6424983348349105 0.99999225
Car 0.00 0 -1.5794968084108572 690.62 178.33 747.69 216.58 1.561172720399351 1.6952778615714454 3.747168744109669 4.31 1.66 29.28 -1.4333469003912296 0.9999838
Van 0.00 1 -1.5834682277080159 668.80 164.83 718.95 204.38 2.1287351953913785 1.861391993806286 4.641806987875747 4.25 1.55 37.48 -1.4705567140152749 0.97448677
DontCare -1 -1 1.7399676452067236 601.42 168.24 663.17 184.06 1.4543108645646285 1.6360507451654815 4.032181503377952 -1000 -1000 -1000 2.525365808604172 0.7113334
DontCare -1 -1 -0.9340934912350516 679.69 150.78 712.33 162.07 1.4774883802799892 1.6142905049682998 3.895894786469736 -1000 -1000 -1000 -0.1486953278376033 0.9579884
