Car 0.00 0 -1.4763870994236807 578.09 172.58 651.82 239.74 1.3883992586104583 1.6182344865710878 3.1844507624731446 0.17 1.29 19.21 -1.467537772907423 0.9999988
Car 0.21 1 -1.8912955383446555 0.00 190.03 210.99 306.21 1.5215065096324694 1.5333651520968818 3.3586952259169007 -8.03 1.60 11.26 -2.5107885312381977 0.99998784
Car 0.00 0 -1.1912032226708273 110.53 179.60 411.59 358.69 1.530193407443018 1.5757344060303116 3.6310216357336427 -3.76 1.57 8.55 -1.6055141033731322 0.99999976
Car 0.00 2 -1.888396875062261 254.07 184.77 366.38 239.90 1.506963540223093 1.6054112829924965 3.8041551542804624 -8.57 1.42 21.00 -2.275862366947238 0.7938151
Car 0.00 0 -1.2450283328678946 401.48 177.55 493.09 240.18 1.4519357982842636 1.6009783589006805 3.380916671954193 -4.37 1.37 19.92 -1.4609848079981667 0.9999988
Car 0.00 1 -1.4607446799662451 470.79 180.64 519.78 214.30 1.4693228121666622 1.6981467374326134 4.083377452693977 -4.90 1.19 31.50 -1.6150634558923642 0.999997
Car 0.00 1 1.4663502583887915 503.72 179.85 542.74 207.51 1.5598052631883335 1.6201702461303615 4.007639067374267 -4.64 1.14 39.76 1.3501755474090318 0.994284
Misc 0.00 1 -1.3058654526856284 512.83 145.07 562.93 198.49 1.5728832635848236 1.6569957018555546 4.128890859089889 -4.95 0.82 53.00 -1.3989915309916 0.9926313
Car 0.00 2 0.759401754536901 236.95 184.41 331.36 226.33 1.5652358311979484 1.5896188162924194 3.759036013983288 -12.61 1.47 28.28 0.33996415168101474 0.8262445
DontCare -1 -1 1.64214983681706 657.81 173.93 680.08 192.32 1.5458995032875251 1.674980222499504 3.8967796025202657 -1000 -1000 -1000 2.4275480002145082 0.99843496
