Car 0.91 0 -2.3769028345730643 880.29 181.72 1241.00 374.00 1.7340537313191604 1.5886236049891853 3.9476781507358933 3.05 1.61 3.90 -1.713202453198712 0.9627335
Car 0.30 1 1.8906757394459586 0.00 195.84 271.26 374.00 1.4875269349484157 1.5216348164440536 3.4055552949533845 -5.83 1.96 8.61 1.2954713398979654 0.9124847
Car 0.00 0 1.82059604028729 350.15 184.48 452.33 247.90 1.4823181520967197 1.5553379499079132 3.4170566370115663 -5.63 1.87 19.79 1.5434313030193483 0.9999832
Car 0.00 2 1.381050826111112 412.24 185.27 484.91 230.68 1.5203448318696033 1.5701807879568481 3.429041730366745 -5.57 1.88 25.15 1.1630976997283662 0.5450199
Car 0.00 2 -1.5472517135229449 451.40 182.71 502.95 219.94 1.5002375509409618 1.6648233041824245 3.4761173297987367 -5.50 1.85 30.05 -1.7282763443859164 0.883049
Car 0.00 2 -1.7773181805994849 477.71 182.15 522.78 212.49 1.496832428854556 1.6328185417415046 3.674192341171303 -5.44 1.88 35.97 -1.9274178269610434 0.99980575
Car 0.00 2 2.186383263268743 778.15 154.87 880.88 194.30 1.4702393937675666 1.6481641989858293 4.143473046027221 9.51 0.90 31.55 2.479148082463526 0.9731714
Car 0.00 2 0.38671048084763093 752.53 157.78 829.46 192.45 1.5616992752818775 1.5220818438292885 4.077472852669754 9.06 0.96 36.41 0.630590243317932 0.9847184
Car 0.00 0 -0.934152559438024 1089.55 136.90 1223.40 175.39 1.4763658758072566 1.6888514452339554 3.6409069319591905 23.16 0.08 30.72 -0.28815613455125244 0.9818777
Car 0.00 2 2.1573489467289786 1049.78 137.91 1175.18 176.12 1.4425953853695106 1.6957280629040146 3.7901288514361764 23.21 0.12 33.48 2.763530127721167 0.53682435
Car 0.00 2 -1.2358467737820487 1023.90 142.77 1146.46 175.23 1.4410927373735618 1.6846679814816856 3.793259488545456 23.88 0.09 36.41 -0.6553604310082485 0.6739373
Car 0.00 2 0.9286528984692435 1009.16 143.36 1121.61 174.23 1.469925236311407 1.7006916396976852 4.015603171788253 24.58 0.04 39.09 1.4899839456890498 0.8385747
Car 0.00 2 -1.2378193596985678 665.73 172.29 703.71 202.25 1.5170582671469461 1.6935263194800758 4.152676062785186 3.83 1.47 37.77 -1.1367615643901092 0.99827087
DontCare -1 -1 1.4483500952508788 518.12 173.34 578.60 207.98 1.535914823767395 1.6799981028498554 4.117847787343063 -1000 -1000 -1000 2.233748258648327 0.9972941
DontCare -1 -1 1.6866187314179282 733.52 171.90 782.52 191.73 1.4322583753435325 1.5826788835884475 3.749387340746918 -1000 -1000 -1000 2.4720168948153765 0.9781536
DontCare -1 -1 1.6841429779913764 615.58 166.92 635.58 186.92 1.4727599102823448 1.6652883731485748 3.6523490419016267 -1000 -1000 -1000 2.4695411413888246 0.9577694
DontCare -1 -1 -1.4250805983927588 637.69 170.85 680.44 197.97 1.5216657094477128 1.6335989630506778 3.814103832595148 -1000 -1000 -1000 -0.6396824349953105 0.99963176
