Car 0.00 0 -1.478199497857366 577.02 173.77 645.64 236.29 1.4038951102463912 1.7027588256360435 3.378494398795166 0.08 1.30 20.50 -1.4742970786429155 0.9999974
Van 0.96 0 -1.2714261273529868 0.00 18.37 308.26 375.00 2.1614737562020636 2.028088490114136 5.2740198353469845 -4.27 1.64 4.62 -2.0174745343618294 0.8744216
Car 0.02 3 -0.7884502569821219 0.00 186.54 244.40 290.95 1.4036291841237258 1.6171285317005062 3.29591013690094 -8.29 1.55 12.65 -1.3685674563933616 0.9571383
Car 0.00 1 -0.9824540774014334 238.75 183.35 355.11 245.51 1.3940461728541564 1.5221942507387543 3.4628019799814607 -8.24 1.46 19.29 -1.386156505874871 0.9999999
Car 0.00 0 -1.3838259587672095 366.65 176.16 486.26 259.98 1.4810866232781124 1.6361767950193429 3.3509984185324098 -3.92 1.45 16.05 -1.6233730839982765 0.9999937
Car 0.00 2 -1.652285055318151 349.52 182.30 421.21 221.67 1.5882054496376228 1.6291643355698728 3.4197375943289186 -8.70 1.31 28.35 -1.950040216122923 0.9999999
Car 0.00 1 -1.5912783230331282 457.17 177.82 516.85 221.43 1.4269106466142845 1.585699319160118 4.2335620989427944 -4.63 1.29 27.83 -1.7561356421435468 0.9970974
Car 0.00 1 -1.34865398804215 492.32 180.92 530.02 207.86 1.5066297113715124 1.5825747654498958 3.681164356075325 -5.21 1.15 38.96 -1.4815921919176835 0.99811566
Car 0.00 1 -1.416654304662023 516.35 179.80 547.62 202.67 1.5113323390303564 1.663676648652687 4.065225349865951 -4.99 1.08 47.64 -1.521017660816174 0.998982
Misc 0.00 1 -1.4928578669813017 520.13 149.89 562.15 195.86 1.5825358446507167 1.638681252738967 4.807699935637512 -5.45 0.76 60.64 -1.5824917169802046 0.94339216
Car 0.00 2 -1.758037463822637 308.76 184.02 377.03 217.37 1.4327197599975776 1.5741822638274574 3.5803603102789308 -12.79 1.44 34.93 -2.109036351361493 0.99876946
