Car 1.00 0 1.4109702418234686 0.00 168.42 172.18 374.00 1.5380785599170637 1.600152491843834 3.5517417957411195 -3.56 1.75 2.37 0.42752801023644293 0.9029127
Van 0.98 0 1.5692141145144145 1216.18 31.07 1241.00 293.63 2.209191957034669 1.944124686167164 4.967235980385589 9.37 1.21 6.91 2.5045833711148937 0.56644773
Car 0.00 0 -1.7952437857773642 747.93 176.87 953.31 294.25 1.4762939777044963 1.4790066175819778 3.339211719237366 3.35 1.53 11.00 -1.4996220841031511 1.0
Car 0.00 0 -1.3491208712246756 278.89 173.24 464.83 308.76 1.4657675627438735 1.6298081299947047 3.8102639262900735 -3.52 1.76 11.28 -1.651601862400282 0.9522143
Car 0.00 1 -1.9756959239628653 686.77 159.80 815.24 246.79 1.6134559515683364 1.6645557687343502 3.7856909503565217 3.12 1.54 17.11 -1.7953281531948964 0.99991894
Car 0.00 2 -1.2960311929371695 400.06 174.01 495.25 258.72 1.5851330164639663 1.6587282486916923 4.078491659961738 -3.55 1.73 16.08 -1.5133169227258136 0.93653715
Car 0.00 2 1.4000308672573905 437.29 182.50 511.39 231.00 1.526723249704243 1.6025999852181816 3.743658336006203 -4.27 1.71 23.07 1.2170131829885524 0.9985763
Car 0.00 1 1.5044713328268866 500.76 171.61 536.74 204.31 1.5004693422286224 1.6314443734200144 3.903663998596468 -5.46 1.81 43.39 1.3792938300987108 0.82661647
DontCare -1 -1 1.6033170717444758 0.00 170.18 140.67 373.00 1.5451472274778795 1.5824184261919403 3.690929757557907 -1000 -1000 -1000 2.388715235141924 0.8609494
DontCare -1 -1 1.4612118462708334 534.14 165.01 631.47 199.59 1.4245782274572563 1.7448393472196007 3.916095825038948 -1000 -1000 -1000 2.2466100096682817 0.93388814
