Van 1.00 0 -2.3173502246525626 829.85 0.00 1241.00 374.00 2.154043647937975 1.7397011021231843 4.740328131073761 2.91 1.67 3.04 -1.5537973251208999 0.9960109
Car 0.66 1 1.3997484008457999 0.00 177.30 225.34 356.15 1.5458777252404403 1.6254355323226595 3.919990053527155 -6.41 1.60 6.99 0.6576068197391478 0.57381153
Car 0.00 2 -1.4578487808492522 112.05 179.80 402.68 277.52 1.6143868941633415 1.758512973106041 4.073638590179481 -6.03 1.69 12.58 -1.9048259240274805 0.99721056
Car 0.00 2 -1.249237016835485 174.85 178.05 363.01 252.99 1.534611642715187 1.6776907921494388 3.8699109099210287 -7.07 1.58 15.04 -1.6886632532750734 0.9999893
Car 0.00 2 1.5863181437042098 335.56 182.25 494.16 235.51 1.5512004889367532 1.6968119137646103 3.9992522617206956 -5.87 1.81 21.94 1.3248932437754544 0.84090346
Van 0.00 2 2.045687095322881 325.82 139.44 512.00 228.77 2.2692079465021706 1.912913093910141 5.596671638840484 -6.42 1.81 24.53 1.7897083019569302 0.9672492
Car 0.00 0 -1.6302782716837267 670.21 185.83 748.47 243.06 1.550722340476365 1.6418614417971515 3.5614760388956452 2.67 1.81 20.50 -1.5007634261274543 0.9993063
Car 0.00 1 -0.7768960754063468 742.16 182.39 843.30 224.90 1.479878209885807 1.6867312186123276 3.950708286963501 6.35 1.78 25.48 -0.5326563056519863 0.99983704
Misc 0.00 0 -1.6736105988409857 765.12 194.93 829.19 286.69 1.5895364511577796 1.5819357403279686 3.980944680176773 3.20 1.86 12.68 -1.4264064201005617 0.99829215
DontCare -1 -1 2.5724745551731925 507.62 165.65 652.81 209.28 1.5493712894438219 1.7309545942307853 4.455543832980194 -1000 -1000 -1000 3.3578727185706407 0.9557886
