Car 1.00 0 -1.5510643693294863 978.37 185.13 1241.00 374.00 1.6133687797753524 1.6375867214710855 3.834583720319071 3.00 1.59 2.34 -0.6426943363677409 0.76857775
Car 0.00 0 -1.9010077575829367 694.06 185.05 866.98 296.90 1.4527372944919776 1.6579913601936245 3.3612063397989655 2.44 1.66 11.32 -1.688708152327658 0.99983644
Cyclist 0.00 0 1.6218068013575415 366.26 177.74 418.70 278.86 1.6663390021194076 0.6366186828522873 1.96354278460392 -4.08 1.85 13.50 1.3283125198865708 0.9879974
Car 0.00 0 -1.3620760003712515 256.77 199.99 391.97 285.43 1.5017085302440834 1.615349284625187 3.933436760805645 -5.50 1.94 14.22 -1.731133425859014 0.9929224
Car 0.00 1 1.514084999510322 625.30 174.80 725.94 249.82 1.5669013824133586 1.6461132944287205 3.7510748152957345 1.51 1.76 18.37 1.596099852059847 0.9167445
Car 0.00 0 1.445688054957662 569.43 185.92 622.53 224.84 1.5514123536466073 1.6323352588997626 3.6481702794657136 -0.68 2.06 30.28 1.4232347616263343 0.8943631
Car 0.00 1 -1.58235123480228 409.62 189.86 450.12 221.11 1.4697894643811893 1.6254509177715921 3.789573924742737 -8.82 2.26 35.40 -1.8265321318438976 0.9999939
Car 0.00 1 -1.5479350863632302 547.23 185.11 582.08 213.32 1.5000234715460252 1.6271895107538843 3.60282872816185 -2.60 2.17 40.30 -1.6123619257887838 0.59820175
Pedestrian 0.00 1 -1.7470992217448096 406.54 179.31 417.50 209.12 1.7443308489773226 0.6975804659810734 1.4792979476759338 -12.13 2.20 44.16 -2.0151706694435974 0.98241675
Pedestrian 0.00 2 -2.103144363560949 397.88 182.71 409.36 212.61 1.6215382902327728 0.6087031121638489 0.7497693119356537 -12.63 2.41 44.01 -2.3826140337322905 0.9982755
Cyclist 0.00 0 1.7352069775250296 418.59 181.60 461.86 264.76 1.6968531976808165 0.5781546716748667 1.540944363030281 -3.73 1.89 15.78 1.5030922270654092 0.7036185
DontCare -1 -1 -2.5563329021122794 461.05 178.59 533.79 201.52 1.4536922354070854 1.6342669374035144 4.096106099091568 -1000 -1000 -1000 -1.770934738714831 0.9531069
