Car 0.00 0 -1.5401927112278084 289.63 151.53 506.14 334.43 1.4109856266348075 1.6820191659690285 3.0991239716635133 -2.52 1.67 9.49 -1.799745441220653 0.8542564
Car 0.00 1 1.677319430806909 743.28 198.05 900.19 293.42 1.444558799621315 1.6107316643656635 3.7596014906988526 3.66 1.90 13.42 1.9435714799578343 0.5757762
Car 0.25 0 0.976582066216741 847.83 203.28 1241.00 374.00 1.4844956960348796 1.5082195990444565 3.6996419151649858 3.87 1.86 7.47 1.4545827564913678 0.99962986
Car 0.00 0 1.5810560892012457 533.13 179.48 575.35 217.36 1.6188978258340072 1.5896168456138515 3.7783221473322297 -2.38 1.81 31.08 1.5046286691544943 0.99977785
Car 0.00 2 -0.683940784135137 427.27 180.44 534.34 264.03 1.5325966760335874 1.7127304815412903 4.012784661851921 -2.60 1.67 15.01 -0.8554567400590679 0.80860835
Car 0.00 2 -1.92070730129746 727.06 189.09 818.45 256.10 1.54017062148139 1.6484459948451662 3.818030012898245 4.02 1.95 18.47 -1.7063993767236396 0.5274679
Car 0.00 2 -1.6245203847673277 698.66 186.56 762.96 232.91 1.5377116113720846 1.6658675589324379 3.4439082612619782 4.12 1.97 25.22 -1.4625883715029246 0.99545324
Car 0.00 2 -1.772982687750135 681.59 183.51 734.08 222.39 1.436236724611969 1.6532941044033909 3.9832102527246858 3.94 1.93 29.80 -1.6415303460062 0.9951977
Car 0.00 2 -2.1787442127850394 671.88 184.19 713.75 214.91 1.49380368588552 1.5779782899381065 3.785437950991192 4.02 1.97 35.82 -2.0669840508819077 0.9991548
DontCare -1 -1 1.7976610521462302 577.48 174.06 668.34 206.70 1.4597177211014938 1.624386008149519 4.153948204718628 -1000 -1000 -1000 2.5830592155436785 0.9375867
DontCare -1 -1 1.748760432997022 777.37 176.00 811.95 189.88 1.4840809967188549 1.630058546802535 3.961469458542862 -1000 -1000 -1000 2.5341585963944704 0.5938322
