Car 0.00 0 -1.945641920962606 734.87 155.48 1001.33 345.26 1.4866190854279708 1.5593991123796844 3.832725891970196 2.75 1.63 8.92 -1.646591634674892 0.987433
Car 0.80 3 1.5224394435670714 0.00 188.66 186.75 374.00 1.4853755574493122 1.6558039218844318 3.585765259467163 -6.38 1.69 6.07 0.7121468256966808 0.93893874
Car 0.36 3 1.4986595446851592 0.00 189.52 271.67 333.04 1.634426638838501 1.5238458432914161 3.7797566672192002 -6.35 1.72 8.50 0.8570434477968256 0.96874577
Car 0.00 2 1.922528044381414 36.40 178.67 323.82 286.16 1.4714968692331027 1.5425557859898948 3.2142125537023927 -6.49 1.61 11.05 1.3914765784059493 0.99195296
Car 0.00 2 -1.1988167921688895 186.72 157.67 431.30 255.60 1.624029383417816 1.7485907369018936 4.157583968840637 -6.38 1.67 15.48 -1.5897487010360978 0.99999845
Car 0.00 2 -1.477818020680223 153.89 172.97 375.94 271.23 1.4796111848025035 1.7130434729815864 3.9024755378590013 -6.26 1.69 13.23 -1.9197697679744563 0.9999585
Car 0.00 2 1.1976481238987784 700.09 179.46 826.08 262.58 1.4894273247389507 1.560538730836048 3.456701712809601 2.85 1.58 14.28 1.394639643366605 0.7752017
Car 0.00 2 -1.4938641498473029 254.13 161.69 422.78 243.01 1.4799708802072715 1.621342438525095 4.024168999992408 -6.62 1.64 17.73 -1.8512124339404519 0.9998616
Car 0.00 2 -1.4677587086942534 310.93 175.39 457.48 236.24 1.5500293135462713 1.6645883612991714 3.8171676789746667 -6.19 1.68 19.82 -1.7704711979517895 0.76341033
Car 0.00 2 1.7248521308091025 316.35 170.99 471.34 229.45 1.523297660407276 1.6254209124208832 3.866508222311833 -6.71 1.69 22.54 1.4355132006351463 0.6288882
Car 0.00 2 0.5458757440235953 399.71 171.28 506.84 210.62 1.436966263112278 1.69462799958004 4.018803106747665 -6.55 1.53 30.21 0.33236482812752266 0.97983986
Car 0.00 2 2.038739130893026 433.66 164.20 519.77 204.83 1.4953318707464647 1.675342413848772 4.206914441786804 -6.46 1.51 35.07 1.8565780779463168 0.6835341
Car 0.00 1 -1.4451009343054633 649.54 174.79 694.80 210.17 1.5314955808042001 1.6389010616303825 3.912275983147421 2.65 1.56 31.78 -1.3619076204400373 0.9996517
Car 0.00 2 -1.8741665641453604 677.90 175.42 759.76 238.11 1.5460488520382356 1.6522833251119995 3.8908777890131856 2.84 1.63 19.77 -1.7314906383540796 0.99767727
Car 0.00 2 -1.5465925457563738 638.05 169.71 671.54 199.45 1.5326149839727592 1.6628514558733845 4.024672957263984 2.57 1.51 42.53 -1.4862380033795293 0.99933845
DontCare -1 -1 1.6328958320107798 525.09 160.48 635.35 196.35 1.4833418171672534 1.6576469757319832 4.263012843333282 -1000 -1000 -1000 2.418293995408228 0.99853766
