Car 0.85 0 -2.076728538670812 903.60 200.83 1241.00 374.00 1.5280377556389582 1.5653806321979904 3.645109312735596 3.14 1.65 4.18 -1.4324623190857384 0.999694
Car 0.59 0 -1.5632555643704276 0.00 187.92 226.00 339.07 1.531731995177121 1.5682091780663872 3.6098765452728654 -6.57 1.60 7.59 -2.276744034810886 0.92140466
Car 0.00 1 -1.5903217821058373 122.33 181.93 365.05 270.42 1.5017141628830146 1.6960369192720794 3.8517478747629608 -6.55 1.65 13.09 -2.0542749211918507 0.98110676
Car 0.00 2 -1.1207670728352408 204.94 182.22 432.82 258.79 1.5478990137396764 1.6461561427177334 3.4645501544104005 -6.08 1.71 15.27 -1.499691709090703 0.99958783
Car 0.00 2 -1.0205375115063529 250.16 180.06 439.75 246.27 1.4998566604970407 1.6507225607247495 3.7712399979458238 -6.46 1.71 17.73 -1.3699423720253372 0.95094347
Car 0.00 1 -1.7636484960701804 767.58 180.39 1004.03 339.68 1.5236467242991936 1.5963582724989795 3.817176519088545 3.18 1.72 9.18 -1.4301797280711441 0.9942753
Car 0.00 0 -1.7439243654396872 682.20 184.42 751.97 233.40 1.4765657786099624 1.5855775990249061 3.6137812604532624 3.25 1.77 22.71 -1.6017807321202642 0.99815136
Car 0.00 2 -1.2561616460469107 341.88 182.52 478.29 238.98 1.3936909887759399 1.613792215725913 3.4793300499544526 -5.57 1.78 20.18 -1.5254720458785436 0.96428776
Van 0.00 2 -0.9178891340878348 374.00 174.11 489.04 231.35 2.2223821501364327 1.9663988674139214 4.974560184234428 -5.56 1.76 22.57 -1.15942457209094 0.9852331
Car 0.00 2 2.1260219971325736 725.19 182.26 828.91 216.24 1.451410428044052 1.7451246225000763 4.151585923634567 6.84 1.75 29.96 2.350479386050797 0.8704023
Van 0.00 0 1.2744782725956778 640.15 163.25 674.13 199.18 2.1575146834482766 1.9430057877754403 5.494961974972534 3.20 1.75 50.32 1.3379857599129137 0.5075496
Car 0.00 2 0.5650368491795401 477.02 178.52 547.59 202.34 1.485761288907976 1.6416802213252926 3.9862281550989533 -6.27 1.85 46.44 0.4308354326027892 0.99006057
Car 0.00 2 1.2237644950535636 497.19 173.43 560.78 199.90 1.554789428022356 1.6750989176989937 4.539007740222015 -5.78 1.87 51.35 1.1116754367627242 0.8803714
Van 0.00 2 1.5228157612171511 630.73 163.65 655.01 192.67 2.197571688808999 1.8801290417169763 5.208466140383529 3.03 1.80 67.83 1.5674565838836994 0.99097
DontCare -1 -1 2.23240722815064 564.55 166.30 628.24 188.59 1.4395830783812713 1.627662099218502 4.072336571417846 -1000 -1000 -1000 3.0178053915480882 0.8085841
