Car 0.00 0 -1.7610480646279196 696.75 184.66 804.05 257.92 1.4558465260832023 1.5937724330188179 3.2432258298025514 2.93 1.38 15.62 -1.575622807995604 0.90455765
Car 0.00 0 -1.252056942382131 252.39 178.91 449.85 307.04 1.4881622012524318 1.616367162457242 3.5208553244696046 -3.58 1.48 10.55 -1.5792005753461207 0.9999863
Car 0.00 0 -1.6618303368475775 640.39 176.26 679.55 205.73 1.519319671560676 1.6472513314993524 3.907434372358122 2.68 1.01 37.99 -1.59140213250843 0.99779344
Car 0.17 0 -0.7315260926869254 0.00 184.64 221.61 296.83 1.593311325070114 1.5255734317661667 3.772094877563515 -7.85 1.46 11.26 -1.340342181749843 0.8104414
Car 0.00 1 -1.5592465792458992 405.09 180.70 504.50 246.40 1.4883363250462722 1.6560765498043442 3.624334382020035 -3.80 1.36 18.34 -1.7635530238360355 0.9999962
Car 0.00 2 -1.432296902933393 280.24 184.38 381.04 237.25 1.5970808792679023 1.7109603651524925 4.396364824973144 -8.17 1.40 21.43 -1.7965280956083545 0.99998903
Car 0.00 1 2.146095828213964 374.59 183.73 435.93 220.24 1.5411684498010587 1.6040544726611519 4.039643259845771 -8.51 1.37 30.38 1.8729772444093198 0.54137963
Van 0.00 2 1.573213196187515 424.51 172.28 466.25 207.12 2.2128825443913556 1.805883514330311 5.219321636313247 -8.76 1.12 38.88 1.351605003389188 0.96715355
Car 0.00 1 -1.4580297852542738 512.79 180.32 546.93 204.84 1.5091543108044576 1.6831067197681808 4.0016371925697705 -4.54 1.08 42.11 -1.565427820513009 0.9983095
Van 0.00 2 -1.6247850219395499 458.81 171.94 498.69 200.67 2.2479995149304486 1.9296602221285535 5.097560951316404 -8.92 1.00 50.04 -1.8011895313958475 0.9046512
Car 0.00 1 -1.8430713276055197 529.69 178.25 555.62 198.21 1.5095605257718276 1.593101348048582 3.7798262407408143 -4.67 0.88 51.80 -1.9329826989225916 0.99924076
Car 0.00 0 -1.5787374880772571 587.63 176.59 614.36 201.68 1.539041633140893 1.6229838908375644 3.727901579938927 -0.45 1.03 47.62 -1.5881870178101096 0.9996685
Car 0.00 0 -1.94959353009728 619.46 177.14 633.64 191.52 1.5372835792420816 1.6188727200688267 3.818210335575142 1.93 0.62 74.33 -1.9236340730486108 0.88606054
DontCare -1 -1 -1.5381584736194949 574.43 161.00 603.81 197.49 1.559566397574396 1.6755476289154434 3.7256273647175218 -1000 -1000 -1000 -0.7527603102220466 0.7702691
