Car 0.36 0 -2.180984274544988 796.85 184.16 1241.00 374.00 1.479103625175209 1.6405393362702274 4.087157147131958 2.84 1.60 5.86 -1.7296986731508208 0.99971944
Car 0.00 0 -1.361313940086637 258.92 201.75 435.77 307.55 1.4994274195103359 1.6761392571689033 3.612802656494179 -4.23 1.94 12.09 -1.6978782255951805 0.99999774
Car 0.00 0 -1.665686764815126 683.79 181.03 782.86 255.45 1.3954703513352584 1.621246905318036 3.084536628924408 2.61 1.66 16.15 -1.5054621758308873 0.9999372
Car 0.00 1 -1.3277639458563666 407.04 183.36 498.75 248.85 1.463685721513481 1.5605014183284187 3.274230735503235 -4.56 2.05 21.38 -1.5378988129189397 0.99983096
Car 0.00 0 1.7327325354006629 486.83 183.19 530.45 218.86 1.4973834030149888 1.6706754223169231 3.976701611779728 -4.94 2.14 35.34 1.5938475198804498 0.99999964
Cyclist 0.00 0 -1.2652992467072348 569.37 177.97 578.42 200.11 1.7049817270953511 0.5182563380508614 1.7262979401672744 -3.09 2.29 61.53 -1.3154764980539206 0.6378222
Cyclist 0.00 0 -1.7990252087500433 580.97 176.99 589.52 197.88 1.703207961784706 0.6012374141423893 1.8069251282537842 -2.13 2.12 61.80 -1.8334775904169887 0.7657281
Car 0.00 0 -1.8893747488644461 518.10 184.21 548.86 206.40 1.53456793202147 1.60864681310071 3.6588255931959535 -5.42 2.29 51.42 -1.9943934138191568 0.82984674
Car 0.00 1 -1.567688922691394 632.26 178.17 651.40 193.91 1.4435029629437637 1.6500971962423467 3.831665178887644 3.18 2.05 72.05 -1.5235815313963932 0.9975157
Car 0.00 1 -1.6438126350429396 648.45 175.54 695.70 214.56 1.5328381307242822 1.5951912061036968 3.420926438771286 2.65 1.75 31.89 -1.5609049691845593 0.99976724
DontCare -1 -1 1.787075207629476 326.87 181.89 380.97 254.42 1.5689429718820762 1.6322417904348516 4.079990150533714 -1000 -1000 -1000 2.5724733710269243 0.96603626
DontCare -1 -1 -1.7769201705839972 611.77 170.83 633.41 193.76 1.4750472236244392 1.6384635076583767 3.7731503715143586 -1000 -1000 -1000 -0.9915220071865489 0.9979457
