Car 0.00 0 1.5828659386050443 515.54 181.85 535.74 199.35 1.544488117453308 1.6295941660837674 3.851403481453755 -6.78 1.11 59.05 1.468548588484549 0.64679474
Car 0.00 0 -1.5166234868255 524.87 176.79 583.38 230.18 1.5058185200957965 1.560991599476471 3.5135685970411683 -1.87 1.34 23.75 -1.5951982220631076 0.99997663
Car 0.00 0 -1.6231133761492114 394.72 178.88 480.84 248.40 1.5076940622000408 1.6839240112067604 3.278249697886505 -4.29 1.43 18.52 -1.8507402017767742 0.99999976
Car 0.09 0 1.850089238086019 0.00 189.94 233.97 296.00 1.4167193326918792 1.5504982539178276 3.2503162195310975 -8.27 1.53 12.39 1.2615280793926655 0.679565
Car 0.46 3 1.6933245147254805 0.00 188.57 130.68 270.23 1.5317875578819227 1.6491582591743612 3.880858969070115 -11.96 1.52 14.83 1.0146488440580934 0.9940035
Car 0.00 0 -1.382611678042684 272.39 184.46 359.02 233.34 1.4968926593481016 1.6585035280050182 3.596689151726761 -9.50 1.42 23.62 -1.7650144788480464 0.99982375
Van 0.00 1 1.6075445982303957 118.40 166.67 244.03 233.05 2.316775068186722 1.834243493721409 4.778776136988449 -14.07 1.42 24.02 1.077660103426622 0.99651223
Car 0.00 1 -1.4017666886237006 344.20 184.00 399.23 218.31 1.4895121756760787 1.6354337160201216 3.549323873721161 -10.72 1.39 32.80 -1.717652207631719 0.6335489
Car 0.00 1 1.4838871518757681 257.39 185.61 315.77 216.47 1.591113895532341 1.626668188041582 3.6670447309837724 -15.77 1.43 35.42 1.0650081321894795 0.6452883
Van 0.00 1 1.3682816634562354 403.38 164.84 442.44 205.85 2.2301134388079262 1.949380824909134 5.235482184046554 -12.45 1.28 48.72 1.1180939604812656 1.0
Misc 0.00 1 1.913245336213384 451.86 158.48 495.15 205.93 1.5811010267405223 1.5920893170596504 3.989874946080246 -7.98 1.13 43.09 1.7301262086785725 0.90954083
Truck 0.00 1 -1.7416164884951453 472.99 155.62 497.88 194.97 3.064805372114737 2.653772675478487 11.1376332747077 -14.00 0.95 82.43 -1.9098521827267947 0.6713578
