Car 0.98 0 1.2532660226013999 987.33 189.54 1241.00 374.00 1.3894512656895828 1.6008100204826736 4.109958814583816 2.88 1.50 2.67 2.076483981830265 0.51664424
Car 0.72 0 1.7880769977953772 0.00 214.97 197.03 374.00 1.5563629049627494 1.5236762680770302 3.683630259834328 -5.99 2.04 7.19 1.09347553921993 0.93820506
Car 0.00 1 1.6894116486099104 430.63 188.45 485.45 226.37 1.4726646210818004 1.6230768927098655 4.040363239251175 -6.24 2.09 29.78 1.4828633212780586 1.0
Car 0.00 1 -1.4626209894802908 650.53 174.55 695.90 209.69 1.5047412350593519 1.6475739528150701 4.156585918866195 2.83 1.62 33.32 -1.3778903681138999 0.99981314
Car 0.00 2 1.4415539214995245 458.42 186.28 505.31 216.88 1.531226363387556 1.59395082227005 3.61616896291832 -6.22 2.04 35.23 1.266800760009476 0.99999905
Car 0.00 1 1.5220244425025324 489.59 179.45 526.62 209.94 1.5271127548819792 1.6574402630986118 4.091322245203056 -6.13 2.15 43.57 1.3822487526770977 0.9754092
Car 0.00 2 -1.8052520314839224 66.41 204.45 153.77 236.54 1.5013689849345397 1.5728476785780334 3.6221284588203813 -25.92 3.15 37.54 -2.4095489486131703 0.9999939
Car 0.00 2 -1.6442257101323943 118.77 202.56 197.30 233.74 1.5604499917297077 1.6507776633561992 3.7924679463134194 -23.46 3.02 37.57 -2.2024181906733413 0.97999096
Car 0.00 1 -1.3688306222346167 159.73 198.14 243.17 231.88 1.550266472977252 1.6508461658568525 3.6735606660471345 -20.84 2.86 36.98 -1.882015729418165 0.9889262
Car 0.00 2 1.6600706363704543 216.31 198.79 289.44 232.43 1.580148537066431 1.6842994608642006 3.6138565113172914 -18.33 2.90 37.19 1.2021397162535528 0.9723106
DontCare -1 -1 2.669374899068151 528.97 167.59 648.94 197.64 1.4097965661256027 1.7183376022340202 4.052761169277229 -1000 -1000 -1000 3.4547730624655992 0.97784173
DontCare -1 -1 2.435651377835546 701.68 156.60 850.75 182.12 1.497965610009284 1.6443405014188432 4.131432192526855 -1000 -1000 -1000 3.2210495412329943 0.8237963
DontCare -1 -1 -1.7341324696925025 1067.80 117.78 1122.43 176.29 1.4917370624659967 1.6295703558908248 3.6421008874998475 -1000 -1000 -1000 -0.9487343062950542 0.93305004
