Car 0.00 0 -1.4263433823969702 548.20 182.93 569.84 201.08 1.5404342677263927 1.642803124404087 3.9741780852303887 -3.92 1.21 57.24 -1.4947201979130025 0.938533
Car 0.96 0 1.554291800656591 0.00 194.75 96.61 375.00 1.6224054772226524 1.621006946331396 4.175348775588073 -5.13 1.62 4.41 0.6935647464308025 0.99885154
Car 0.00 0 -1.84902481833962 609.04 181.17 718.24 263.50 1.5517583809612703 1.6772404008270645 3.992529200516739 1.08 1.52 16.14 -1.7822099237521238 0.99996483
Car 0.00 0 -1.1764016608383994 153.60 194.13 340.87 294.42 1.4995280694036197 1.5611210533143425 3.6681411435232545 -5.96 1.55 12.29 -1.6279346038670381 0.9759458
Van 0.00 1 -1.6050038310375552 51.74 167.47 243.50 259.23 2.1803627847810603 1.7736911872481538 4.588105259293365 -10.88 1.50 17.49 -2.161493227733562 0.9999957
Car 0.00 1 -1.4084111909058432 307.59 189.18 407.67 250.89 1.504495997336359 1.5830549181164646 3.7751429398880387 -6.40 1.51 18.69 -1.73832548261682 0.9985892
Car 0.00 0 -1.6433676267650466 504.01 181.23 551.67 225.96 1.5767324197857093 1.559628068721428 3.3048620392904664 -3.17 1.43 27.71 -1.7572715897773188 0.99999964
Car 0.00 1 -1.594958203905497 363.71 184.43 430.85 226.97 1.4618214819400024 1.648430479011073 3.8807947432027246 -7.80 1.41 26.90 -1.8771813346861237 0.99382824
Car 0.00 2 -1.6075153882291655 264.12 185.03 345.64 227.55 1.5542002025811386 1.591018527066841 3.3548522164450074 -11.18 1.43 26.74 -2.0035273789185037 0.9998933
Car 0.00 1 -1.6116925487902503 419.37 183.84 458.59 212.19 1.5174926043307793 1.6482249212176943 3.888958120845356 -9.14 1.37 39.07 -1.8414988784832675 0.9353736
Van 0.00 2 -1.5744175194439034 313.98 172.38 375.15 214.41 2.1762204873492337 1.950217405900879 4.348921833390045 -13.31 1.37 36.58 -1.9233860560571538 0.76936936
Car 0.00 2 -1.458400116362844 436.84 182.91 467.53 205.91 1.4837406169442844 1.6416832052828216 3.761845739685097 -10.29 1.29 47.70 -1.6708674879668661 0.98510736
Van 0.00 1 -1.3543919334795813 458.95 170.14 483.70 200.84 2.136395126127205 1.8986157156606747 4.995984470301914 -12.09 1.29 64.01 -1.541069531984896 0.53193885
Misc 0.00 1 1.3485190282252173 499.46 163.96 531.71 202.01 1.6566597673861694 1.6719924614490413 4.3859566619024655 -6.81 1.15 53.08 1.220919173123566 0.9999988
DontCare -1 -1 1.7240908751871924 0.00 169.40 83.03 374.00 1.4802215810684871 1.6038210236193085 3.7291264106855775 -1000 -1000 -1000 2.5094890385846407 0.95468414
