Car 0.14 3 -1.1737943748619895 0.00 215.43 256.87 374.00 1.5015233125357341 1.549013606524601 3.609269457064667 -6.02 2.07 9.20 -1.7532199939839574 0.7075802
Car 0.00 0 -1.6893859590080123 584.30 189.51 650.98 235.66 1.5213448883785319 1.7085242413641357 3.4203396608457948 0.14 1.99 24.71 -1.6837202972512453 0.9999999
Car 0.00 1 1.955585436024938 793.55 170.53 923.42 225.43 1.4258356693951797 1.679864655500784 3.6488200595007325 8.39 1.70 24.56 2.2847685329740184 0.949595
Car 0.00 2 -1.6142238388445715 574.63 187.31 622.82 226.87 1.5396841525851201 1.6338288888992214 3.7177688201294328 -0.57 2.13 30.40 -1.632971642042316 0.75864816
Car 0.00 0 1.577162745935146 403.77 190.55 447.20 222.65 1.5496954195021104 1.6257890884490156 3.9730833192692185 -9.95 2.57 39.03 1.3275475170092923 0.99539524
Car 0.00 2 1.9797685901310782 722.10 179.09 833.68 216.12 1.4899788837699603 1.6737638816894436 4.087126957379379 7.12 1.78 30.86 2.2065201053881043 0.9814431
Car 0.00 2 1.2520525912430625 762.24 177.05 880.12 220.46 1.4130079526273918 1.5673418485285187 3.567058669529953 8.02 1.73 27.60 1.534844668888744 0.9918944
Car 0.00 1 1.7936633537199835 563.38 182.07 586.18 205.00 1.5428861308662605 1.6152032215805197 3.5807335545645143 -2.91 2.54 59.26 1.744597131044944 0.8624503
Car 0.00 0 -2.0491359988835196 706.02 199.61 951.78 341.06 1.4847031760780525 1.6863729052902603 3.940096745394268 2.52 1.76 9.44 -1.788269894062123 0.9814843
DontCare -1 -1 -2.549789802232061 448.75 182.47 542.84 218.34 1.4253707233636093 1.6653615862788105 4.102593885861435 -1000 -1000 -1000 -1.7643916388346126 0.57897365
DontCare -1 -1 -0.6103149811413626 202.30 192.18 288.63 217.70 1.5255569032213103 1.6888907395960235 4.210881846152343 -1000 -1000 -1000 0.17508318225608566 0.96775
DontCare -1 -1 1.3005275289204459 1088.50 166.95 1239.99 373.00 1.5112289454607677 1.636687799608841 3.87697212410728 -1000 -1000 -1000 2.085925692317894 0.8823434
DontCare -1 -1 -1.6510521481421332 992.78 174.06 1097.87 216.40 1.455489322897644 1.6747810498536968 3.871424348220327 -1000 -1000 -1000 -0.8656539847446849 0.96832305
