Pedestrian 0.00 1 2.293312088647161 605.29 175.81 627.76 235.71 1.699118794352169 0.6316718775120449 0.45529378631805417 0.28 1.57 21.35 2.3064260909246364 0.86688495
Pedestrian 0.00 0 0.39147336880234285 620.38 170.26 644.06 238.88 1.7587825823019994 0.6926294843939018 0.7643232611725235 0.75 1.51 19.56 0.42979815238006336 0.98992527
Pedestrian 0.52 0 1.4171543727305274 0.00 187.90 66.79 332.03 1.7746380897614908 0.6635942216304016 0.888188388736 -7.63 1.84 9.13 0.7210171950466845 0.8789262
Pedestrian 0.11 0 2.162154928841863 93.37 172.50 200.40 373.00 1.7261922764036608 0.6723868529585075 0.7197559742042923 -3.99 1.75 6.25 1.5939776362030935 0.9322244
Pedestrian 0.00 0 1.5533200009402375 832.90 154.08 908.76 336.87 1.833530151695366 0.642245801099844 0.883120494966408 2.70 1.52 7.49 1.8993010128363919 0.9923161
Pedestrian 0.12 0 -1.8138740370657782 1037.02 138.05 1163.93 373.00 1.7524274936321926 0.6730537469771576 0.9940893916199112 3.61 1.50 5.47 -1.230526499343241 0.90256596
Pedestrian 0.00 0 1.477647409835134 533.13 171.85 561.34 244.24 1.7643604794893217 0.6422969083574486 0.6438495335886383 -1.41 1.56 18.37 1.4010420325926238 0.9507403
Car 0.00 0 1.6409951160338263 368.80 156.12 512.85 266.69 1.5325151499180507 1.6294970589415574 4.017612369857826 -3.40 1.63 16.13 1.4332489442793683 0.8024182
Van 0.00 2 1.5897485921767096 467.22 162.52 546.75 237.04 2.2726157899131394 1.9830069789742661 5.247843099588203 -2.87 1.55 22.78 1.4644212031441455 0.9883674
Person_sitting 0.00 1 -1.6495019207384924 800.40 184.52 850.21 266.81 1.509995440375657 1.5330606319667244 3.9681853671894456 3.61 1.36 11.72 -1.3507032289694452 0.99935514
DontCare -1 -1 1.6131633455541472 554.61 173.51 579.58 201.60 1.6385559890238952 1.6317545531974578 3.8208133821711923 -1000 -1000 -1000 2.3985615089515955 0.97618437
