Car 0.00 3 -1.2110881070282797 9.94 202.75 202.73 316.29 1.452552333828659 1.6164526262046242 3.6920467784033204 -8.08 1.98 11.88 -1.8083568546317017 0.9865155
Car 0.00 0 -1.8795118192818503 466.86 183.70 522.95 222.70 1.449740372952671 1.508122085845604 3.240709679328003 -4.60 1.82 28.19 -2.041264630850633 0.9997081
Car 0.00 1 1.915276245274816 642.76 165.42 746.04 210.12 1.4761941920785617 1.6722430058480644 4.088605495296516 3.42 1.48 29.54 2.0305383061525175 0.7074654
Car 0.00 0 1.5896982020374875 280.75 184.64 323.58 214.89 1.5549640510050964 1.6511700854362392 3.85485577689121 -17.24 2.26 40.48 1.1870745269400897 0.99997663
Car 0.00 1 -1.5584436013039689 434.89 176.52 459.28 198.51 1.4991310465900611 1.6305433672578478 3.8484225050882483 -13.91 2.11 61.38 -1.7813004449336816 0.89640087
Van 0.44 0 -2.3730881373074393 730.35 110.21 1241.00 374.00 2.2021321165492154 1.8178526410912705 5.319089112633514 2.91 1.64 6.23 -1.9361095454226165 0.96536595
Car 0.00 0 -2.1466999808934073 561.54 190.50 713.30 278.93 1.4989012911735486 1.6349877773509764 3.879256276540556 0.31 1.71 13.53 -2.1237919416461293 0.9999999
DontCare -1 -1 1.8363901833680014 326.50 174.71 416.71 211.23 1.4898895922867965 1.6719280064762974 4.126330452166595 -1000 -1000 -1000 2.6217883467654497 0.5710272
DontCare -1 -1 2.0316246012833457 616.85 173.98 663.77 188.60 1.442028612252922 1.626109683206811 4.076314823828735 -1000 -1000 -1000 2.817022764680794 0.9993087
DontCare -1 -1 1.6209009858455996 0.00 238.56 141.71 373.00 1.657637149450035 1.6707286939681911 3.8071011063979054 -1000 -1000 -1000 2.406299149243048 0.96842915
