Car 0.00 0 -1.338077233233724 208.48 181.03 456.19 329.94 1.4950212765304756 1.6118248582543278 3.6161632408724214 -3.25 1.53 9.18 -1.6783381773008117 0.9998605
Cyclist 0.67 1 -0.8214229504254202 1188.69 129.05 1223.00 208.12 1.7601676690746402 0.550201372912426 1.4737153454149627 15.15 0.64 16.92 -0.0911606167805491 0.649154
Pedestrian 0.00 0 -1.3434503386404852 596.98 153.18 643.29 236.55 1.7811988698694659 0.709495110371418 0.9179394436786079 0.31 1.23 16.07 -1.324162127351125 0.70072114
Cyclist 0.00 1 1.1381003717568259 895.60 150.10 946.02 194.27 1.7342667933907663 0.5660852191208792 1.5860463632667923 12.53 0.53 28.09 1.557678148500916 0.73444885
Pedestrian 0.00 2 1.6874226192620139 394.40 155.72 428.66 252.02 1.7946264757219506 0.6572468410518837 0.8435567324767017 -3.67 1.34 13.62 1.424217255952604 0.85729396
Cyclist 0.00 0 -1.7924406091359 896.04 147.62 926.12 200.03 1.7491898942161654 0.5512850784867 1.744207796680417 10.46 0.64 24.19 -1.3843103308592108 0.79262674
Pedestrian 0.00 1 -2.015251145758901 149.42 177.66 182.55 246.43 1.773563261553998 0.6450057271209431 0.9063206078270578 -11.06 1.66 18.05 -2.564987398243344 0.9743448
Pedestrian 0.00 2 1.6374800811198096 127.59 181.34 156.20 248.35 1.751334381699915 0.5604906062868309 0.9237383981952572 -11.09 1.65 17.46 1.0716036944177603 0.6847964
Cyclist 0.00 2 -1.4837437505510191 298.40 166.92 391.34 252.19 1.6681856434215163 0.5354817302136612 1.2117510540808105 -5.49 1.43 14.85 -1.8378571025325063 0.99922466
Pedestrian 0.00 0 -1.5473837378111224 125.61 178.15 162.35 248.88 1.7200808650258732 0.6489044669357014 0.7736604405352974 -10.67 1.56 16.44 -2.1230744811718174 0.9619167
Pedestrian 0.00 0 -1.539734480032001 67.17 172.62 117.87 262.35 1.7666171914342594 0.6473877671447468 1.0478653279850387 -10.63 1.65 14.70 -2.1658153641888984 0.98997974
Pedestrian 0.00 2 -1.1439397195961813 233.14 162.88 259.99 248.91 1.7299379812929583 0.6209981571224403 0.6903517959425354 -8.22 1.55 16.37 -1.6092963113082215 0.9229503
Car 0.10 1 -0.9252028624203543 1087.15 149.70 1223.00 188.30 1.5008693694888067 1.7199510329128647 4.091859104238548 19.70 0.24 25.14 -0.26053492912856646 0.9955651
DontCare -1 -1 -1.0604397813465933 460.73 161.55 531.77 193.70 1.466909401473255 1.6560737185837173 3.7526810487137223 -1000 -1000 -1000 -0.27504161794914506 0.98319757
