Car 0.85 0 -1.4621285433557372 1059.02 197.52 1241.00 374.00 1.4594781737594318 1.619310354134574 3.172652857504883 6.13 1.67 5.45 -0.6180758025596242 0.7535405
Car 0.55 0 -2.175793663659368 0.00 180.37 246.14 342.47 1.3505327258078765 1.6667123951674843 2.948025183878937 -6.47 1.65 7.75 -2.8714197011954563 0.83728755
Car 0.00 0 -1.8560878495362143 639.02 184.51 675.03 210.63 1.5106088708905887 1.6133772835792446 3.8177636248395825 2.50 1.98 39.60 -1.7930402076784804 0.9383659
Car 0.00 2 -0.6968462030079703 425.28 178.56 524.54 214.75 1.5051609635172796 1.6994776718975448 3.8115244192407514 -6.18 1.86 33.10 -0.8814279255475309 0.9567644
Car 0.00 1 -0.976848498978887 719.25 183.38 843.20 229.59 1.5278324250882875 1.6656711318255806 4.117828266821899 5.84 1.89 25.04 -0.7477175656005484 0.6333938
Car 0.00 2 -1.7967151860382895 290.87 171.53 460.23 240.88 1.4640235196618747 1.679932954973116 4.5000260641203305 -6.35 1.76 19.77 -2.107500599656166 0.9999895
Car 0.00 2 1.354483843841825 224.91 183.71 440.36 261.87 1.5141126880241942 1.6768143766285324 3.5563902427778626 -5.66 1.74 14.82 0.9896633728043118 0.999977
Car 0.01 3 -1.4192684600737433 0.00 185.31 359.81 308.77 1.4455511573521804 1.6027741015614414 3.5600696971044923 -5.86 1.72 10.09 -1.9454305110782484 0.8726827
Car 0.00 2 -1.589030467965875 820.76 183.85 1018.37 263.85 1.5004504605947446 1.769283830440178 4.339872645340957 6.45 1.81 15.32 -1.1905372040433475 0.99968016
Car 0.00 0 -0.40013916889694734 861.24 190.66 1098.81 277.48 1.4993409406213474 1.7112871848703766 3.6177696903572465 6.55 1.75 13.06 0.06473280435278522 0.9998246
DontCare -1 -1 1.347035483517919 527.67 167.59 637.93 203.46 1.4316080439655494 1.6813539371551418 3.8913189751432324 -1000 -1000 -1000 2.1324336469153673 0.9897977
