Car 0.00 1 -1.7642074833300452 661.37 180.58 728.14 232.80 1.5009860865591478 1.6346587513299131 3.8686945141629363 2.65 1.81 23.69 -1.6528090411300298 0.9999999
Car 0.00 0 1.872532800832067 94.44 203.11 391.34 373.89 1.4163351286022376 1.6767747395397568 4.20545517107109 -3.87 1.82 8.17 1.430158577855322 1.0
Car 0.00 0 2.6238992969181876 849.79 166.45 1086.83 235.35 1.4909937087266159 1.699945635414257 4.333092140160598 8.16 1.37 16.79 3.076287199702464 0.9973253
Car 0.00 2 2.0912507931378226 818.94 148.86 1004.67 223.19 1.600543603655548 1.7064644985557937 4.4786380102262875 8.16 1.31 19.87 2.480920914772925 0.9612037
Misc 0.00 1 -1.3023305098202567 386.41 205.45 445.84 237.23 1.521762883179487 1.5872078866423511 3.839312238745489 -6.44 2.04 23.99 -1.564592608038764 0.7025919
Car 0.00 2 -1.4458850036051611 414.30 183.89 478.14 229.86 1.5193795588618528 1.6236927688778782 3.85495936976383 -6.33 2.08 28.09 -1.667529794840196 0.99477565
Car 0.00 2 -1.7139302949097495 279.14 194.23 400.63 265.17 1.5392642881540965 1.6342126608551883 3.439684437714615 -6.32 1.98 17.14 -2.067191026066111 0.9989951
Car 0.00 0 2.415261105695043 766.22 164.48 900.92 212.52 1.5503098502574872 1.6250828535021686 3.8263562378809834 7.94 1.37 26.00 2.7116505639930586 0.9899155
Car 0.00 1 1.7081164429571967 470.45 184.26 512.69 214.43 1.5117883108375978 1.623014464295044 3.710475998126068 -6.45 2.17 39.46 1.5460926268815756 0.9999342
Car 0.00 1 -1.6878653774645667 1049.30 152.35 1174.23 193.20 1.5082208443252754 1.7273578413487816 3.9563106318340684 22.39 0.87 32.34 -1.0823046348796486 0.5082836
Car 0.00 2 2.57309885422257 1006.05 157.08 1124.05 190.22 1.5266307693725836 1.7099337794543648 3.7520184760318185 22.44 0.82 35.74 3.133757847151899 0.7023614
Van 0.47 3 -1.4556992957976203 1140.79 134.02 1241.00 194.01 2.236464723490677 1.91741532702796 4.826902119272995 22.38 0.72 26.06 -0.7461257552447266 0.9983034
DontCare -1 -1 1.1222672025349478 509.16 178.82 568.38 206.72 1.5142642742773902 1.6649350889684105 3.98934152921299 -1000 -1000 -1000 1.907665365932396 0.6824763
DontCare -1 -1 -1.458817527690206 728.85 166.95 759.55 194.41 1.5235943634814035 1.6244578205706024 3.8904677165077115 -1000 -1000 -1000 -0.6734193642927577 0.9886049
DontCare -1 -1 -0.9097327748921256 596.92 173.92 612.25 189.25 1.471988223847599 1.662741012191906 3.8277643286959315 -1000 -1000 -1000 -0.12433461149467728 0.9597643
DontCare -1 -1 -1.3741138885405402 616.85 176.06 647.10 196.94 1.5581516962318134 1.6279243298531914 3.89198134293417 -1000 -1000 -1000 -0.5887157251430919 0.9508711
