Car 0.00 0 -1.5152634317663054 576.76 174.19 653.14 243.76 1.397740915772171 1.6885062970878029 3.4246452917681123 0.16 1.34 18.61 -1.506666115382177 1.0
Car 0.93 3 -0.7002462903645377 0.00 196.53 54.70 325.28 1.2982778701750946 1.4282630079151535 3.5797774662599946 -8.03 1.66 7.59 -1.5138060207498785 0.9429407
Car 0.80 0 -0.8571307222035269 0.00 183.02 317.80 375.00 1.5411435574112844 1.7512940310598755 3.7033721228466416 -3.71 1.63 5.01 -1.4945363017438769 0.961744
Car 0.00 1 -0.9996625939991812 180.22 187.49 327.43 255.21 1.4263512197701644 1.5749428339959526 3.395147847138443 -8.51 1.50 17.64 -1.4491526652965723 0.999856
Car 0.00 0 -1.112977580228124 351.31 180.95 471.99 259.95 1.453180358168335 1.5474901043535614 3.5788690616712953 -4.31 1.48 16.21 -1.3728502973862728 0.9999815
Car 0.00 1 -1.5452668807145695 455.39 182.83 512.27 221.31 1.4910703025577974 1.578866488552227 3.7945152093992616 -4.79 1.30 27.97 -1.7148764520080901 0.9791884
Car 0.00 1 -1.501249791183744 495.00 179.69 539.10 210.42 1.6462747830717277 1.7087646343470955 4.565582769118347 -4.50 1.17 36.00 -1.6256047857305054 0.9817539
Misc 0.00 1 -1.3127152482655386 507.60 143.20 562.59 201.08 1.5695362318126869 1.7235728718997383 4.239867733918228 -4.77 0.91 49.36 -1.4090530544757882 0.6133102
Car 0.00 2 -1.5769339367423694 185.28 184.67 300.16 232.78 1.4221751842467498 1.5895304226042175 3.9509379883633042 -12.53 1.48 24.96 -2.042182825399382 0.99999976
Car 0.00 1 -1.2649308602002005 278.39 183.33 349.17 219.73 1.5044002983538818 1.5765602954389 3.9059669395313645 -12.86 1.41 31.60 -1.6514245378557129 0.99998915
Van 0.00 1 1.5413219137724976 414.79 173.00 453.83 200.64 2.236164528422556 1.8803240345870686 5.247283233159828 -12.34 1.04 51.32 1.3053495322641235 0.99889755
Car 0.00 2 -1.163455800214086 632.39 180.27 651.46 195.27 1.4944626506237697 1.611538606947794 3.9335838725195313 3.55 1.00 74.15 -1.1156164016905838 0.8623915
DontCare -1 -1 1.5646296516668539 673.97 179.10 691.07 195.55 1.5999361578194808 1.6796808720291996 4.005923213563957 -1000 -1000 -1000 2.350027815064302 0.62473965
