Car 0.98 0 1.2267250577595572 929.66 184.48 1241.00 374.00 1.5865563902823638 1.7498132877708816 4.055619510017433 3.11 1.54 3.00 2.0301245497968483 0.64939827
Van 0.00 0 -1.6958104679968695 701.62 47.95 1002.20 314.73 2.2669471497764206 2.012721697435303 5.0432577299118515 2.94 1.54 10.69 -1.4274225151246227 0.870653
Car 0.00 2 -1.575847152681325 682.59 165.18 774.68 246.00 1.535517970454545 1.6404396326006794 3.8521421962753917 2.82 1.64 18.20 -1.422124508978268 0.9803592
Car 0.00 2 -2.2223983565953116 665.87 177.20 733.95 228.92 1.5284121780475985 1.629937398499384 3.7333769669161225 2.81 1.69 23.57 -2.1037390730431307 0.5056218
Car 0.00 1 -1.8347552875664572 633.41 179.74 679.09 214.28 1.4953978083847475 1.5876593061448478 3.8424321526066447 1.99 1.77 32.34 -1.7732990708854202 0.9635733
Misc 0.00 1 1.4572448591378073 293.90 195.29 319.26 233.82 1.5764351825980853 1.636644314295187 4.037373500071563 -10.89 2.10 25.78 1.057561114724881 0.99416393
Car 0.00 0 -1.6228299337115626 467.01 186.58 506.57 216.92 1.4443956244556617 1.5774107419611358 3.8431564747692133 -6.03 2.03 34.89 -1.7939682316558585 0.9371756
Car 0.00 1 1.6604069555785994 601.88 175.98 648.61 208.97 1.5115244038222742 1.5952873074175262 3.815459935121336 0.75 1.88 39.24 1.6795177785115376 0.9920333
Car 0.00 0 -1.7881615916874747 572.64 181.18 606.16 203.18 1.513805082422347 1.6252367675961399 3.6304384638891602 -1.52 2.09 51.38 -1.8177364614138976 0.6645124
DontCare -1 -1 -1.6948440010335784 507.62 175.36 575.84 207.35 1.4519948366849136 1.657464965498581 3.939633937679329 -1000 -1000 -1000 -0.9094458376361301 0.9562321
DontCare -1 -1 -1.5115806805577616 452.64 177.94 467.16 200.87 1.4931253999291372 1.645059078252449 3.825763492040434 -1000 -1000 -1000 -0.7261825171603133 0.63237935
