Car 0.96 0 1.970730380215917 907.55 189.67 1241.00 374.00 1.5911856297223281 1.6471286334754371 4.416482227049865 2.86 1.59 3.10 2.7158818318382245 0.5237455
Car 0.00 0 -1.2859696010735373 138.00 208.17 394.52 354.63 1.4636190388171386 1.6657254540087127 3.7071932574139024 -4.21 1.93 9.38 -1.707847874493745 0.999995
Car 0.00 0 -1.6150897751238684 699.77 182.68 826.68 275.63 1.464015860465021 1.6186598923714304 3.6745544691906358 2.64 1.67 13.33 -1.4195703856804816 0.99999857
Car 0.00 0 -1.232475803294454 375.63 185.55 485.70 262.38 1.4650342020957183 1.5936194018186474 3.6148540099487687 -4.52 2.07 18.65 -1.4702503443398642 0.9988403
Car 0.00 0 1.6772313798454146 477.03 185.06 525.73 224.20 1.6098465774028015 1.6952366971136474 3.927987279497185 -4.87 2.19 32.55 1.5287170275368354 0.9999964
Cyclist 0.00 0 2.111652330556188 567.69 179.82 577.51 203.76 1.8405818487871741 0.6089478933422756 1.9787660045946502 -2.96 2.40 56.99 2.05976002286248 0.56591636
Cyclist 0.00 0 1.85791011253861 579.56 179.89 588.82 202.46 1.7052910249103164 0.5814203170298529 1.84421156630167 -2.06 2.32 57.28 1.8219619183525124 0.53064525
Car 0.00 0 -1.7974293241885047 513.94 185.76 546.80 209.48 1.4968594558356714 1.6361610351787352 3.681863414250412 -5.33 2.36 48.60 -1.9066635571421038 0.60123914
Car 0.00 1 -1.6508429581907134 634.48 180.64 654.39 197.06 1.4336150366632652 1.5979336567880058 3.5403174032793427 3.30 2.27 69.33 -1.603280413701581 0.984677
Car 0.00 0 -1.6585637564447264 653.45 178.53 706.17 221.70 1.5419034048734617 1.6047122024656677 3.2663631608114625 2.71 1.85 29.00 -1.5653860790341743 0.9998393
DontCare -1 -1 1.532309458651815 616.30 174.71 630.82 202.17 1.574280888196678 1.5931250595213318 3.964224713049927 -1000 -1000 -1000 2.317707622049263 0.63668895
