Car 0.75 0 -2.03862322966126 847.26 181.38 1241.00 374.00 1.488829896208496 1.5567872070433044 3.8780513276682282 3.14 1.54 4.91 -1.469656879404543 0.75672966
Van 0.00 1 1.4295945028450827 689.69 76.72 923.24 290.51 2.2406684677233315 1.9467818649565412 4.784391311758804 2.93 1.60 12.61 1.6578986763020076 0.6895553
Car 0.00 2 -1.45850166777638 675.36 168.07 755.81 240.21 1.5430374353943777 1.6557894975603962 3.8733592286110903 2.79 1.69 20.13 -1.320779954252949 0.93398577
Car 0.00 2 -1.9730984131481986 661.92 177.10 724.00 224.73 1.5425421096204233 1.6222781941951656 3.510314272843399 2.81 1.70 25.43 -1.8630454736687063 0.9912952
Car 0.00 1 1.3305356810477118 632.63 183.72 674.80 216.59 1.4858837019471836 1.6536987752379322 3.699405880771675 1.99 1.98 34.21 1.3886403283122561 0.6680894
Car 0.00 0 -2.2482995549824576 474.62 189.40 512.71 218.39 1.4991585634468507 1.5783977129222297 3.522570030890503 -6.01 2.22 36.81 -2.410142386459571 0.8305953
Car 0.00 1 -1.433093131580625 601.87 181.66 646.65 213.12 1.4672389741806697 1.6440046981634044 4.067601652942695 0.74 2.20 41.13 -1.4151033389987198 0.5142126
Car 0.00 0 -1.677540079751287 573.77 185.67 606.20 207.14 1.5471038803277921 1.6468333893181228 3.789402427278557 -1.53 2.45 53.25 -1.7062645713508835 0.9988188
DontCare -1 -1 1.5443290891733508 523.15 178.59 570.67 206.05 1.5178545996366453 1.666588711804285 3.9126941767857457 -1000 -1000 -1000 2.329727252570799 0.80055207
DontCare -1 -1 -2.439860419431005 453.93 181.83 469.10 203.47 1.5036130625574302 1.6295786614255452 4.0279572625980755 -1000 -1000 -1000 -1.6544622560335567 0.9236189
