Car 0.85 0 0.9059385220196585 0.00 216.23 192.61 374.00 1.6010940376488876 1.664609174496069 3.7368568201885606 -5.73 1.91 6.22 0.16152158517703163 0.9940078
Car 0.55 1 -2.3956790725376944 837.57 179.35 1241.00 374.00 1.6957360509602737 1.6942595385671997 4.340002255641021 3.20 1.63 5.72 -1.8856167356856735 0.9901647
Car 0.00 1 1.8816205720093588 150.02 195.33 351.32 307.15 1.5342839475540828 1.715804591095581 4.066758485637703 -5.74 1.90 11.92 1.4328467815475883 0.9971488
Car 0.00 1 1.220627592006002 716.05 180.07 837.59 257.65 1.4769468348293018 1.6026329465867424 3.361585574351349 3.40 1.62 15.53 1.4361581160356856 0.99998724
Car 0.00 1 1.9076045612480979 363.32 185.25 467.21 243.03 1.4512494433490943 1.5586060278774643 3.9742693101392175 -5.59 1.87 21.08 1.6483904011231398 0.99999666
Car 0.00 2 -2.2603250900891165 684.06 180.96 769.70 236.19 1.5629938732652378 1.6672203161479378 3.7112960090265656 3.31 1.71 21.33 -2.106372532534858 0.7863198
Car 0.00 1 1.6468337784197669 474.07 178.53 517.51 211.83 1.5134530136181426 1.6622003645361805 3.818100573621788 -5.68 1.86 36.02 1.4904314965421697 0.9999975
Car 0.00 1 -1.6014971854772906 661.10 176.55 714.50 215.77 1.4295807558862876 1.6964627199531936 3.9832404275761033 3.12 1.68 29.87 -1.4974219615481887 0.9999943
Car 0.00 1 -2.0891637365010123 503.46 174.55 559.30 193.03 1.4990448042570066 1.5782854997278595 4.015867473684349 -6.64 1.67 60.82 -2.197907671680602 0.94444823
DontCare -1 -1 2.3681596676495413 151.84 181.18 304.15 191.18 1.4827899824647617 1.6486624826402807 4.184489207469024 -1000 -1000 -1000 3.1535578310469896 0.8252455
