Car 0.00 0 -1.5631457027655582 575.59 180.23 611.55 213.02 1.4419624808995437 1.6715268821181202 3.684730740390816 -0.77 1.35 37.38 -1.583742040822658 0.9999608
Car 0.00 0 -1.0883787433293204 185.71 191.01 337.38 264.97 1.6092928726045799 1.509064211762085 2.809711473189392 -7.59 1.56 16.09 -1.5291487753929744 0.98537284
Car 0.00 0 -1.3448420772936682 338.47 193.63 488.73 288.12 1.4302393872110557 1.683513186192646 3.6911731680260087 -3.40 1.57 13.24 -1.5962081624235043 0.99959177
Car 0.00 2 -1.4245147864010672 337.57 186.00 419.46 232.05 1.5040333311824512 1.7176811837316894 3.896186819426813 -7.99 1.50 25.28 -1.730639748741019 1.0
Car 0.00 1 -1.477106207111154 451.35 186.05 512.23 224.52 1.4381942603556823 1.655659712171688 4.281809436284103 -5.01 1.44 28.96 -1.6484079645605771 0.99999976
Van 0.00 0 -1.4987696195628981 504.28 160.27 547.07 208.58 2.206094128557048 1.9449936362063123 5.161292372101593 -4.96 1.31 44.07 -1.6108461978354036 0.9985385
Car 0.88 1 2.4176625172283988 0.00 191.28 52.44 271.52 1.441227317210884 1.5191533409716034 3.6710094680414582 -12.29 1.64 12.66 1.647092926186072 0.81003135
Car 0.00 2 -1.6547009209778647 163.47 190.91 274.63 237.82 1.4533702511160087 1.4950359307886505 3.3185466696844483 -12.57 1.56 23.45 -2.146758573563236 0.99999976
Car 0.00 1 -1.4072792092945914 263.06 182.01 343.54 223.38 1.5190136776125442 1.6055485077859306 3.7186847945080186 -12.97 1.51 30.84 -1.8053811945090739 0.9998487
DontCare -1 -1 -1.44789465616015 0.00 208.83 41.66 275.70 1.5244120460754644 1.5825913280905628 3.569323407612839 -1000 -1000 -1000 -0.6624964927627017 0.95831656
