Car 0.00 0 1.8086737702277045 387.65 196.18 484.86 272.10 1.5014785941509914 1.581395491278305 3.4616164733992005 -4.08 2.12 17.33 1.57745445671341 0.9998235
Car 0.66 0 -1.9663063446667532 843.03 202.81 1241.00 374.00 1.98071514105484 1.6966156207682037 5.4742639233694455 3.01 1.78 5.11 -1.4339838334339072 0.9842074
Car 0.00 0 -1.8782678107407431 715.23 191.10 869.19 300.47 1.496608471852393 1.6430795819224262 3.6178871413097764 2.76 1.80 11.75 -1.6475566681720055 0.9926254
Car 0.00 2 -1.8261781791832785 664.61 189.51 768.14 265.92 1.43996337836668 1.6180010058642769 3.673818053804436 2.25 1.88 16.37 -1.6895874766913939 0.999843
Car 0.00 2 -1.7923402647164206 642.49 190.20 715.48 242.62 1.5226743094442796 1.6483792078406954 3.8381854725406552 2.00 1.97 22.49 -1.703645169084972 0.9953993
Car 0.00 2 -0.9772014776852469 435.63 196.55 508.61 248.94 1.5634043182997417 1.6662071154178524 3.850418461613455 -4.33 2.22 23.02 -1.1631263859972427 0.96028095
Car 0.00 2 -1.1282166401532034 463.06 194.61 511.11 236.01 1.4431462812988471 1.5822054923237705 3.424016254149475 -4.85 2.36 28.63 -1.296026240914482 0.64485794
Car 0.00 2 -1.4591904590514044 481.48 194.37 525.79 228.42 1.5392493106244516 1.5951544561149025 3.5900002886877442 -4.88 2.43 33.29 -1.6047443423807233 0.59017533
Car 0.00 2 1.4923983673241477 769.87 173.81 845.31 210.70 1.5068492911575746 1.6559397943974876 4.326231645546951 11.30 2.13 41.55 1.757937513041513 0.6002707
DontCare -1 -1 -1.484816395738397 534.79 187.00 645.70 226.11 1.5109669904975604 1.6713661246658706 3.854112338401475 -1000 -1000 -1000 -0.6994182323409488 0.9417882
