Car 0.53 0 -2.0003774325039725 865.66 182.54 1241.00 374.00 1.60852987354681 1.6536691889823818 3.396389531098404 3.55 1.69 5.93 -1.4609504877387094 0.9999496
Car 0.00 0 1.7592576454069953 430.21 164.87 546.81 271.66 1.5537329617707443 1.4968993209959411 3.0006776024923707 -2.36 1.75 14.76 1.6007080802923914 0.89119685
Person_sitting 0.12 0 1.1690077344563345 871.92 185.38 985.06 374.00 1.5762395601539325 1.650465919888153 3.894339313857355 2.61 1.75 6.09 1.573899520741418 0.94498783
Car 0.92 0 2.347164169945989 0.00 211.46 321.58 374.00 1.580842603352518 1.6855292909504318 4.49561704894165 -2.94 1.72 3.57 1.6582397817311276 0.5923142
Car 0.00 1 1.5046081776407103 721.88 184.63 821.33 246.50 1.4669924605457496 1.627782820975914 3.479525314770737 3.98 1.69 18.59 1.7155178224011585 0.9927792
Car 0.00 1 1.4009829620507102 774.35 186.93 939.19 293.63 1.5317375682114076 1.6538044393719578 3.730010615788498 3.97 1.73 12.50 1.7085073240873736 0.9808641
Car 0.00 1 1.5064403871682028 558.35 176.62 592.55 208.64 1.5618229102163028 1.6195741009624147 3.5923728217707063 -1.73 1.72 36.41 1.4589616761971271 0.9746447
Car 0.00 2 1.8516976992276053 492.49 179.89 565.20 238.95 1.498124413546772 1.6693140671314144 4.27391152282814 -2.25 1.72 20.46 1.7421671474627076 0.7828562
Car 0.00 2 -1.711962149539266 715.86 182.75 781.77 233.18 1.4935713507054758 1.6142647036076927 2.3869272639379884 4.42 1.84 23.55 -1.5264347399751754 0.5579611
Car 0.00 2 -1.5483588139202933 696.60 180.29 747.72 217.73 1.482445769366474 1.6609993830980205 3.4095144142733003 4.63 1.80 30.32 -1.3968249478555064 0.9999839
Car 0.00 2 -1.669260204830442 683.47 178.78 726.69 211.22 1.456694923695774 1.6524584137560272 3.8357529790476943 4.53 1.78 35.00 -1.5405471736978589 0.9986633
DontCare -1 -1 -1.9759819666531424 594.95 168.24 683.22 202.82 1.39836760645792 1.6024215587140465 4.247465567790069 -1000 -1000 -1000 -1.1905838032556941 0.9706717
