Car 0.77 0 -1.5901161591198782 0.00 182.48 192.03 374.00 1.6082419980137062 1.6478496540994787 3.472661571703949 -6.32 1.77 6.25 -2.381083079590295 0.96497893
Car 0.43 3 -1.7646145383503775 0.00 180.95 215.70 324.66 1.6464090723364067 1.6570429646135711 3.7321434934959794 -6.95 1.70 8.82 -2.4319842649854206 0.99981576
Car 0.00 2 0.9423244754460196 33.81 190.74 341.70 302.75 1.654165909048767 1.5942916267277145 2.9335785677061463 -6.34 1.82 11.08 0.422595384195972 0.9910556
Car 0.00 2 -2.1673662225392203 105.65 180.24 378.82 270.34 1.6371474791137886 1.6405594565631294 3.9382296969519044 -6.85 1.73 13.61 -2.633655445589224 0.99575907
Car 0.00 2 -1.1394776860859732 246.07 182.74 425.01 254.02 1.4996717165975284 1.6844384141923332 3.9754632433281327 -6.82 1.92 18.14 -1.499093868898147 0.9993061
Car 0.00 2 0.9501979509976248 279.58 172.10 453.09 249.77 1.5948998931615066 1.6730259650112533 4.1318236460314175 -6.91 2.09 20.69 0.6278675184404063 0.643702
Cyclist 0.00 0 -1.6764028380301337 533.14 188.15 548.71 225.14 1.7568536359239673 0.5689964384942245 1.8341463758076095 -3.12 2.29 32.38 -1.7724620604599515 0.9962747
Car 0.89 0 -1.9078099290516715 878.30 216.53 1241.00 374.00 1.5420528281299781 1.5721878551603699 4.4293680359945675 2.75 1.71 3.79 -1.280112715831626 0.8847099
Car 0.27 3 1.4198060343649725 931.18 177.27 1241.00 327.58 1.6129265058605384 1.669967613434925 4.287131177388229 6.27 1.75 8.90 2.033541997941378 0.533428
Car 0.00 2 -1.8367337743428092 870.72 186.29 1146.98 294.82 1.6315131563512992 1.654301210558548 3.073405461512604 6.05 1.78 11.36 -1.3473705979277588 0.99964166
Car 0.00 2 1.4170733849194388 816.03 193.75 1018.94 276.25 1.5093048255710315 1.5849939838708782 3.4792708327398683 5.90 1.92 14.19 1.811113678851791 0.91885906
Car 0.00 2 -1.630406473824058 801.29 187.38 949.16 257.51 1.394349545594902 1.6223723248304271 3.5668780376539613 6.06 1.86 16.79 -1.2840286117013038 0.9998927
Car 0.00 2 -2.5867257873204093 751.21 190.73 920.94 255.29 1.5787697251705837 1.623312938279047 3.7935169284568215 5.91 2.08 19.27 -2.289138765020029 0.99730456
Car 0.00 2 -2.0985371033337454 723.87 192.60 877.59 243.93 1.4558168206183624 1.6739878610433483 3.717018576465645 5.76 2.08 22.22 -1.8448942445049354 0.6571794
Car 0.00 2 -1.3655737350371222 723.71 182.37 849.45 237.67 1.588924005982132 1.6780708127380752 4.101545008026161 5.90 2.11 24.53 -1.129535422050723 0.99997437
Car 0.00 1 -1.5707963267948966 399.42 189.15 507.58 225.38 1.476061128434391 1.6190475144149208 3.5734720995054627 -6.89 2.25 31.88 -1.7836455844640748 0.9986345
Car 0.00 2 -1.1769493083145957 427.65 191.12 520.00 224.21 1.4590217921702575 1.607844933188095 3.8434269597158814 -6.51 2.39 34.61 -1.362872883148596 0.78104717
Car 0.00 0 -1.6628371189024787 634.31 189.71 673.23 219.73 1.4582117501465988 1.626220994880929 3.7549231146798516 2.20 2.33 37.69 -1.6045323561471445 0.9796051
Car 0.00 1 1.7324280003693442 624.20 187.39 648.17 208.29 1.524365720227958 1.646346434271469 3.644527556501427 1.87 2.52 52.74 1.7678701114514481 0.9880833
Van 0.00 2 -1.533489347496305 610.69 178.30 625.86 196.05 2.1641193120857096 1.8987732358356548 4.997242769056606 1.11 3.10 98.78 -1.5222527279092686 0.67764425
DontCare -1 -1 1.7299656430867056 553.55 177.94 605.59 197.64 1.4668781500129413 1.6627459221245193 3.9401670192704583 -1000 -1000 -1000 2.515363806484154 0.9364028
