Car 0.00 0 -1.533296481766973 573.65 176.47 660.27 255.34 1.420472517964096 1.7391041286946678 3.4333509077654267 0.18 1.42 16.64 -1.522479595971051 1.0
Car 0.00 0 -1.1368304649975638 158.65 193.89 383.76 316.30 1.5011606741516303 1.637563324785366 3.4688336720095063 -4.60 1.54 10.30 -1.556854972650215 0.99444526
Car 0.00 2 -1.4884857470777373 110.19 184.68 294.01 268.28 1.4705628122954082 1.5996367440284633 3.4067707826719666 -8.34 1.50 15.16 -1.9914302392125238 0.9999999
Car 0.00 0 -1.3183585266259055 380.51 182.80 484.60 246.26 1.4809858094720554 1.623868384650483 4.036699460946121 -4.45 1.39 18.74 -1.5515004425055734 0.9999318
Misc 0.00 1 1.1263233284142355 439.59 121.36 543.98 222.82 1.6554069671599578 1.6862929754616165 4.188816981516876 -4.54 1.25 30.67 0.9793631414152387 0.8343541
Misc 0.00 1 -1.3938549915936331 536.28 149.73 571.04 196.66 1.5151900918042671 1.611280425703659 3.803904907904663 -4.84 0.90 66.50 -1.4665088395626364 0.9100344
Car 0.60 0 -1.6837274814632277 0.00 186.32 100.02 262.49 1.5540412332682323 1.73248652300848 3.825560951732197 -12.80 1.52 15.08 -2.387528171394375 0.59293324
Car 0.00 2 -1.2326719621804099 235.03 183.22 324.60 222.84 1.546243144553752 1.6559583612443352 3.6053678562269593 -12.41 1.31 27.42 -1.6576771067980045 0.9975581
Van 0.00 1 -1.5603409018975238 317.31 168.06 385.70 210.37 2.16877047113379 1.8553625742053224 4.411031244152832 -12.13 1.11 34.21 -1.9010853377507195 0.9999987
Car 0.00 1 -1.395211593308721 659.20 183.24 690.26 201.27 1.482817110028715 1.5686541043878937 3.698124813042679 5.56 1.27 59.42 -1.3019120690456538 0.99555594
DontCare -1 -1 1.8646788458016257 714.69 181.68 738.90 200.72 1.5017296470521402 1.620003584092989 4.0342876185999295 -1000 -1000 -1000 2.650077009199074 0.93242085
