Car 0.42 3 1.9078811267998557 0.00 204.34 103.16 304.34 1.5417354594735813 1.6740033880533123 3.9159604926929856 -10.25 2.05 12.71 1.229218636051543 0.9996158
Car 0.00 0 1.347037092843328 997.90 158.72 1162.44 246.55 1.425884075817318 1.5799765207530403 3.246585028372803 9.20 1.30 14.53 1.9114918639476595 0.99999595
Car 0.00 2 -1.3715246776726584 874.87 163.90 1000.97 244.48 1.5857707638113212 1.5373586707474136 3.8333705255166675 7.34 1.46 16.66 -0.9565351388183793 0.9794654
Car 0.00 0 -1.7928439686682562 349.98 184.62 408.02 222.08 1.4818847704498481 1.5727130614878082 3.3399792482481385 -9.46 1.87 29.24 -2.1057451965486407 0.99976844
Car 0.00 1 -1.5454120645907263 525.16 168.31 620.19 209.36 1.4778762500552844 1.657754241740837 4.195326762400665 -1.66 1.58 31.87 -1.5974516390435982 0.9694927
Car 0.00 0 1.3975354741003851 148.39 186.47 192.51 217.70 1.6117207784025382 1.5697988413931274 3.848245552867749 -23.95 2.34 39.36 0.8508997873797641 0.9939004
Car 0.00 0 -1.7116470346834998 310.74 177.23 335.42 199.48 1.4455108795134735 1.5741288357139969 3.4107671846971894 -24.10 2.17 60.67 -2.0897639980527387 0.99654007
Van 0.00 0 -2.236101226010595 586.61 140.22 952.55 360.18 2.2205693530966855 1.8509374993001653 5.193069634789276 1.50 1.68 8.86 -2.06839126623485 0.99989796
Car 0.00 0 -2.1242501894619803 449.64 191.92 583.01 267.12 1.5163579065172386 1.6498049956472063 3.740304688118496 -2.18 1.79 15.56 -2.2634469806020814 0.9993905
DontCare -1 -1 1.0650105039265494 194.53 177.94 287.97 212.52 1.491002783533783 1.6322538678259992 3.947304109238186 -1000 -1000 -1000 1.8504086673239977 0.80124617
