Car 0.00 0 -1.8137945244696478 706.03 187.97 824.88 272.35 1.5347392469464254 1.5984621860743904 3.495012955866852 2.86 1.45 13.91 -1.6110130202902382 0.999548
Car 0.00 0 -0.9269792000439505 27.95 179.52 250.00 283.64 1.5196372823609423 1.5724792175651932 3.6694196333513642 -8.13 1.49 12.85 -1.4910856050605759 0.9419848
Car 0.00 0 -1.336322651305471 255.03 186.69 448.82 303.33 1.5425571430294227 1.6442387805045986 3.842674545139172 -3.77 1.51 11.19 -1.6612869064756752 0.99858177
Car 0.00 0 -1.597425234564815 440.15 177.62 515.61 233.55 1.4671838063566398 1.6207327277125263 3.118659274779358 -3.92 1.35 21.99 -1.7738350287536964 0.99999976
Car 0.00 0 -1.5608253004637103 655.07 179.40 713.07 222.08 1.4915675263671588 1.6643936850787544 3.8509052965194965 2.74 1.25 26.85 -1.4591289262272442 0.6257494
Car 0.00 1 -1.4603724713113646 482.38 181.83 535.40 220.45 1.5273926005518448 1.660039588129654 3.4381642808542634 -4.06 1.34 29.87 -1.5954669097607197 0.9999229
Car 0.00 2 -1.3266390273955206 384.52 182.63 443.24 217.66 1.5672745186655235 1.6261109181405449 3.836708394937315 -8.37 1.31 31.22 -1.5885766648717132 0.99961674
Car 0.00 1 -1.5256376909699778 438.27 181.96 479.70 208.22 1.5967430699436378 1.5849297114373588 3.64520435234169 -8.50 1.24 41.24 -1.7289018373826779 0.9999993
Car 0.00 1 1.3596013794329505 527.90 181.84 554.30 201.47 1.5016367047844839 1.6523424342931652 3.8926975337193395 -4.84 1.12 52.43 1.2675487115243909 0.7579292
Car 0.00 0 -1.5782735869896154 585.61 178.40 610.57 201.83 1.552980978396387 1.6454917427809381 3.8313176260666038 -0.69 1.11 50.85 -1.5918420757916991 0.9999995
Car 0.00 0 1.7258642176773886 628.85 179.88 652.11 200.10 1.5521595313964796 1.6396649994613075 3.7571651508436585 2.39 1.05 53.37 1.7706160311089172 0.6316955
Car 0.00 2 1.4431935558703284 618.55 178.99 637.35 196.43 1.60078340059206 1.6520484604598427 4.148235308133163 1.77 0.95 64.10 1.4707996454242667 0.6153326
Van 0.00 3 -1.4154057512667517 339.64 164.85 382.09 191.04 2.3711929763784028 1.9258170561944676 5.797324774617004 -22.83 0.49 66.72 -1.7450937146431316 0.99348104
DontCare -1 -1 1.1812284747746329 555.04 170.69 570.84 190.37 1.4871515001921367 1.610824308610096 3.9756377806291963 -1000 -1000 -1000 1.9666266381720812 0.8390237
DontCare -1 -1 1.4228427867081503 573.14 164.88 604.46 196.84 1.550711231660695 1.6117582910419845 3.9308496882543946 -1000 -1000 -1000 2.2082409501055986 0.772298
