Car 0.58 1 -1.5674310788188617 0.00 176.10 246.18 366.50 1.6280558708874893 1.5842596658231163 3.5526768436060334 -6.28 1.72 7.21 -2.2839981936764477 0.84487426
Car 0.22 3 -1.5300549315896372 0.00 177.23 254.33 306.06 1.660161421057434 1.6222751059295082 4.356723146639862 -6.91 1.66 9.78 -2.1451593314324002 0.9999627
Car 0.00 2 -1.0794326523926596 85.50 188.84 362.75 290.64 1.634520002063961 1.6084266968728447 3.1669705679045106 -6.32 1.81 12.06 -1.5621318325359896 0.8060066
Car 0.00 2 -2.4605304757740836 141.75 179.25 394.19 263.03 1.5568237680761527 1.527026496148243 3.7724983786569024 -6.83 1.72 14.58 -2.8986209942669072 0.95988065
Car 0.00 2 -1.1149674812939505 267.43 177.49 435.70 244.71 1.518732978385539 1.750629141247406 4.1921612789259335 -6.77 1.80 19.11 -1.4554365979822672 0.9911084
Car 0.00 2 1.1131053129818778 296.73 166.89 461.34 240.86 1.460867569205017 1.7187890627147102 4.201294945679702 -6.87 1.94 21.66 0.8059674971056475 0.5565066
Cyclist 0.00 0 -1.652435758211885 536.93 183.83 551.75 219.04 1.7837655987013434 0.5463556514291954 1.791074295567956 -3.09 2.11 33.75 -1.743736773710745 0.8718966
Car 0.69 0 -1.6939452225950102 838.19 208.09 1241.00 374.00 1.8946668956248474 1.6357361173914218 4.278385209046402 2.76 1.69 4.79 -1.1712092651199904 0.9997192
Car 0.09 2 1.3739675442364554 903.44 177.88 1241.00 312.84 1.4700224067835521 1.9149382852674866 4.156184213362732 6.28 1.76 9.86 1.9410904108670395 0.9999995
Car 0.00 2 -1.7430366734650473 852.17 184.12 1102.31 283.43 1.7943910512892913 1.6796736039878273 3.497052269183197 6.05 1.75 12.30 -1.2859142573337077 0.507266
Car 0.00 2 0.655084685483251 804.03 189.94 992.11 266.58 1.472494829800577 1.5765589319826507 3.31478996773819 5.90 1.86 15.14 1.0266770129931282 0.61845577
Car 0.00 2 -1.409292490282331 792.50 183.12 931.30 248.79 1.4793730754224967 1.6734336421550655 3.538299040995636 6.09 1.77 17.75 -1.078779099853771 0.99576145
Car 0.00 2 -2.275416330495153 745.33 185.01 906.14 245.74 1.4843263070850086 1.630717550656333 3.934624763332405 5.93 1.94 20.24 -1.990408422501204 0.86906767
Car 0.00 2 1.7418141374972205 720.96 187.71 867.94 236.40 1.4601917233137798 1.6857932575704002 3.6134153624401475 5.82 1.95 23.18 1.9878076165939609 0.8952857
Car 0.00 2 -1.6632538149741034 720.62 177.55 841.27 230.55 1.5947192165820312 1.5428679578663254 4.167830484114685 5.94 1.96 25.48 -1.434220397786711 0.99968207
Car 0.00 2 -1.4873932162907462 406.46 183.70 511.03 218.49 1.4498711827962112 1.614181255242362 3.700023042164841 -6.87 2.01 32.90 -1.693249798481373 0.99981266
Car 0.00 2 -1.1817543963578085 433.91 184.98 523.53 216.87 1.5135587531892967 1.5860697806538486 3.664347531400719 -6.46 2.11 35.58 -1.3613605550719767 0.9988945
Car 0.00 0 -1.7821206162360053 634.33 184.49 672.10 213.11 1.4339582476584625 1.676909755236044 3.9408212324009324 2.24 2.06 38.67 -1.7242592341046434 0.9852696
Car 0.00 2 1.666383751728807 625.63 182.78 649.19 203.00 1.5563769604830455 1.6602299616397762 3.7402117570267106 1.99 2.18 53.70 1.7034245303251165 0.9986551
Van 0.00 2 1.4346015761282782 611.79 173.24 626.88 190.81 2.119697182916603 1.9346752936100198 4.384619055146026 1.27 2.43 99.75 1.4473327178281115 0.9551587
DontCare -1 -1 1.4333299855378012 557.43 175.36 605.59 195.06 1.442851238307209 1.5985719107748413 3.8008119297550107 -1000 -1000 -1000 2.2187281489352495 0.85028064
