Car 0.61 1 -1.787678481140409 0.00 193.59 199.60 362.72 1.483369808998556 1.786138846790924 4.02535902162651 -6.53 1.73 7.30 -2.517457999931059 0.64648926
Car 0.14 3 -0.6798981587078909 0.00 180.18 290.32 314.77 1.5179191584518563 1.6875232600332641 3.848141424484649 -6.55 1.75 9.75 -1.2714426600771223 0.6080648
Car 0.00 0 -1.9867172698166708 710.33 183.11 891.59 294.89 1.4352991211979103 1.6389630802632713 3.716656224928894 2.74 1.60 11.48 -1.7524245953222521 0.96435493
Car 0.00 1 -0.30363936821487947 225.31 186.01 449.73 260.76 1.6124144125549507 1.7275741689564132 3.803105058275261 -5.74 1.77 15.35 -0.6614815999577646 0.9274621
Car 0.00 1 1.603225284316812 677.08 179.85 755.01 228.90 1.4127540964452934 1.680164504116907 4.088595332704582 3.12 1.58 22.23 1.7426653414081497 0.99999285
Car 0.00 2 -2.047795341410909 273.32 179.43 439.93 245.81 1.4224083725182723 1.700222290372982 3.9770632108078385 -6.24 1.72 17.89 -2.3833991240446735 0.9789296
Car 0.00 2 -1.504095577695642 319.62 169.52 451.40 233.27 1.4665634374885272 1.6374362420947695 3.80106567045311 -6.31 1.63 20.39 -1.8042134669111585 0.99996734
Car 0.00 0 1.7784383604910712 650.30 170.41 688.06 202.78 1.5293765672302257 1.618630779227748 3.732613610230484 3.34 1.66 41.76 1.8582493109118805 0.51470727
Car 0.00 2 1.0299127856877188 449.47 175.80 527.46 207.04 1.447555065509529 1.7097500108839416 4.091500343881645 -6.17 1.69 36.63 0.86303806440188 0.85903364
DontCare -1 -1 1.763223216929708 532.20 163.07 646.34 203.47 1.442982383426876 1.6379675076068783 4.216387735806503 -1000 -1000 -1000 2.5486213803271562 0.8451079
