Car 0.62 3 -1.56479621731234 0.00 186.35 169.17 332.59 1.5572353679506492 1.5639927380443954 3.392393188677826 -7.40 1.71 8.40 -2.286987548812328 0.8652788
Car 0.00 1 0.1711304942753653 664.39 179.68 779.91 229.25 1.5341607503412675 1.6233185243518495 3.959032343827286 3.67 1.80 24.12 0.32212821931104896 0.9115167
Car 0.00 0 0.33551164070633455 729.15 181.04 971.85 269.47 1.4888275157479953 1.802904530680313 4.469678716860809 4.31 1.64 13.38 0.6471388064090471 0.85351235
Car 0.00 1 -0.5263224403050284 77.95 166.00 318.79 259.38 1.5483963101921987 1.7094271250726127 3.9053642546162988 -8.02 1.58 14.28 -1.0380466974942988 0.9809905
Car 0.00 2 1.7290647188809256 155.68 184.56 362.79 251.57 1.4901305291621398 1.6988747634650612 3.8533233056181158 -8.11 1.73 16.84 1.2802521066909769 0.9736318
Car 0.00 2 -1.3590496192362647 214.96 177.57 394.01 238.05 1.4931790031312417 1.700748316264286 4.4036756922827145 -8.27 1.69 19.69 -1.756686245069419 0.89496654
Car 0.00 2 2.066141174235616 296.23 176.86 427.73 224.43 1.501370672491045 1.6743938394547844 3.9824523051605607 -8.45 1.69 24.72 1.736764572301552 0.95358187
Car 0.00 2 -0.6817907849934439 650.61 180.34 753.69 223.14 1.3465421203343582 1.5497513779164696 3.4468864073381806 3.32 1.77 26.55 -0.5573894340588055 0.9993179
Car 0.00 0 -1.6158862496402602 460.01 175.88 493.38 195.74 1.4891692738799762 1.6277697098167085 3.083543079100647 -11.63 1.95 62.68 -1.799345536763133 0.9978283
DontCare -1 -1 -1.8505625883725028 431.29 172.77 454.87 189.24 1.5437887258647394 1.595625742590561 4.028574334584274 -1000 -1000 -1000 -1.0651644249750545 0.7870548
