Car 0.00 0 -1.597787662470017 571.85 174.73 615.97 214.95 1.4132871035306167 1.5335751914144897 3.2478501369581605 -0.62 1.18 30.82 -1.6179017567337592 0.99999976
Car 0.73 0 -1.1001458326962332 0.00 190.84 240.61 375.00 1.4995558675198268 1.5616338395239258 3.447451429568329 -5.07 1.58 6.22 -1.7840340480069554 0.84321433
Van 0.00 1 -1.2636442641404013 89.42 168.43 282.95 270.00 2.2012286982615805 1.9026372717773152 4.705981878393936 -8.35 1.48 14.61 -1.7828640866494871 0.99134314
Misc 0.00 0 1.4269911805775504 299.46 140.77 444.75 272.69 1.4489509988395881 1.560869529163971 3.536479281388321 -4.34 1.47 13.51 1.1161606289204533 0.99376315
Van 0.00 1 -2.4496184150364737 372.93 140.91 493.75 246.72 2.2251443597604847 1.9436452897345258 5.3386792818248745 -4.35 1.37 18.59 -2.679479439448707 0.94444376
Car 0.00 2 -1.3411269197848181 263.58 187.20 357.75 237.01 1.4278486002056312 1.6437643647850895 3.8822871727273847 -8.71 1.39 21.26 -1.7299583551304996 0.9933256
Car 0.00 1 -1.7753964523461203 472.86 171.51 524.71 212.54 1.4720402549771976 1.6690124154747867 3.8249100280330564 -5.04 1.17 33.61 -1.9242427521642236 0.9999988
Car 0.00 1 -1.4414457539704184 506.18 180.93 538.93 205.09 1.473990053292961 1.6282268979312324 3.8596327891676734 -5.37 1.19 45.56 -1.5587709873401558 0.9292312
Van 0.00 1 -1.3537668595698218 523.91 162.41 554.49 195.60 2.1661255466868496 1.9174771407698823 5.367465762251663 -5.47 0.76 58.00 -1.4477990745773284 0.97285044
Car 0.06 3 -1.3061763505127768 0.00 185.55 183.29 259.04 1.3977604809968185 1.655810552901163 3.727319689594307 -11.83 1.48 16.61 -1.9250576923258658 0.9757436
