Car 0.00 0 1.4145642081883292 714.11 187.28 841.55 279.46 1.5122869986860465 1.5801992409588241 3.217175858222046 2.83 1.44 12.84 1.6315007684005094 0.6051731
Car 0.00 1 -0.9738134304669241 113.76 179.37 291.94 267.76 1.519943948723973 1.5960134149254703 3.149159865580597 -8.14 1.47 14.80 -1.476656641394785 0.9996138
Car 0.00 0 -1.397016585865293 264.24 186.34 452.67 300.13 1.5848712403146934 1.7287236668826484 3.771098645530739 -3.75 1.50 11.41 -1.7145544216339124 0.999997
Car 0.00 0 -1.5375414426114897 446.54 178.19 518.28 232.47 1.490014527347536 1.5990227416814708 3.14068050881485 -3.89 1.36 22.61 -1.7079211722757546 0.99999905
Car 0.00 1 -1.649457180002008 660.12 179.42 721.42 225.74 1.5165983744716656 1.6684358522952938 3.6647097041235352 2.75 1.27 24.89 -1.5394173515879106 0.83484143
Car 0.00 1 -1.3219166556980948 483.44 180.51 536.25 218.19 1.4641073833970737 1.5999605425359154 3.5861509611235047 -4.10 1.28 30.42 -1.4558890697080968 0.993291
Car 0.00 2 -1.334592850008283 389.27 182.19 446.73 216.57 1.5519012458442163 1.6407815173925304 3.6740060617552186 -8.33 1.28 31.73 -1.591326978999155 0.9999858
Car 0.00 1 -1.5374912853029112 440.01 179.96 478.95 205.63 1.6907588843075942 1.6672255092026138 4.0422866066322705 -8.60 1.12 41.86 -1.740118555107272 0.9992545
Car 0.00 1 -1.5334749678757529 528.57 180.83 555.00 200.25 1.4824953753320884 1.625546836546197 3.7813605090008164 -4.82 1.05 52.76 -1.6245791627816335 0.9324563
Car 0.00 0 -1.5110422792520861 586.06 177.30 612.39 202.01 1.5352365284977865 1.6200076707364464 3.7302740236149217 -0.59 1.06 48.31 -1.523254464500266 0.99998677
Car 0.00 1 -1.6005745782193284 636.05 179.38 663.01 201.57 1.554734647628517 1.564940511500969 3.765867823861637 2.79 1.05 48.80 -1.543464617134516 0.88538355
Car 0.00 1 -1.406132043400083 621.22 177.91 641.07 196.63 1.6463248211710166 1.7106703215004349 4.19229690929512 1.92 0.90 59.85 -1.3740628411063955 0.7107616
DontCare -1 -1 -1.8522377173092703 558.27 162.29 601.22 197.49 1.5457485526619863 1.6347266913117313 3.5735746194944764 -1000 -1000 -1000 -1.066839553911822 0.8578646
