Car 1.00 0 2.1828935305264334 1136.54 174.81 1241.00 374.00 1.5023740552185487 1.6079051599563503 3.3114817311392213 3.37 1.44 1.67 3.293609415116374 0.99677306
Car 0.66 0 1.0744651714947562 0.00 206.96 248.35 374.00 1.4982193600206088 1.634516247800126 3.74104040315012 -5.60 1.91 7.21 0.41409449749897864 0.72725165
Car 0.00 0 -1.8205914656308035 793.32 174.83 1163.13 371.03 1.514105118699969 1.674783162093296 4.341642486058273 3.25 1.51 7.42 -1.4077569058712442 0.96541005
Car 0.00 0 1.8101382265475134 378.06 178.36 464.72 234.45 1.521868340559901 1.5744619511724853 3.6356761922464753 -5.71 1.74 22.10 1.5572965865911519 0.999995
Car 0.00 0 -1.8742174367096762 699.34 171.09 813.57 248.97 1.5066774807690095 1.5587711401940727 3.0564792325125123 3.06 1.50 15.93 -1.6844387045297204 0.9999685
Car 0.00 2 -1.724584654965673 680.69 169.38 759.94 226.06 1.4879131804971408 1.637502688235178 2.925323503218689 3.15 1.46 21.39 -1.5783705157212253 0.9999913
Car 0.00 2 -1.686546498039041 431.52 177.46 488.10 219.33 1.4842996712593746 1.542349516666069 3.1749540140257264 -5.62 1.65 27.13 -1.8908082344062471 0.96810704
Pedestrian 0.00 2 0.6941223899510245 728.90 154.69 744.36 203.27 1.7226750081781101 0.6328760850516033 0.7875209791371727 5.13 1.23 29.64 0.8655015163405322 0.9954917
Pedestrian 0.00 2 1.6826112578299384 745.88 155.07 759.43 203.65 1.7266239481422854 0.6490920427528095 0.7005564240524673 5.76 1.23 29.27 1.8769169583394323 0.92044896
DontCare -1 -1 0.2248252193119864 113.03 169.53 348.14 206.70 1.412353195604534 1.6136668336303377 4.0169245024547955 -1000 -1000 -1000 1.0102233827094347 0.574645
DontCare -1 -1 -2.2468694607403616 834.29 155.30 871.46 168.53 1.3969611678092193 1.664121731436386 3.9348523338661576 -1000 -1000 -1000 -1.4614712973429134 0.79832584
