Car 0.00 0 -1.6313435892250876 701.27 177.10 845.43 278.19 1.5534896444349002 1.5539380230666542 4.297930376730957 2.70 1.61 13.06 -1.4274775314422783 0.99998915
Car 0.00 0 0.5622543851521353 60.00 186.16 277.52 263.57 1.4932293876825284 1.6751852401257896 3.674621136985817 -9.18 1.80 15.10 0.016011969327246467 0.9999428
Car 0.49 1 -2.1959117809918265 845.05 187.60 1241.00 374.00 1.6953091475932311 1.8139705204130554 4.169990049801864 3.02 1.57 5.38 -1.6844052446967592 0.99999094
Car 0.00 2 -1.6251570815828185 681.90 173.99 763.48 239.51 1.5684888403682422 1.6230845854343319 3.504861699543991 2.86 1.62 19.25 -1.4776645617948208 0.9846348
Car 0.00 0 1.759487540521894 397.79 184.95 488.42 246.25 1.5006296098051977 1.6956234194995308 3.8995852080510045 -4.48 1.82 19.70 1.5358793026992656 0.9999994
Car 0.00 1 -1.3480479876187186 447.34 175.36 513.59 229.68 1.539640676584692 1.7041501694084549 3.9942567666397477 -4.45 1.84 25.03 -1.523996219293545 0.99859685
Car 0.00 1 1.472291232147489 656.66 175.59 710.36 218.98 1.5889839235512924 1.626853651619091 3.5568529834375764 2.73 1.67 27.78 1.5702488393615979 0.5208745
Car 1.00 0 1.1943390826371054 1161.40 213.98 1241.00 374.00 1.522845596895219 1.660993895745411 3.4685216118917848 2.93 1.59 1.06 2.418009592189396 0.90501094
Car 0.00 2 1.3661463419583182 487.45 177.08 537.11 219.72 1.457144111749382 1.653881377792492 3.6108636577949906 -4.13 1.88 30.75 1.2326363639156381 0.81092906
Van 0.00 1 -1.595232960828815 638.73 148.40 689.27 201.78 2.2713211099733925 1.8501676717852784 5.422998128289032 3.01 1.58 41.78 -1.523313178327116 0.90625244
Car 0.00 0 1.5099719176676611 535.28 178.56 559.18 193.94 1.4942988179443788 1.6330070973099613 3.8329216466621543 -5.76 1.88 65.74 1.4225772129911807 0.8604246
DontCare -1 -1 1.7554849247124533 560.02 172.77 632.76 193.12 1.5148544091551017 1.7197394289733314 4.394714431963958 -1000 -1000 -1000 2.5408830881099016 0.88286334
