Car 0.00 0 -2.0647767643120627 796.15 197.98 1057.39 345.25 1.4940222933708143 1.6880543746711159 4.12340818544487 3.67 1.76 9.28 -1.6881780710683132 0.9995372
Car 0.00 1 -1.4221014688399176 743.81 189.41 870.05 276.73 1.4783493693737697 1.6015506677986526 3.654740901790657 3.86 1.88 14.96 -1.1695876265083829 0.9992555
Car 0.00 0 1.6763038347151618 455.17 190.34 528.81 241.60 1.529711492714138 1.6702749945880317 3.8807302509770776 -4.04 2.22 25.06 1.5164659881984583 0.9999813
Car 0.44 3 -2.204729394116674 1058.52 177.15 1241.00 258.64 1.413535729405136 1.6597004190744304 3.0355634858236695 11.49 1.58 14.23 -1.5254628231540783 0.79161644
Car 0.00 2 -1.4368229220297675 489.99 187.48 549.32 230.17 1.49872200971529 1.6026814424158478 3.714616911612549 -3.74 2.25 30.22 -1.5599559212581064 0.9999367
Car 0.00 0 -1.5670141142935048 694.61 180.15 727.38 211.50 1.5436966106115293 1.6128342070342445 3.795840254180231 6.05 2.23 43.78 -1.4296928813253555 0.97967887
Car 0.00 2 1.8439302007344107 518.21 192.91 563.38 224.75 1.495817484688611 1.6274292648495579 3.7290986796245957 -3.35 2.41 35.12 1.7488306886363683 0.8871397
Car 0.00 2 1.7548961947348456 535.30 189.72 576.28 218.70 1.473236374911518 1.5758246102095985 3.633077101908722 -2.99 2.44 40.07 1.6804148129161571 0.5258534
Car 0.00 2 -0.30719061295059724 197.47 189.99 321.34 229.25 1.428788751718254 1.6491697982610607 3.8785472662524367 -14.53 2.25 30.00 -0.7582265197881356 0.8947358
DontCare -1 -1 -0.4947515288975577 334.90 185.71 405.06 206.70 1.369569510575981 1.7122274481417084 3.744349958501854 -1000 -1000 -1000 0.2906466344998906 0.97243494
DontCare -1 -1 0.625048236050878 598.18 179.88 675.45 203.46 1.4542340192763519 1.71239534697546 4.18771316310028 -1000 -1000 -1000 1.4104463994483263 0.97801197
