Car 0.00 0 -1.6181552233782153 594.78 175.36 625.78 205.99 1.5324958473263692 1.642352263695135 3.867190608881512 0.02 1.81 41.07 -1.617668249956763 0.9999994
Pedestrian 0.00 0 1.2099995474007468 57.17 194.63 78.17 255.24 1.7809832463417006 0.6572277396258783 0.9434627635190391 -14.87 2.23 19.80 0.5658522873364313 0.8426179
Cyclist 0.00 1 1.4933062280204634 123.24 188.32 188.27 247.90 1.7303333194349264 0.5800274216740322 1.7033334477270508 -14.77 2.38 23.43 0.9308414950577587 0.84319025
DontCare -1 -1 -0.5395733555171152 319.38 182.47 384.36 190.53 1.4600368480949115 1.6466152605326319 4.0675428678617855 -1000 -1000 -1000 0.24582480788033312 0.8560541
DontCare -1 -1 -1.7855522940543036 809.71 170.18 822.94 195.70 1.5316458627401304 1.6708204366923713 3.69233110746006 -1000 -1000 -1000 -1.0001541306568553 0.995867
DontCare -1 -1 -1.3087259689953665 559.37 168.89 582.30 189.88 1.4939563184796285 1.6757726588012123 4.338997231923141 -1000 -1000 -1000 -0.5233278055979182 0.6789874
DontCare -1 -1 -1.244862244525228 538.67 174.06 555.78 186.64 1.4850052859453868 1.6430995308519745 3.6508390029297257 -1000 -1000 -1000 -0.4594640811277797 0.7908642
DontCare -1 -1 0.9697430888798575 232.05 190.88 244.63 208.64 1.4890028390853118 1.6252989613176727 4.112424062691726 -1000 -1000 -1000 1.7551412522773058 0.53465116
DontCare -1 -1 -1.6268050568786006 87.80 191.53 116.55 202.82 1.5093504603771877 1.6132653143913889 3.8237392661497975 -1000 -1000 -1000 -0.8414068934811523 0.8896784
DontCare -1 -1 1.4735851819303374 26.34 198.64 50.57 209.28 1.4205728102295112 1.6377240971387768 3.8628686299883808 -1000 -1000 -1000 2.2589833453277857 0.58772045
