Pedestrian 0.00 0 -1.5244710455324988 632.86 161.19 678.19 292.54 1.7931022694710446 0.6511486637678814 0.8553226744542026 0.61 1.47 9.93 -1.4631181326813085 0.9803064
Pedestrian 0.00 0 1.346657590070043 691.78 156.72 742.45 291.31 1.7704455176744414 0.6999549213138294 0.9372395990202331 1.52 1.48 10.18 1.4948749782113862 0.9675714
Pedestrian 0.00 0 1.5334989363935332 286.98 157.26 343.64 299.97 1.7685231449458552 0.7181283439782333 1.035069104821434 -3.82 1.48 9.53 1.1522691012775248 0.9631811
Cyclist 0.00 0 1.440812842049871 397.01 162.33 468.56 292.98 1.803112141357765 0.6388368399052811 1.9160670740927124 -2.54 1.55 10.84 1.2106479100349081 0.9299061
Cyclist 0.00 0 1.1995329419758658 494.37 166.32 543.91 244.23 1.7747917990554427 0.6123014890759182 2.023067141922798 -1.90 1.37 16.59 1.0855029407865024 0.99066365
Cyclist 0.00 1 1.146622554459844 479.26 165.32 512.92 232.96 1.7489707335252618 0.5661060015841317 1.798057855146613 -2.94 1.36 20.07 1.0011697733643203 0.98522735
Pedestrian 0.00 1 -1.4534810493376593 734.76 162.44 749.76 221.63 1.746389336362834 0.6431509833124351 0.7397044716188812 3.83 1.11 20.22 -1.2662824104307193 0.85676026
Car 0.00 1 -2.2804558436062674 497.35 166.67 536.71 202.57 1.514785095472486 1.7253916182280922 3.9298300017938996 -5.20 1.23 44.96 -2.395602591516764 0.9591167
DontCare -1 -1 -1.5338651845839362 114.60 169.09 183.88 255.14 1.5439864829002332 1.6671556339324856 4.029872702561416 -1000 -1000 -1000 -0.7484670211864879 0.9137675
DontCare -1 -1 1.4065922955658774 556.28 164.58 579.14 186.15 1.544585572910161 1.5710453086258316 3.954664060972729 -1000 -1000 -1000 2.1919904589633257 0.9999783
