Car 0.96 0 -1.0725591043618063 0.00 222.33 248.54 374.00 1.570331238564701 1.6556985147954368 4.513503031931915 -3.69 1.77 3.73 -1.852566484400048 0.64920706
Car 0.84 0 -2.2944110790875296 896.00 186.77 1241.00 374.00 1.6071432087390136 1.4927712523104095 4.269468354188003 3.06 1.58 4.13 -1.656746479895565 0.99475116
Car 0.00 0 -1.9100625375893454 653.18 172.58 723.26 218.90 1.4799747284321498 1.627975750035181 3.7137105782852555 2.66 1.53 25.56 -1.8063669572797212 0.84927005
Car 0.00 0 -1.9056314388897757 582.00 174.14 630.24 200.39 1.4211127836076927 1.619644674724474 3.290672021113434 -0.29 1.48 40.29 -1.9128291304260272 0.9999988
Car 0.00 1 2.76862366596726 816.64 170.82 978.82 236.56 1.4634735997585964 1.5677207999588394 3.938809426628151 6.97 1.51 17.90 3.1399462332243004 0.8691832
Car 0.00 2 -2.414419905343328 1011.89 168.02 1225.84 236.69 1.3197933737008285 1.5826926261843586 3.5634387006388093 11.75 1.43 16.95 -1.8082619330142748 0.97935337
Car 0.00 1 1.9774439195778708 542.29 171.25 591.66 192.18 1.4663681577710819 1.6037129231454277 3.7563253512010957 -3.31 1.45 55.53 1.917906945984425 0.97679293
Cyclist 0.00 0 -2.0617126087334494 470.03 172.69 488.02 205.69 1.774717226194248 0.5561364178716135 2.013295899185028 -6.73 1.65 36.87 -2.242258182968569 0.7657085
DontCare -1 -1 -0.7875560084965567 726.91 160.48 799.65 184.71 1.4641058113245677 1.620115171438589 4.041537316642799 -1000 -1000 -1000 -0.0021578450991084352 0.8139509
DontCare -1 -1 -0.6692649284985404 292.86 170.18 314.50 180.82 1.4859310429362964 1.6508228157372618 3.7888074388132478 -1000 -1000 -1000 0.11613323489890792 0.77656853
