Car 0.82 0 1.9900359074261527 0.00 211.91 332.91 374.00 1.6900598261325073 1.626565550705924 4.5902084281072995 -3.46 1.88 4.95 1.3799881849296887 0.99367553
Car 0.91 0 1.7825614670899252 866.47 196.31 1241.00 374.00 1.4586984816758346 1.5695366554619217 4.203167544804611 2.72 1.64 3.59 2.43094708410656 0.9465958
Car 0.00 1 -2.227070645489965 724.92 196.30 969.98 345.15 1.3741349730460357 1.6179077916504288 4.32028152247528 2.74 1.76 9.62 -1.9495949357628286 0.9999864
Car 0.00 1 -1.2308246354248862 235.72 204.49 460.84 337.07 1.601591386255474 1.5544614859582329 3.608186992012062 -3.57 1.95 10.60 -1.5556851600042512 0.9905082
Car 0.00 2 1.9371117512371878 385.08 199.55 486.72 278.34 1.492114885133357 1.611060175365343 3.8415673320517922 -3.80 2.11 16.10 1.7053288030857705 0.8844118
Car 0.00 1 1.349474118151937 441.87 198.09 520.85 255.46 1.4992172404943418 1.6684867732883835 3.6681138743982697 -3.64 2.17 20.76 1.1759013030455423 0.9997429
Car 0.00 2 -1.9452829519894461 698.06 190.06 817.46 271.31 1.52488367155254 1.6402865231694126 3.6551951785908128 3.03 1.87 15.89 -1.7568590233914105 0.99993503
Car 0.00 2 -1.8921851078656058 683.92 188.70 757.27 245.68 1.5625035170285415 1.6784588948549175 3.8889793233350898 3.12 1.97 21.14 -1.7456553928226628 0.9995072
Car 0.00 2 -1.5427266648646931 881.77 166.94 1002.28 221.31 1.4362568188278388 1.6627823666395092 3.645960660778084 12.95 1.85 28.42 -1.1151717002916424 0.6922142
Car 0.00 0 -1.749392987289701 640.97 189.28 679.93 216.89 1.4953474666742992 1.5982964330078506 4.117970423899688 2.92 2.51 42.74 -1.681178913382495 0.9998741
Car 0.00 0 -1.6578118736532073 597.82 191.29 629.30 210.14 1.5009166750876617 1.635484171351924 3.2549169232473756 0.23 2.88 57.34 -1.653800733672566 0.9986895
Car 0.00 1 2.6012870828297476 563.60 189.77 601.31 206.36 1.4890485297708225 1.6292302694828653 3.8889377956614877 -2.76 3.29 72.44 2.563205005994086 0.88895047
Cyclist 0.00 0 2.316241399445806 526.76 188.89 540.83 207.67 1.7389593934994494 0.5562862751244497 1.7863906631643438 -6.86 3.10 64.91 2.2109474632818227 0.65149593
DontCare -1 -1 -1.162037537493978 822.65 181.18 866.93 191.82 1.4097519520489883 1.6038955517770195 3.740415522955456 -1000 -1000 -1000 -0.3766393740965297 0.8621539
