Car 0.00 0 -1.554277359568749 589.66 176.96 616.81 203.80 1.5699281211762142 1.6699335270286941 3.864879187323251 -0.48 1.93 46.64 -1.5645685914376986 0.9999738
Car 0.00 0 -1.4502072940256934 354.99 178.26 511.40 296.39 1.4966584577976179 1.6039689921499634 3.7955575605259324 -2.79 1.72 12.20 -1.6750297417063238 0.99978477
Car 0.00 1 2.0741461078312735 67.12 194.83 215.51 264.32 1.5051862768648576 1.6465268575312042 4.048446195326843 -12.53 2.25 19.52 1.5034821157859883 0.9032702
Cyclist 0.00 0 1.8059263686325888 681.57 161.92 747.04 233.81 1.7276165732536768 0.6610511035828781 2.041653643401947 2.54 1.47 17.98 1.946265792097716 0.97895324
Pedestrian 0.00 1 1.6649079109218459 689.35 172.31 706.18 232.16 1.7271763490889025 0.668008403786726 0.6247162041971588 2.35 1.59 19.55 1.7845385311689943 0.84211826
Pedestrian 0.00 1 -1.6829137290504317 666.90 173.17 683.08 224.62 1.8092679692808342 0.6667343992081356 0.9101510910103225 1.89 1.51 21.29 -1.5943717648097009 0.5361644
Pedestrian 0.00 2 0.8210460106518607 387.06 175.51 398.68 236.92 1.776577187180872 0.6519947144475651 0.8113174704620743 -5.73 1.67 18.99 0.5279957074546915 0.8979913
DontCare -1 -1 -1.8671807209637503 259.87 183.77 304.15 222.88 1.5023249856947374 1.6152639307738685 3.883605873338976 -1000 -1000 -1000 -1.081782557566302 0.98457724
DontCare -1 -1 1.5371706309404711 228.82 181.83 258.87 198.94 1.5208147874853026 1.5763786279322052 4.0638944228516 -1000 -1000 -1000 2.3225687943379194 0.6161336
DontCare -1 -1 -2.6535000363972525 521.20 177.30 546.72 191.18 1.4948127310542774 1.580516248262062 4.059248449407615 -1000 -1000 -1000 -1.8681018729998042 0.8539136
