Car 0.75 0 1.660969995954309 0.00 133.14 166.98 366.23 1.5745003413228702 1.6581131287576103 3.8002892491743947 -7.27 1.75 7.27 0.8755718325568607 0.9976846
Cyclist 0.00 0 -1.944102601208959 404.00 182.23 455.37 276.03 1.8124075974691962 0.5448286400346947 1.8634925065959358 -3.31 1.77 13.17 -2.190331486938586 0.7962365
Car 0.76 0 2.087863759198461 1025.66 185.07 1241.00 374.00 1.4216933179466438 1.4102816127897644 3.600681053601303 5.77 1.68 5.82 2.868947885510691 0.98055696
Car 0.14 3 -2.0224487940457205 866.36 188.39 1241.00 328.28 1.504175905492754 1.550334862685337 3.8473372619004036 5.49 1.66 8.73 -1.4610742776861958 0.9999465
Car 0.00 2 -1.4081386039641242 837.69 163.83 1144.12 291.54 1.6679516140191268 1.668214916503563 4.741760390006103 5.66 1.67 11.11 -0.9369588562019486 0.99802375
Car 0.00 1 -1.7168589244273047 222.67 183.11 421.59 246.59 1.4490176293818664 1.6072219938696766 3.5435806085691834 -7.28 1.78 18.43 -2.0930545794826303 0.9999831
Car 0.00 2 -1.7960401932385306 288.13 183.37 448.09 238.23 1.4230436015693855 1.6187241946072721 3.483608143530884 -6.99 1.82 20.99 -2.1175048699985926 0.999998
Car 0.00 0 -1.7474258402970175 631.69 182.14 695.21 228.85 1.504117790964098 1.6413407076807165 3.622974621258774 1.68 1.74 24.29 -1.678371546627076 0.83044213
Car 0.00 2 2.718411640324865 419.21 177.30 501.51 209.49 1.4166294935910415 1.5762861513258362 3.7719687094316865 -7.37 1.76 35.56 2.5140496219159942 0.67431164
Car 0.00 1 1.7481432119992117 616.91 177.51 649.58 205.23 1.5271368407464039 1.63374733577533 4.135101305447616 1.20 1.70 39.35 1.7786293165972844 0.83223724
Van 0.00 2 1.6552969450738768 598.99 166.60 616.40 187.24 2.151908542506895 1.8229060271834565 4.873889116400528 -0.27 1.66 85.34 1.6521331403031956 0.72816986
DontCare -1 -1 1.8389745811608176 505.03 168.24 590.71 194.41 1.4174451757042121 1.6388494421453619 3.902858695142069 -1000 -1000 -1000 2.624372744558266 0.8787261
