Car 0.00 0 1.5164597118881087 619.58 183.96 643.38 203.94 1.553813215699644 1.5926674150587463 3.7595887353048707 1.69 1.30 52.36 1.5487250575661213 0.99832076
Car 0.00 0 -1.171732978024755 131.56 186.47 382.28 333.39 1.5197003952978563 1.5924825736047172 3.56873591443161 -4.34 1.56 9.44 -1.602661862498148 1.0
Car 0.90 0 1.7991403053191046 0.00 192.97 74.51 308.84 1.4858424704341602 1.5056139968992615 3.3082152177915956 -8.35 1.55 8.27 1.0089287013588737 0.77555007
Van 0.00 2 -1.5988468686726431 71.76 168.30 251.36 271.97 2.3043110738625145 1.8596913876091672 4.6920302489936825 -8.60 1.50 14.12 -2.145905275554103 0.99650145
Car 0.00 0 -1.9727016548302512 761.17 181.84 1056.23 362.64 1.4405648190347862 1.6491011094958925 3.657869430385628 3.08 1.58 8.40 -1.6212568608266995 0.99999964
Car 0.00 0 -1.3942529867079596 394.31 188.15 482.34 244.48 1.493834667262287 1.6320779959396863 3.811235977463522 -4.62 1.47 19.92 -1.622151460445748 0.99989307
Van 0.00 1 -1.8733764449742178 263.74 170.23 381.25 237.05 2.0890472154249764 1.822063336715622 5.266957951539802 -8.95 1.45 22.99 -2.2446245243356793 0.8791853
Car 0.00 1 -1.5878269812699894 454.52 185.54 513.25 226.73 1.492594927903862 1.6464030437828445 3.6794822980986024 -4.54 1.40 26.62 -1.7567501445951856 0.9991792
Car 0.00 0 -1.6176641705122332 577.17 180.97 618.33 219.74 1.5796878080634784 1.6506095018894815 3.2595823576078797 -0.50 1.40 31.60 -1.633485635053807 1.0
Car 0.00 2 -1.7090503136303763 376.04 184.09 437.96 219.62 1.5175716861902189 1.619921143418684 3.4667601158247376 -8.73 1.39 31.46 -1.9797348387899567 0.9999802
Car 0.00 1 -1.6148359785464148 508.92 184.09 535.89 207.44 1.5233430968417239 1.6792481721104526 4.137715743981399 -5.56 1.37 47.03 -1.7325121829292556 0.7067777
Van 0.00 2 -1.5031084353711943 412.40 174.32 461.11 209.93 2.2625993336667634 1.8514433862721158 4.675845382565307 -10.10 1.37 42.70 -1.735373576775865 0.97758704
Van 0.00 1 2.0239576856282095 530.48 171.49 550.70 198.48 2.174404304020605 1.8615763882254792 4.978038159960556 -6.73 1.25 72.37 1.9312300385443675 0.7777503
Misc 0.00 1 1.02476962009934 568.08 163.85 597.99 198.75 1.5789073969988536 1.487699686801567 3.9863598664627458 -2.04 1.01 57.60 0.9893677504817827 0.99538165
DontCare -1 -1 -1.5960251233216862 0.00 232.74 71.39 302.84 1.7296977791754913 1.587187840855255 4.072963433466949 -1000 -1000 -1000 -0.8106269599242379 0.98126614
