Car 0.00 0 -1.5504252231356244 569.01 175.30 656.95 255.38 1.3536379340855789 1.630095617166295 3.39088483353714 0.10 1.40 16.42 -1.5443351644448136 1.0
Car 0.00 0 -1.269882665076528 310.71 188.48 441.72 266.79 1.4685533460049343 1.6352818461792016 3.4734184612856294 -4.68 1.47 14.89 -1.5744110115620853 0.9998778
Car 0.00 1 -1.312916145720754 225.37 182.75 352.50 246.31 1.6055108759371948 1.6666860461892032 3.8485129719005013 -8.38 1.45 19.20 -1.7244519360351414 1.0
Car 0.00 1 -1.4488988603141646 428.58 181.28 506.31 230.81 1.5095904063253116 1.6809154518605613 4.038240747653045 -4.46 1.32 23.26 -1.6383449354196238 0.99999857
Misc 0.00 1 1.034973339238439 465.25 130.16 549.69 214.85 1.6647900793521118 1.6158737701089525 4.296187209092178 -4.64 1.18 35.59 0.9053308628639656 0.63623226
Misc 0.00 1 -1.5943206763502697 539.53 150.36 571.46 193.54 1.4982196450053167 1.6834355734945678 3.40689389606575 -5.06 0.70 71.73 -1.6647463246234804 0.9946807
Car 0.93 3 2.3190308372166495 0.00 188.05 39.73 266.81 1.7727466378180694 1.7654678814770126 4.282248603306808 -12.37 1.56 12.26 1.5291666052583328 0.58328956
Car 0.00 0 -0.7489725510266165 49.07 184.03 200.79 245.79 1.5026862531720113 1.565455354070797 3.4245879520998384 -12.89 1.46 19.43 -1.334715137011278 0.9250953
Van 0.00 1 -1.5530963214722018 353.16 169.78 410.45 206.87 2.230834349535904 1.9378232570444776 4.7890490869224545 -12.12 1.09 38.75 -1.8562309694482084 1.0
Car 0.00 1 -1.7464840720084052 634.51 181.55 664.86 200.34 1.5328788742242765 1.6182078637839699 4.216850685082473 3.33 1.14 56.73 -1.6878522495400474 0.87214905
Car 0.00 0 1.429279745617185 689.56 183.31 711.82 197.74 1.4917309064237785 1.641754842615261 3.8358624299393083 10.08 1.31 77.76 1.5581905173011765 0.9259048
DontCare -1 -1 -1.1372770826008658 0.00 200.43 34.55 263.42 1.5797227363853168 1.7135451131225967 4.02160042723278 -1000 -1000 -1000 -0.3518789192034175 0.62375987
