Car 0.03 1 -1.9733778099205832 827.25 188.69 1167.29 374.00 1.5024997018097352 1.538211546158924 3.5432137121782685 3.71 1.70 7.90 -1.5343280065460292 0.9999987
Car 0.00 0 1.7868403802302222 371.24 186.66 486.85 260.60 1.4845058511762332 1.707184992051258 3.407083677254715 -4.35 1.95 17.75 1.5465066737435764 0.9999149
Car 0.00 2 -1.247921154895101 439.44 184.10 518.61 240.73 1.498155268263669 1.6478099797578 3.7571163569913293 -4.11 1.99 23.05 -1.4243747365506811 0.99440235
Car 0.00 0 1.5490331194039921 695.52 174.96 739.35 212.73 1.6441395360796165 1.5450200655223274 3.50372959872345 5.36 1.91 36.73 1.6939400327135175 0.99939907
Car 0.00 2 1.6895068074252944 480.15 186.96 539.94 227.02 1.5167693629680585 1.6496959210099125 3.7888229658232118 -3.81 1.96 27.77 1.5531596453850258 0.84268695
Car 0.00 2 1.7246994088080267 505.54 184.68 556.85 220.17 1.527854617573918 1.6669307381571674 3.8174836990759755 -3.52 2.02 32.55 1.6169767088426457 0.99854076
Car 0.00 1 -0.2701334516194205 40.46 190.62 217.73 243.70 1.4543060812918853 1.65632825276865 4.020054521165886 -14.92 2.10 22.51 -0.8554658345440076 0.93533665
DontCare -1 -1 1.008475617566381 274.75 178.59 352.67 208.64 1.4032833654253196 1.7075419568182373 3.7107073982582475 -1000 -1000 -1000 1.7938737809638292 0.87070346
DontCare -1 -1 -2.4834064404156546 583.30 174.71 649.57 195.06 1.440694563445301 1.724755763328209 4.04785952170948 -1000 -1000 -1000 -1.6980082770182063 0.5234432
DontCare -1 -1 -2.0249241749432425 659.64 173.42 667.70 186.65 1.3793016675679397 1.6455275446833515 3.5899563004599 -1000 -1000 -1000 -1.2395260115457942 0.9755043
