Car 0.89 0 -0.23461039463547273 0.00 174.73 328.41 374.00 1.5508610963641118 1.6308593892218017 4.229482906065979 -3.21 1.61 4.01 -0.9096553806319612 0.92964596
Car 0.76 0 -2.156539694466863 831.94 187.80 1241.00 374.00 1.544998241942973 1.618541148743167 3.5284176935778047 2.83 1.60 4.71 -1.6154959745520114 0.73897076
Car 0.00 0 1.9021360437062125 318.44 186.73 470.38 278.50 1.4784303124813747 1.6866047077537918 3.802402353040972 -3.96 1.72 13.88 1.624217047035208 0.99999905
Car 0.00 0 -1.732129574814115 697.18 181.65 827.64 277.46 1.4700193036167335 1.695213026619091 3.9301364888773347 2.52 1.62 12.88 -1.538918090966309 1.0
Car 0.00 1 -1.549669656032 649.62 177.65 713.21 227.50 1.5242004430672538 1.6316304805414223 3.805480772756138 2.20 1.64 23.63 -1.4568352786866614 0.99998105
Pedestrian 0.00 2 -0.3375132838871817 442.00 181.07 462.25 237.74 1.809892160296793 0.6958510223117542 0.7736991761038208 -4.77 1.87 21.18 -0.5590299438858177 0.6685001
Car 0.00 2 2.8337668935444693 402.33 174.81 498.17 219.60 1.531972015631051 1.5786309831501388 3.961416447661915 -6.72 1.91 30.45 2.616558867011026 0.7815672
Misc 0.00 2 -1.355895803370748 635.43 140.07 697.07 214.68 1.6001587364642333 1.6340176381827736 3.8270603177473927 2.25 1.64 30.81 -1.2829969748142935 0.65552306
Car 0.00 0 -1.7526612291720252 541.84 177.18 562.11 194.39 1.498901158925743 1.6047430776716614 3.5254666080103303 -5.41 1.97 67.50 -1.8326384191792093 0.9986099
DontCare -1 -1 -1.7975871125843863 566.49 171.48 588.13 191.83 1.4341193068592262 1.6069729991914177 3.7401298527942086 -1000 -1000 -1000 -1.012188949186938 0.9854006
DontCare -1 -1 -1.5684292950343828 616.30 172.12 631.47 200.88 1.4517313469021034 1.6237925880314255 3.9271376003847505 -1000 -1000 -1000 -0.7830311316369345 0.8731262
