Car 0.00 0 -1.5264289016511778 536.70 176.44 589.90 224.93 1.498734841477723 1.6528351262868786 3.7479189877734567 -1.66 1.30 25.93 -1.5903601702816441 0.99999845
Car 0.00 0 -1.4875593716886382 361.29 179.70 479.29 267.88 1.4402295503585052 1.6644284345866585 3.183885114394226 -3.79 1.47 15.01 -1.7348880226562944 1.0
Car 0.93 0 1.7627238939192633 0.00 195.06 81.87 320.18 1.4043659347860526 1.5384095453382873 3.9023647440002347 -7.84 1.57 7.45 0.9518243927216402 0.98765844
Car 0.00 0 -1.1641829470780234 201.92 185.72 330.36 250.38 1.4789146225719165 1.6181239292682552 4.194939481221237 -8.62 1.46 18.46 -1.601047326671245 0.9994823
Van 0.00 0 -0.9745087782528739 30.50 163.92 203.92 246.40 2.167171924852333 1.8317500302647782 4.640401063317108 -13.24 1.46 19.77 -1.5646095253587529 0.9955043
Car 0.00 2 -1.3275361816075186 418.98 184.61 480.72 231.42 1.5682303722767543 1.670635654842987 3.3343669345007325 -5.14 1.39 23.59 -1.5420719913959922 0.9984174
Car 0.00 1 -1.464152761795793 324.61 184.39 395.08 225.46 1.5274815865612041 1.5036432736278915 3.475331829987564 -9.51 1.42 27.80 -1.7937602204948946 0.99991953
Car 0.00 1 -1.3470663736250739 231.89 184.53 304.17 219.93 1.5095537923096132 1.7036112987162018 4.368107812605896 -14.58 1.38 31.01 -1.7865672407305278 0.77174765
Van 0.00 1 1.6806062097337584 402.99 162.71 449.19 208.89 2.3235405082931138 1.8718961352562142 4.918137086385536 -10.94 1.30 43.65 1.4350346826039186 1.0
Misc 0.00 1 -1.653628678121839 462.88 155.66 510.45 207.59 1.5466980155377101 1.6742339239181423 3.9257395734415437 -6.60 1.12 39.62 -1.818695495680722 0.9915104
Truck 0.00 1 -1.6799422959473471 493.01 154.15 518.86 195.21 3.0662697045686436 2.604297629603772 10.983497444007302 -11.25 0.93 79.37 -1.82074556790958 0.99902797
DontCare -1 -1 -1.5850906680014472 0.00 232.10 68.16 310.60 1.2729175392358016 1.6799616583348655 3.375675873957672 -1000 -1000 -1000 -0.7996925046039989 0.9591297
