Pedestrian 0.00 1 -1.5349032367256026 1076.70 143.17 1163.54 323.62 1.7839400800321055 0.6113020721164417 0.6440535155842209 4.75 1.25 6.79 -0.9244738615516224 0.99975926
Pedestrian 0.16 0 1.6298596980657916 12.28 158.79 177.55 373.00 1.6669491989914131 0.6565096871268821 0.6287216512272262 -3.63 1.51 5.11 1.0122066454175047 0.91920906
Cyclist 0.00 0 1.201189593472753 332.85 160.45 444.49 327.32 1.7111419882048224 0.5793462523429584 1.692889000328865 -2.37 1.46 8.11 0.916874724949667 0.97956127
Pedestrian 0.00 0 2.3533174554493765 823.51 144.89 869.06 255.71 1.7631485331248296 0.6078160274115276 0.6534828213760757 3.88 1.17 11.95 2.667265500177551 0.82147413
Pedestrian 0.00 0 1.2995006899025778 587.15 156.51 613.28 238.28 1.7831733966622305 0.6519966720876169 0.8676342895040416 -0.29 1.23 16.06 1.2814453669576586 0.9230764
Pedestrian 0.00 0 -1.5336639444020133 484.09 159.91 513.24 236.56 1.749635639079268 0.6913293431785774 0.8131930870721245 -2.53 1.24 16.63 -1.6846409579720518 0.7716282
Pedestrian 0.00 0 -1.628487684824739 547.11 156.67 570.43 225.90 1.7826630989465666 0.6298146675613594 0.9393365574786567 -1.33 1.17 19.35 -1.697113600000287 0.6039148
Pedestrian 0.00 2 2.0406484762814383 723.27 145.34 749.03 221.57 1.7384573551270914 0.631894962796278 0.6626239387104416 3.21 0.99 18.29 2.214384813321821 0.8014805
DontCare -1 -1 -1.2031825939801077 516.30 158.77 541.09 223.54 1.5019273854611825 1.595152217215433 3.759650709234276 -1000 -1000 -1000 -0.41778443058265946 0.98308635
DontCare -1 -1 -2.277844921746526 458.91 174.25 480.48 200.33 1.521856262703092 1.6370469641597414 3.808130921922722 -1000 -1000 -1000 -1.492446758349078 0.89947337
DontCare -1 -1 1.6679798374560217 616.24 154.91 697.13 207.43 1.5256794978684198 1.731270424342289 4.057906599842109 -1000 -1000 -1000 2.45337800085347 0.7373107
