Pedestrian 0.00 0 -1.2618798176434378 615.18 163.21 669.85 324.97 1.774467406273241 0.7385041992452812 0.8772272648774215 0.39 1.54 8.16 -1.2141220418791479 0.6741274
Pedestrian 0.00 0 1.7663546661522727 670.95 155.82 734.62 321.17 1.8016265495125008 0.6582582601618838 0.7080620048353576 1.04 1.53 8.38 1.8898283448285047 0.99208814
Pedestrian 0.00 0 1.7438475350525717 196.14 162.91 264.47 336.86 1.779683576375599 0.7562196682480049 1.192178052456131 -4.08 1.59 7.91 1.2676377728246044 0.8083889
Cyclist 0.85 0 1.0479114214566092 0.00 137.68 195.72 373.00 1.7918144385684585 0.5812814493833971 1.807244769337263 -2.61 1.65 3.11 0.34970422193054895 0.90944076
Cyclist 0.00 0 1.449663975336824 321.55 169.71 440.71 335.58 1.8661295841802215 0.6075166591613483 1.893438342067089 -2.50 1.58 8.25 1.1554294102256362 0.872054
Cyclist 0.00 0 1.507790052392755 407.96 164.76 465.08 272.14 1.7580392598528718 0.6821469159035873 1.9051408125484848 -2.98 1.52 13.00 1.2824523699844024 0.6554993
Pedestrian 0.00 2 -1.3776582489397864 727.05 161.55 754.05 229.91 1.781563996747489 0.6693876440909576 0.994881298930397 3.58 1.27 19.47 -1.1958167700194708 0.9994369
Pedestrian 0.00 0 1.1111959973957877 753.97 165.52 774.97 238.82 1.709323821068163 0.6203280072000694 0.779269878358593 3.56 1.28 16.42 1.3247003668512178 0.82644016
Car 0.00 0 1.6966941068556647 479.84 169.01 523.37 208.34 1.563973784801216 1.6609272726537132 3.7676018645391847 -5.65 1.44 41.26 1.56060403014056 0.96335465
DontCare -1 -1 1.1313428143647055 0.00 214.23 78.95 372.00 1.6721340868441772 1.7203192629577064 4.245961981020965 -1000 -1000 -1000 1.9167409777621538 0.9940953
DontCare -1 -1 1.8959859172489981 530.49 171.02 564.31 201.62 1.4791513982979965 1.6380343281389618 3.815853892020979 -1000 -1000 -1000 2.6813840806464464 0.8534046
DontCare -1 -1 2.058748380341802 277.73 184.57 296.72 212.59 1.5087629224924755 1.6231463730992222 3.7292466332540894 -1000 -1000 -1000 2.8441465437392504 0.9164217
