Car 0.68 0 2.2593044201519827 0.00 177.17 182.95 352.66 1.4411118406622123 1.6392741867066765 3.7138527949676896 -6.98 1.72 7.55 1.5131153326835016 0.7942069
Car 0.31 3 -1.4529313380506377 0.00 145.61 285.94 310.16 1.5378568343637895 1.6307564957724356 3.6795740147457505 -7.20 1.76 10.15 -2.0699113354497665 0.86026716
Cyclist 0.00 0 1.5320331650462489 453.56 179.79 488.32 249.49 1.833640627132759 0.5735385173170757 1.9081717832411194 -3.38 1.76 17.40 1.34016974614819 0.995329
Car 0.69 0 -1.5600153161820511 1071.48 188.70 1241.00 374.00 1.4789340909390163 1.6578930758596802 3.468826877080002 5.87 1.65 6.26 -0.8067577709409942 0.98700106
Car 0.18 3 -2.0740306536343436 896.84 183.95 1241.00 333.85 1.5721872601477813 1.5199572884203338 3.0209149887190248 5.77 1.73 8.76 -1.4915806106851504 0.8848812
Car 0.00 2 -1.6004923852768282 805.85 186.87 1117.59 288.13 1.4963109645812225 1.6651370704831028 3.819419844202795 5.50 1.70 11.66 -1.159741537497406 0.9363024
Car 0.00 2 -1.29372234741715 791.64 168.84 1024.70 267.91 1.581620846298189 1.769500225103035 4.358388858042755 5.65 1.72 14.06 -0.9116228343977211 0.99996734
Car 0.00 2 -1.9892850081112723 276.27 182.83 445.33 237.38 1.360178545471878 1.669111549174919 3.4807717372999574 -7.30 1.81 21.29 -2.3196063797522894 0.9973443
Car 0.00 2 -1.5189188132670264 327.68 181.62 466.09 229.40 1.4741411994962406 1.6518732526065254 3.503409760199585 -7.03 1.80 23.92 -1.804766538289184 0.9997702
Car 0.00 0 -1.6161460066821913 631.12 180.94 687.04 222.08 1.487025052663536 1.6310467182384276 3.8442759040148045 1.74 1.73 27.17 -1.5521921202216693 0.9550723
Car 0.00 2 1.5486314530160765 617.38 177.39 647.84 203.12 1.6135265830723953 1.633364886297419 4.150309311352768 1.26 1.71 42.25 1.5784451017579197 0.97844326
Van 0.00 2 1.3743149946120123 601.45 167.33 618.27 187.27 2.176016181253395 1.9250881286417676 4.812911359423446 -0.02 1.72 88.23 1.3740883143484122 0.9827204
DontCare -1 -1 1.2970667044308524 490.80 166.95 590.07 202.17 1.406437963601799 1.6173080757917309 3.7403422613964463 -1000 -1000 -1000 2.0824648678283006 0.96510726
