Car 0.00 1 -1.2115321914341788 19.30 173.90 160.83 227.87 1.4932919874607038 1.5853892036439323 3.3550793101416017 -18.58 1.84 25.93 -1.8332757909511597 0.99799263
Car 0.28 1 -1.5442616074022393 0.00 186.28 97.30 227.80 1.5527127295552205 1.6654619232477093 3.5060919394121552 -24.37 2.19 30.47 -2.218882467970843 0.68963236
Car 0.00 1 -2.390171424546514 298.41 173.43 397.62 204.78 1.4890673499374103 1.606431338256731 3.8626312605441595 -14.78 1.72 40.76 -2.7380359887160277 0.7437337
Truck 0.00 0 -1.3733728686955313 233.30 162.30 295.59 199.57 3.206970860678215 2.704810258978634 11.89224462530365 -28.81 2.14 60.41 -1.8183766446984384 0.99862576
Car 0.00 0 -2.8479420701649527 776.33 169.99 844.60 194.91 1.4264068309037399 1.6587888368131065 3.9916799684391404 12.49 1.34 45.13 -2.5779440186821883 0.9187589
Pedestrian 0.00 1 1.31623570720223 873.48 165.35 884.82 190.73 1.8327249898019982 0.607177110323019 0.775784072072258 19.88 1.32 53.57 1.671585661605795 0.8406522
Car 0.00 1 -1.6621987308051924 832.72 166.00 871.18 188.36 1.5142358191131067 1.6453655709238195 3.853612322487035 19.69 1.24 58.92 -1.3396846234899993 0.9990502
DontCare -1 -1 1.783783913650785 887.98 157.24 1240.00 190.52 1.4479259479610633 1.7266160168410682 4.054607825480499 -1000 -1000 -1000 2.569182077048233 0.9983027
DontCare -1 -1 -2.607310609021459 404.12 163.07 427.70 184.06 1.496145252492876 1.612164075738325 3.8105633837507153 -1000 -1000 -1000 -1.8219124456240108 0.9030436
DontCare -1 -1 2.2053975025799613 547.08 165.65 562.90 177.59 1.5262257846823346 1.6532129452289486 3.8663408636451746 -1000 -1000 -1000 2.9907956659774095 0.9904869
DontCare -1 -1 1.1354371170189719 503.74 161.77 535.08 173.71 1.5176448527543258 1.6572470285655403 4.123229639731445 -1000 -1000 -1000 1.9208352804164202 0.9837743
