Car 0.78 0 1.4595925594356398 1089.78 182.76 1241.00 374.00 1.5975825194089126 1.6792124354006195 3.383633243046799 6.43 1.71 6.31 2.2544095965671316 0.93147576
Car 0.00 0 -0.7927358309414725 813.71 166.58 1078.66 264.51 1.476267051306219 1.6299649758921408 3.9557383527384187 6.43 1.67 14.19 -0.3672770580644555 0.99197865
Misc 0.03 3 1.5346137332406382 0.00 219.65 244.92 329.19 1.5094800501881551 1.492995753204956 3.5098163356409455 -5.65 1.67 8.39 0.9419497979479621 0.77981204
Car 0.13 3 -1.73052013019589 0.00 130.71 311.81 299.42 1.4322429749934387 1.6783979006768608 3.6313228627071763 -6.77 1.69 10.48 -2.304072872478511 0.9988211
Car 0.00 2 -2.0172041515496115 111.08 183.42 335.34 268.53 1.4382966760365676 1.5249461673857116 3.787522146605053 -6.87 1.61 12.94 -2.5052743845643977 0.91714156
Van 0.00 0 1.416392476358686 657.16 143.90 740.01 224.38 2.116095356189213 1.890502656445427 4.8777888992965694 2.76 1.53 24.15 1.5301844835023939 0.85948086
Car 0.00 1 2.0938480655339102 283.89 182.46 458.16 239.12 1.4292733300296974 1.670081283217802 4.024082468949356 -6.59 1.75 20.06 1.776440751761844 0.99824655
Car 0.00 2 -1.1010044674065451 362.72 170.56 498.93 225.98 1.6544925425021362 1.7158812054158592 4.751304941378631 -6.17 1.75 25.11 -1.3419497596653926 0.82792234
Van 0.00 2 1.5161336372282843 633.64 155.98 678.08 204.83 2.2654442261089898 1.9969368526791764 5.435638068074035 2.52 1.72 41.63 1.576593131753598 0.9945258
Car 0.00 2 -1.025624887147222 447.88 177.06 512.43 206.44 1.4668067920772743 1.6671826348365688 3.7797637080178643 -7.26 1.83 40.34 -1.2036890116400372 0.8368836
Van 0.00 2 -1.665518649914537 494.68 161.41 564.01 195.38 2.216874060698352 1.9775940725659562 5.1356423774898525 -7.01 1.92 63.00 -1.7763326627806721 0.97392255
DontCare -1 -1 1.681914665797029 572.95 166.95 629.52 187.30 1.4558796215622138 1.7097956531406784 4.122399108611145 -1000 -1000 -1000 2.4673128291944773 0.870677
