Car 0.00 0 -1.8122411678221564 682.79 177.62 778.36 248.00 1.5258783594524872 1.6083192445994758 3.8780846094117547 2.85 1.68 18.10 -1.6560648830970386 0.9999994
Car 0.34 0 1.945080534615789 974.23 159.93 1241.00 268.01 1.4028115127055358 1.6851151057244682 3.542148875199356 8.22 1.31 10.88 2.5921017227391188 0.9999913
Car 0.00 2 2.2209863821652274 905.52 132.77 1185.39 239.87 1.4477674592106056 1.4369960271479034 5.157496946059265 8.27 1.21 14.06 2.7526793664947875 0.8776266
Misc 0.00 0 -1.3468338410046439 322.45 211.24 406.91 254.32 1.5391064457415056 1.6220225927145624 3.738811047874489 -6.21 1.94 18.34 -1.673320600392387 0.96761954
Car 0.00 2 -1.3893177370217185 368.01 183.11 454.92 241.49 1.5152822485013318 1.6638535589636707 3.756246233485737 -6.11 1.97 22.46 -1.6549292195471184 0.9999962
Car 0.00 0 -1.1413603583958487 99.00 201.52 319.56 316.98 1.5406519736914348 1.6589964695931816 3.5764502753839875 -6.13 1.94 11.42 -1.6339953581991458 0.8154773
Car 0.00 0 2.5334271351483206 817.57 158.49 997.37 220.94 1.5467380977986764 1.6577703759731197 4.2733720709906 8.18 1.28 20.19 2.918366182913175 0.9830345
Car 0.00 1 1.8089195201781134 454.03 182.54 505.10 217.96 1.5207607949903619 1.6311131960438037 3.5470605959520722 -6.06 2.00 33.70 1.6309990413310207 0.99696237
Car 0.45 3 1.2015593806889395 1151.73 142.38 1241.00 192.16 1.5673993307916831 1.6803194314898395 3.8882761915550614 22.61 0.67 26.36 1.9105292095524216 0.99990845
DontCare -1 -1 -0.815809623399053 604.00 172.12 663.16 196.35 1.490173131581993 1.7158783890963936 3.917428096883097 -1000 -1000 -1000 -0.030411460001604773 0.9138847
DontCare -1 -1 1.5621026987817626 505.68 174.71 575.19 207.35 1.477604806777687 1.7231290035606766 3.999841513238945 -1000 -1000 -1000 2.347500862179211 0.9783467
DontCare -1 -1 -2.7796042720463614 701.04 165.01 786.72 179.53 1.4417089152900886 1.6480738048167372 4.028130384288826 -1000 -1000 -1000 -1.9942061086489131 0.5112843
DontCare -1 -1 1.0331208864834647 662.87 167.59 675.45 180.82 1.4548433799116325 1.6598456346155548 3.7671824937091256 -1000 -1000 -1000 1.818519049880913 0.97678065
