Pedestrian 0.00 0 2.058330581584249 992.10 160.77 1063.10 330.18 1.795828686505909 0.6102990228024197 0.7466233489820862 4.22 1.45 7.29 2.5830722787197278 0.8761245
Pedestrian 0.00 0 -2.246368126073156 423.00 168.28 446.67 244.10 1.7455979142714095 0.6767860594478321 0.9141887580761814 -4.39 1.55 18.20 -2.4830557497504198 0.9462644
Pedestrian 0.00 1 1.4330623159792761 386.00 173.19 425.00 283.57 1.690204889923687 0.648810837351985 0.8179492620537185 -3.35 1.64 11.99 1.1606105435280534 0.9513231
Pedestrian 0.00 0 1.2559177140381674 676.84 178.56 701.18 224.26 1.7001364132765484 0.6864908430066776 0.8931704094419384 2.74 1.42 24.55 1.3670666871506088 0.9286954
Pedestrian 0.00 0 1.357440517344747 522.18 176.65 541.85 234.44 1.77624870784616 0.6407799869117212 0.9319748809347057 -2.21 1.52 21.02 1.252687402288967 0.52362305
Pedestrian 0.00 0 -1.628677581497703 574.19 172.83 594.86 218.58 1.7509936913292659 0.6989761310902309 1.0065099863121414 -0.88 1.39 27.49 -1.6606782942214937 0.8989619
Pedestrian 0.00 0 1.3604949126627783 633.15 172.28 647.15 216.82 1.8417643620077324 0.6682635265675259 0.8073638049671554 1.35 1.41 29.08 1.4068852645161054 0.9901338
Van 0.00 1 1.4310889403012137 712.97 89.78 914.49 290.65 2.1607131972094393 1.9183257097458077 4.598042128437805 3.15 1.39 12.17 1.6843637665546163 0.8808756
DontCare -1 -1 -1.6098567331817488 604.64 171.67 630.08 206.78 1.544908848014326 1.6307002885924125 3.8515443700701977 -1000 -1000 -1000 -0.8244585697843005 0.9289006
DontCare -1 -1 1.3109657625344138 653.00 169.74 672.63 208.07 1.6020127687422943 1.706681407308712 3.6800973584280396 -1000 -1000 -1000 2.096363925931862 0.90755725
