Pedestrian 0.00 0 -1.7064544419434409 692.45 153.97 757.78 310.26 1.7397099411491108 0.6565055660244894 0.6117712972471618 1.39 1.42 8.46 -1.5436068151176265 0.78158617
Pedestrian 0.00 0 2.2389479438450675 763.19 144.92 827.86 301.93 1.7936948849264336 0.6472179050830078 0.9820773793170356 2.24 1.39 8.81 2.487928720076352 0.89901036
Pedestrian 0.00 1 0.10880871216324373 205.79 165.67 254.12 281.99 1.7802567923817587 0.7294840271857452 1.0332536367485428 -6.11 1.55 11.72 -0.3717577560972279 0.92148614
Pedestrian 0.00 0 -1.3822239945319037 608.50 161.50 634.17 236.12 1.757742809076215 0.6754152774152231 0.8501786911646032 0.36 1.28 17.30 -1.3614177488372488 0.98381084
Pedestrian 0.00 2 -1.7714803228762488 727.16 152.95 767.83 265.23 1.7206049425903511 0.6813676449742985 0.8784295744979882 2.35 1.27 11.54 -1.5705876915203953 0.78917116
Pedestrian 0.01 0 2.654510931172643 1101.93 128.93 1208.93 345.74 1.7583562023382437 0.6956080998566818 1.0053717611143493 4.66 1.35 6.38 3.2853544881318757 0.98673964
Pedestrian 0.00 1 0.7966013709690909 1148.52 132.41 1216.85 303.07 1.8945726840201569 0.7333924453046989 0.5938824830362701 6.23 1.23 7.72 1.4755929173159252 0.98023295
Pedestrian 0.00 0 2.2239897410061698 272.45 166.70 336.45 297.44 1.8233187808099938 0.6593748749506545 0.5335938451597595 -4.03 1.50 9.86 1.8359869910683801 0.9840681
Misc 0.00 0 -1.1648953119900565 228.95 220.49 316.48 312.83 1.5477426186023664 1.6888684102059746 3.9445511942134286 -4.13 1.55 8.99 -1.5955381758738747 0.9971795
Pedestrian 0.00 1 -1.651752428212438 219.97 165.72 262.97 303.55 1.7261406252536726 0.6451252716866207 0.7039432642767334 -4.66 1.55 9.69 -2.10001023735719 0.72896576
Pedestrian 0.00 0 -0.7751635471966605 1014.57 134.37 1068.23 283.28 1.7640768302980614 0.6841696406987381 0.7809740347573662 5.42 1.19 9.09 -0.23749886089393324 0.6352573
Car 0.00 0 1.5555769932132701 513.05 158.89 565.87 211.56 1.5496636017976713 1.5563479282618904 3.585280971728363 -2.28 1.03 27.30 1.4722538770052631 0.9991928
Car 0.00 0 1.6761174584415297 376.40 149.09 476.66 229.78 1.5680445771484088 1.6415197451324606 3.9002560210750485 -5.04 1.26 21.29 1.443665856180696 0.9611443
Van 0.00 2 -1.6126194606211524 434.92 156.17 496.96 215.90 2.185668655915684 1.9344400378023816 4.781179008835601 -5.15 1.20 27.82 -1.7956659187080377 0.7087576
DontCare -1 -1 -1.2459602812912802 669.93 170.40 694.90 209.92 1.5962683562009048 1.6199532945366049 4.153953062497177 -1000 -1000 -1000 -0.46056211789383195 0.9373025
