Car 0.66 0 -1.60204187507299 0.00 181.42 288.40 374.00 1.6215460303990554 1.683932281351223 3.5274076630697633 -4.41 1.81 6.10 -2.2280055845750084 0.9999951
Car 0.00 0 -2.0323944548752646 760.28 171.91 1027.18 339.85 1.4934111222444486 1.6742696643532657 3.9909484704361344 2.98 1.56 8.58 -1.69810973797253 0.95983326
Car 0.00 1 1.8771252493050437 228.25 185.75 424.13 316.27 1.4468353915779304 1.615823424673214 3.700479822360077 -4.32 1.91 11.54 1.5189244877873596 0.99629104
Car 0.00 1 1.179614977040563 704.01 179.00 841.22 265.04 1.4964949846087408 1.5592771538258934 3.356649713717499 3.06 1.61 14.63 1.385801807580284 0.8337121
Van 0.00 1 -1.6098200837757926 657.76 127.66 763.71 233.50 2.295821703516445 1.933025425866766 5.547566918486404 2.90 1.66 22.51 -1.4816942031786806 0.62097186
Car 0.00 2 -1.8661461333420615 657.01 169.93 706.56 216.96 1.4594516347913455 1.6476714362116003 3.6476276536808396 2.85 1.70 29.73 -1.7705754089363777 0.861509
Car 0.00 2 -2.1865187446263175 649.26 176.94 696.61 214.50 1.4695127647189807 1.6509963192702675 3.7815579419360543 2.67 1.73 31.72 -2.1025426795071778 0.71840733
Car 0.00 1 1.3248886475947241 628.17 179.56 659.75 204.67 1.5089725166378927 1.5766486816765213 3.5617888440714265 2.00 1.87 43.83 1.3704878630979416 0.94574857
Car 0.00 0 -2.030601934590612 501.24 185.22 533.08 207.61 1.576373469439001 1.6366248906315708 3.8653802053407813 -6.03 2.16 46.37 -2.1599172322305678 0.9612454
Car 0.00 1 -1.583585281917129 604.17 176.80 641.25 202.02 1.5963459539978218 1.6698535599471473 4.019733073316612 0.83 1.99 50.73 -1.5672256140290441 0.8177076
Car 0.00 0 -1.7850174317744116 578.83 180.92 606.48 198.75 1.4853775057761383 1.6044759818078422 3.721734436355629 -1.56 2.21 62.94 -1.8097978682299403 0.9763781
DontCare -1 -1 -1.2801459590580802 479.16 179.88 498.86 198.93 1.4978316969989252 1.6262005430371904 4.037885876499214 -1000 -1000 -1000 -0.4947477956606319 0.9770702
DontCare -1 -1 -1.2595198611405234 547.08 177.30 564.19 197.00 1.5046247862099122 1.629992585881188 3.798489054791727 -1000 -1000 -1000 -0.4741216977430751 0.9324674
