Car 0.85 0 -2.2054059068348746 824.89 182.48 1241.00 374.00 1.576136906054468 1.604388094759121 4.1665762533769986 2.61 1.57 4.10 -1.6385188859356858 0.71600026
Car 0.00 0 -1.1708798567440848 306.28 182.09 484.39 303.73 1.5009841829358053 1.6332260065437698 3.6300741006956483 -3.22 1.74 11.47 -1.444567534151755 0.99250907
Car 0.00 0 -1.806751594939504 713.08 179.21 864.94 283.33 1.514923971500845 1.6187312186421299 3.667223872743645 2.80 1.59 12.34 -1.5836252810200773 0.99678016
Car 0.00 2 -1.320796818533216 435.53 182.66 516.24 237.53 1.4871100302605342 1.6412783854366684 4.173595117531814 -3.90 1.74 21.40 -1.5010615025130472 0.9578996
Car 0.00 1 -1.6336471597340445 669.03 178.61 741.15 235.55 1.4888993542461109 1.6237485513748073 3.376451032362976 2.56 1.63 20.38 -1.5086883005263838 0.9999435
Car 0.00 1 -1.46061830321816 642.82 175.47 688.71 212.23 1.5269045800721657 1.668389796531334 3.5876969565973664 2.31 1.60 31.27 -1.386879522357439 0.95915943
Car 0.00 2 -1.7866921285775046 447.29 173.77 522.17 209.37 1.4125488404004287 1.6384678289951229 4.017791839443245 -6.60 1.87 38.09 -1.9582624239384492 0.99220806
Misc 0.00 2 -1.3599368641760687 632.34 147.07 680.84 205.65 1.5658707249729347 1.632497275500133 3.9008242731318856 2.37 1.64 38.45 -1.2983762562784695 0.9342763
DontCare -1 -1 -1.6201128969576697 547.73 170.83 594.60 191.82 1.3663463149039459 1.603769044643774 4.073064210020103 -1000 -1000 -1000 -0.8347147335602214 0.7033605
DontCare -1 -1 -1.7925853441145758 617.90 171.90 640.86 189.65 1.4727351929812145 1.6249021061421776 3.8915447947905446 -1000 -1000 -1000 -1.0071871807171275 0.8672949
