Car 0.28 0 -1.8420051793244223 0.00 170.30 319.99 312.80 1.5523436389683198 1.6095066808821106 3.4257439543829347 -6.07 1.55 8.84 -2.443716184329214 0.999503
Car 0.00 2 -1.381687075891767 17.84 178.76 284.63 281.03 1.4746741767792415 1.6565039784373188 3.9214686324224854 -7.05 1.57 11.21 -1.9430879527842957 0.9987299
Car 0.00 2 -1.2126277844097952 109.73 172.70 374.91 261.90 1.4801466096012306 1.682589746332302 3.8215949070976163 -6.79 1.56 13.48 -1.679238347702845 0.99204683
Car 0.00 2 1.9595958749440054 230.44 168.66 364.70 247.19 1.4519292864768218 1.6403761424781227 3.0587123205290223 -6.81 1.54 15.78 1.5521828929923878 0.7934769
Car 0.00 2 1.0243165651944022 275.25 176.02 471.18 240.78 1.5532459955482196 1.6683072627247715 4.346931176386871 -5.88 1.61 18.16 0.7111807744848005 0.57775086
Van 0.00 2 1.7085963050511221 270.86 124.81 493.78 231.06 2.1717044985969878 2.0467531630849076 5.755811808460998 -6.45 1.58 20.77 1.407494357133837 0.9942123
Car 0.00 0 -1.6535818363216261 681.74 183.84 783.56 255.10 1.4966467603860807 1.6089732938171768 3.4532451798544312 2.66 1.69 16.76 -1.4961834396869704 0.9999814
Car 0.00 1 -0.7615786353733878 763.12 181.00 884.16 230.92 1.3833622786967468 1.641283073714509 3.5715500285253907 6.33 1.69 21.76 -0.47849055375933525 0.99999404
Car 0.00 0 -1.7234481881049017 630.12 178.70 652.36 195.30 1.5201330002217006 1.6358705947832608 3.881022751458087 2.56 1.82 60.13 -1.6808994612824384 0.82520694
Misc 0.00 0 -1.618401357033525 822.19 196.26 929.69 331.23 1.5903690237371635 1.786533951079979 4.3929212858305355 3.18 1.76 8.95 -1.277006310356311 0.9970796
DontCare -1 -1 -2.3459897796299796 495.33 167.59 625.00 207.34 1.5196884077793371 1.7313977473141098 4.095929222308197 -1000 -1000 -1000 -1.5605916162325313 0.5000568
DontCare -1 -1 -1.1649947921421866 1166.80 313.14 1240.00 373.00 1.4883666712610435 1.6182131108553552 3.7600887065158273 -1000 -1000 -1000 -0.3795966287447383 0.73258126
DontCare -1 -1 -1.4231119165804724 666.75 173.42 684.51 198.29 1.5126045331178617 1.634963664478197 3.2896871139631654 -1000 -1000 -1000 -0.6377137531830241 0.9765336
