Car 0.00 0 1.9656938771393637 307.68 191.33 473.41 287.60 1.450439617392273 1.5693841867805862 3.6724628527985 -3.87 1.79 13.39 1.6843391374647354 1.0
Car 0.00 1 1.9685209552433829 102.23 199.62 314.46 302.79 1.5453146699635696 1.6505543247522259 4.207058148585357 -6.85 1.96 12.72 1.474532706196322 1.0
Car 0.00 1 -1.519082293906484 637.85 178.31 679.61 213.32 1.529331886098386 1.6194534276337766 3.62414035400013 2.23 1.82 34.30 -1.4541590882970756 0.99999917
Car 0.00 2 1.5338506596770625 430.56 188.23 508.03 241.43 1.463333025929184 1.6386298455954933 3.5802155305967713 -4.16 1.90 21.59 1.3435016338071826 0.9999999
Car 0.00 1 -2.867588357129369 749.74 163.72 886.36 205.36 1.5527538269577932 1.655360563910141 4.101827295623817 7.74 1.17 27.23 -2.590647327013183 0.66625506
Car 0.00 2 -2.2340717474606375 739.85 154.26 854.70 202.22 1.5103569146065425 1.632829242637887 4.0645172466860195 7.76 1.18 30.30 -1.983354933913921 0.99294335
Van 0.00 2 -1.4191267798331122 979.54 137.81 1101.37 180.52 2.1281372415949917 1.9541241997932626 5.140000706368732 21.74 0.36 36.61 -0.8832587444879136 0.8881125
DontCare -1 -1 2.1013488928463797 508.91 174.06 630.82 206.70 1.517233453114183 1.736667803740635 4.158659028016128 -1000 -1000 -1000 2.886747056243828 0.69228965
DontCare -1 -1 -1.157199845710073 684.22 166.95 738.85 198.29 1.4926159944204997 1.5947024070383453 3.9413075317964936 -1000 -1000 -1000 -0.37180168231262467 0.99563354
DontCare -1 -1 1.909057037034307 893.16 147.54 974.31 181.47 1.465986308064909 1.6188553974689388 3.9105788526461507 -1000 -1000 -1000 2.6944552004317552 0.9727068
