Car 1.00 0 0.7712875167515616 927.32 203.35 1241.00 374.00 1.5580963793961715 1.6893506490351105 3.590825097762146 2.79 1.67 2.53 1.6055190060287559 0.58453685
Car 1.00 0 -0.8405102054264884 0.00 228.20 262.51 374.00 1.4999860510049772 1.6365584724308395 3.872824697882035 -3.07 1.81 2.58 -1.7124175774344288 0.98396605
Car 0.04 1 -1.8677632371571402 762.17 194.00 1068.13 374.00 1.510446139034481 1.6612829857231521 4.110862540207901 2.85 1.71 7.77 -1.51620500015918 0.99967074
Car 0.00 1 -2.149498657384191 698.22 183.91 840.22 285.52 1.5801335763005924 1.5335741110803032 3.896505722902813 2.65 1.75 12.99 -1.9482569626532438 0.9999927
Car 0.00 0 -1.4038313488152365 423.41 186.37 526.56 268.93 1.494609177467079 1.5995783948065185 3.3492549826727296 -2.79 1.80 15.44 -1.5826017342210923 0.977042
Van 0.00 2 -1.900162206092153 680.32 165.79 775.98 253.51 2.184832565032444 1.9544500434850884 4.891540480607795 2.73 1.78 17.65 -1.74670405747396 0.99537355
Car 0.00 1 1.4630363891508917 504.20 180.96 560.08 225.40 1.5102778341440868 1.5322967462898636 3.052906649313965 -2.81 1.78 26.44 1.3571554742234742 0.9999896
Car 0.00 0 -1.5867835144188742 643.63 177.47 680.35 208.62 1.5446572195558261 1.6299329132498646 3.8809917998836423 2.52 1.70 35.98 -1.516858792115158 0.99986243
Car 0.00 0 -1.5620480208334069 559.09 177.26 583.02 198.93 1.5703708831040573 1.6399857655824566 3.522248851262131 -2.86 1.86 53.26 -1.6156953311556759 0.5589544
DontCare -1 -1 -1.187794075408254 585.89 170.18 642.46 200.88 1.447420575079174 1.653102788394823 3.5412586500273133 -1000 -1000 -1000 -0.4023959120108058 0.7044241
