Car 0.41 0 -2.071015969910894 606.09 205.57 1050.45 374.00 1.7292823646037292 1.533868900752201 4.4873653223143 1.38 1.81 6.02 -1.8456734315070866 0.99999046
Car 0.00 1 1.6433495367553572 483.73 205.82 709.94 343.72 1.5874536190001678 1.6700250872136497 4.215730743609466 -0.50 1.93 10.39 1.5952634384135644 0.6627491
Car 0.00 2 1.642375216880117 419.61 207.08 551.12 299.25 1.4210427183477592 1.5680567913414383 3.6822162737474824 -2.64 2.16 14.29 1.4596904327221982 0.9965233
Car 0.00 1 -1.6278661648419241 369.60 201.81 459.54 274.11 1.4313754964439582 1.5619111799360657 2.979949968062439 -5.33 2.43 19.20 -1.8986518331803974 0.9999988
Car 0.00 1 -1.5090541737761836 126.44 207.56 205.70 274.91 1.4580506685940933 1.5853205726207638 3.3699892332182313 -14.66 3.10 23.96 -2.0581436241034634 0.9818797
Car 0.00 1 1.5581338378277163 28.31 221.86 147.85 321.42 1.606918968614788 1.745699099517002 4.2269725372419735 -9.92 2.49 13.85 0.9365878667302947 0.99999976
Car 0.81 3 -1.6135611469533782 0.00 225.16 93.66 374.00 1.5499483853398275 1.56363557211174 3.7467387711034204 -7.06 2.17 7.93 -2.340985654077084 0.81094694
Car 0.00 2 -1.6142828362670283 324.66 210.13 374.42 250.03 1.5101772326795768 1.654231476849451 3.6263532956467057 -11.06 3.03 30.38 -1.963423799138533 0.9321044
Car 0.00 1 1.4554898078229765 195.81 213.05 227.98 242.88 1.5144580252288293 1.6643221781314754 4.033575834833183 -23.82 4.01 43.19 0.9514830011082467 0.8249677
DontCare -1 -1 1.945066020884786 230.76 206.41 324.85 237.75 1.5492015428660821 1.6200186845572138 3.913170242808857 -1000 -1000 -1000 2.7304641842822344 0.64067036
