Car 0.95 0 -2.318611399331365 0.00 195.82 183.20 374.00 1.5848430920211982 1.7706144892336273 3.946207748852768 -4.58 1.76 4.19 -3.148450066901698 0.96552205
Car 0.00 1 2.088317529359136 83.58 184.35 382.09 347.18 1.4374621290533256 1.676519132471218 3.5575018694029237 -4.52 1.78 9.35 1.6380196871154233 0.9997223
Car 0.00 0 1.4056516597655158 718.06 168.42 797.13 231.01 1.6018633995024871 1.7066159465075874 3.643348308406868 4.56 1.68 23.16 1.60005620161559 0.9838958
Car 0.00 1 1.8278593281891684 308.06 191.58 452.08 276.83 1.5281297805538785 1.683113399213686 3.769862318538227 -4.39 1.80 14.20 1.5280248216155459 0.99972016
Car 0.00 2 1.937626109519277 394.95 183.78 497.22 247.75 1.4483382258383941 1.5985375226200962 3.888010790698328 -4.19 1.77 18.86 1.719013305572067 0.9992798
Car 0.00 0 1.6140201660480837 557.76 176.37 593.05 200.74 1.685090750810356 1.6232620526762152 3.5781984796152497 -2.17 1.71 45.74 1.5666136476182848 0.99998856
Car 0.00 0 -1.6158809597280364 609.59 174.09 629.42 189.07 1.428727068361492 1.5884378210367107 3.567467318974533 0.97 1.60 72.37 -1.602478418349742 0.9773187
DontCare -1 -1 -2.606715397038732 15.35 172.77 121.73 193.12 1.5339052382676315 1.6924730309010887 4.40218956967453 -1000 -1000 -1000 -1.8213172336412837 0.73707074
DontCare -1 -1 -1.6011770656940083 691.98 171.48 712.97 204.76 1.593401991185398 1.613611082798376 3.922813097141781 -1000 -1000 -1000 -0.81577890229656 0.97117716
DontCare -1 -1 1.9235268096115927 818.77 168.24 892.16 192.47 1.4521790671913337 1.6979913779260063 3.7822129075751687 -1000 -1000 -1000 2.708924973009041 0.9976628
