Car 1.00 0 1.2151913801815848 1100.90 210.16 1241.00 374.00 1.4999689016310882 1.6574507050873184 3.6482218523846055 2.64 1.60 1.09 2.3944284639855438 0.9353572
Car 0.67 0 -1.1882803599026541 0.00 185.71 302.13 374.00 1.569300230946989 1.752046718514099 3.9953715225086595 -4.58 1.86 6.42 -1.8079402233122945 0.9542418
Car 0.00 0 1.8441974381592612 377.22 182.40 471.46 247.32 1.4534001279442024 1.6700552918673897 4.064966814719238 -5.12 1.90 20.23 1.5963131579188603 1.0
Cyclist 0.00 0 1.3702436397459845 532.99 174.53 549.79 211.67 1.7495213053543424 0.6351346985607338 1.8805213375414276 -3.54 1.95 37.10 1.275113857137589 0.8105325
Cyclist 0.00 0 -1.3531589965012412 548.31 175.29 562.96 209.98 1.7064310736377095 0.5981137656777096 1.6570928944672012 -2.85 1.89 37.59 -1.4288322554005333 0.930566
Car 0.00 0 1.5306430729713778 472.12 181.87 520.60 213.56 1.555922035482378 1.6387569264234447 3.7672564854250337 -5.68 1.93 36.39 1.3758056094311748 0.6981057
Cyclist 0.00 2 -1.4791597882893424 552.73 173.98 565.37 199.12 1.7792305793036078 0.59421238835742 1.8807296706760788 -3.70 1.87 52.17 -1.549963220859251 0.8657016
Car 0.00 1 -1.4257537136462073 630.15 175.21 654.45 195.19 1.473801829275341 1.641396344891324 3.828224381558695 2.55 1.72 57.21 -1.3812105691100018 0.9998914
Car 0.00 0 -1.708729893961225 674.42 172.19 773.12 250.20 1.5063006471662235 1.5937841378809356 3.5917605628595735 2.49 1.62 16.85 -1.562017200727698 0.99999213
DontCare -1 -1 -0.9503839770939688 615.65 170.83 625.65 193.76 1.6051438901393127 1.6669652641476536 4.435245590411224 -1000 -1000 -1000 -0.16498581369652054 0.6812902
