Car 0.11 0 -1.9728762368347983 777.65 197.94 1110.58 374.00 1.4159543964831542 1.602024249053135 3.6447230746374513 2.95 1.71 7.29 -1.5883557136325133 1.0
Car 0.53 3 -1.6157179969039301 0.00 198.32 220.75 348.02 1.438579514977188 1.5230541743995094 3.2202441265211488 -6.67 1.75 7.96 -2.3131686323719225 0.9633191
Car 0.02 3 -1.1709865788605551 0.00 188.28 318.21 304.53 1.5001997932611417 1.6529927842975998 3.400095539294281 -6.34 1.73 10.25 -1.7249245383436165 0.9634416
Car 0.00 2 -1.3132973770287375 98.92 186.52 357.94 278.40 1.5247866165643942 1.6957442232133293 3.646759571634331 -6.68 1.75 12.77 -1.795254547419537 0.9854214
Car 0.00 2 1.3861862877991538 188.24 175.97 394.95 258.40 1.499105321597905 1.6447683267952347 4.212283717595138 -6.70 1.72 15.24 0.9719873085202311 0.58004385
Car 0.00 0 -1.8354204157975058 674.89 182.13 780.61 251.77 1.493714304995389 1.6272261992753887 3.4752054681406404 2.60 1.66 17.11 -1.6846161848120111 0.9658441
Car 0.00 1 1.9262069026615958 322.90 184.63 483.77 238.91 1.4208764884440612 1.643668975001707 3.999324636660614 -5.94 1.83 20.87 1.6489200938513768 0.99009097
Car 0.00 2 -1.5152065465834479 657.89 180.81 716.21 219.16 1.4787945825426292 1.6242114578099394 4.019516529642143 2.86 1.67 27.86 -1.4129087521362578 0.53019816
Car 0.00 2 -1.2463020245221 345.99 178.44 470.15 228.55 1.53751509485826 1.7153199382783317 4.093426810704269 -6.53 1.74 23.41 -1.5183280982813558 0.94623524
Car 0.00 2 -1.665290237465177 376.96 171.40 478.09 221.24 1.4633192125527572 1.645381565457716 3.878342656545439 -6.52 1.67 25.86 -1.912269625459756 0.99964845
Car 0.00 1 1.6418750817563872 639.01 172.57 671.63 200.96 1.489673927780838 1.6453758583129787 3.799080083273449 2.90 1.77 47.33 1.703070497903486 0.95302963
DontCare -1 -1 -1.7086409936335425 487.57 168.24 632.76 213.17 1.4822419736354064 1.618877929887309 3.950762668751278 -1000 -1000 -1000 -0.9232428302360942 0.9525016
