Car 0.64 1 -1.6825679774072508 0.00 194.79 429.60 374.00 1.5375964682368946 1.7683909230591202 4.674807863436737 -2.78 1.67 5.29 -2.1664224165398736 0.9784842
Car 0.00 0 -1.6894297833230834 659.40 174.16 751.61 238.68 1.572754308935852 1.6300694823922062 4.020298915110626 2.34 1.55 18.94 -1.5665046591134326 0.9999988
Car 0.96 0 1.2851847569134573 833.19 194.60 1241.00 374.00 1.4002416509954643 1.5775791027308845 3.934912087522545 2.40 1.56 3.10 1.9439907930309337 0.8969633
Car 0.00 2 1.6506160284068923 229.02 183.85 451.82 322.23 1.604429096338005 1.6361974871443057 3.3915060033426667 -3.41 1.61 9.88 1.3182758547395101 0.9775737
Pedestrian 0.00 2 1.7862679670241217 224.61 157.30 270.25 307.01 1.7481882227029455 0.40524826005966186 0.45818312147354123 -4.61 1.65 9.05 1.315134808716429 0.6536692
Pedestrian 0.00 2 -1.0856680134919028 289.24 162.64 315.59 275.24 1.7855275528881502 0.6312848161247444 0.8523163223425054 -5.11 1.65 11.81 -1.4940291736122517 0.8767497
Car 0.00 0 -1.379664377370153 519.37 174.17 562.19 212.50 1.5241304225108039 1.6637619876028442 3.820042478047409 -3.08 1.68 32.39 -1.4744703854550343 0.9389817
Car 0.00 2 -1.5507437354561429 636.52 171.66 688.06 211.32 1.5155149203544866 1.6641771563054466 3.9324318935499574 2.16 1.57 31.27 -1.4817774947424895 0.99992335
Pedestrian 0.00 2 -1.4104131619122366 296.48 173.76 324.36 289.61 1.8047234950963211 0.6173654179361534 1.2013404188463592 -4.66 1.80 11.34 -1.8003103565720968 0.53381664
Car 0.00 2 -1.5266782204296927 625.46 167.80 653.18 196.60 1.5303317535488319 1.6072674796642208 3.765733005605736 1.90 1.53 48.42 -1.4874583586308967 0.99952435
DontCare -1 -1 2.135199920335088 609.18 170.18 619.82 186.65 1.4905469272105407 1.6908210956217193 3.695484923325577 -1000 -1000 -1000 2.9205980837325365 0.9387522
DontCare -1 -1 -0.9802870909359793 572.95 168.24 579.71 186.65 1.4684340622095775 1.5922428399981403 3.770133117340603 -1000 -1000 -1000 -0.19488892753853104 0.6559765
