Car 0.72 0 -1.9057609299805502 0.00 165.63 59.45 211.25 1.5247940326860558 1.6350815242813372 3.7378804405556108 -23.38 1.41 26.23 -2.633774071722776 0.99964666
Truck 0.00 1 1.3214732567456107 17.68 155.25 110.32 203.91 2.9906457862439346 2.633504512766032 11.054823640200997 -35.33 1.91 46.92 0.6760652479583539 0.5752031
Car 0.00 1 -2.8949535648014884 521.74 169.23 599.58 199.75 1.4958396687923383 1.6454205301315927 4.05437305768589 -2.58 1.33 37.05 -2.9644769614980335 0.8221927
Pedestrian 0.00 2 0.9986272017147879 793.68 161.85 806.35 190.45 1.8115547461811257 0.5907282139447403 0.8436541786203289 12.42 1.15 47.55 1.254117766649793 0.607575
Car 0.00 0 1.3864556709912161 730.93 156.26 774.96 188.60 1.5035587571381044 1.6486588840098524 3.7191712280140306 10.17 1.10 51.68 1.5807607987093681 0.99999535
Car 0.00 1 -1.3157835463669638 760.62 161.22 805.65 186.09 1.5214002792543184 1.6464670163304949 3.8554796400816227 12.66 0.95 53.04 -1.0814796845842882 0.98082536
Car 0.00 1 -2.2960524121907095 798.57 161.94 853.43 184.12 1.5154676161526155 1.601142137563362 3.9466423039660836 15.77 0.81 53.01 -2.00689900291202 0.9781763
DontCare -1 -1 0.04868988593551116 128.55 164.36 222.64 193.12 1.4541614133684349 1.7065324851037407 3.743493268393078 -1000 -1000 -1000 0.8340880493329594 0.7949093
DontCare -1 -1 -2.111910537877355 419.00 159.18 482.69 192.46 1.413998172041626 1.6408124484778785 3.8603461944834376 -1000 -1000 -1000 -1.3265123744799068 0.7967565
DontCare -1 -1 -2.213241652646337 267.63 156.60 345.55 180.18 1.3601678762404632 1.5896664255024338 3.4724316169844056 -1000 -1000 -1000 -1.4278434892488887 0.74032885
DontCare -1 -1 2.7303589145329337 882.81 150.78 1214.95 182.77 1.4699722084967803 1.6904905878664398 3.9132293706164742 -1000 -1000 -1000 3.515757077930382 0.99984527
DontCare -1 -1 -3.082985238232885 662.69 148.98 862.73 159.44 1.3844757232634735 1.6265664149732733 4.140020208560028 -1000 -1000 -1000 -2.2975870748354366 0.520798
