Pedestrian 0.00 0 -1.69841127196816 568.15 172.03 592.63 224.98 1.8799944235387993 0.5809502954867554 0.6816298333713913 -0.89 1.32 22.57 -1.7378237277756687 0.99310243
Tram 0.00 2 1.8301078538086752 327.25 127.80 483.11 213.61 3.593819808815441 2.2525907403809358 18.310718258001522 -9.11 1.34 33.34 1.563373656853357 0.91652423
Tram 0.00 1 1.5306668365981917 471.76 126.94 549.26 205.78 3.469846968208275 2.251914615092926 18.080859574579314 -4.47 1.11 35.12 1.4040696147892344 0.9881792
Tram 0.00 2 2.3729071180012564 534.11 122.14 775.56 198.97 3.510606561456642 2.3881240434033204 19.041290315889434 3.00 0.77 37.97 2.451753068438339 0.99901986
Person_sitting 0.98 1 1.6834112713721137 1220.49 239.72 1237.00 373.00 1.4312754425971221 1.594491265034809 3.4312539567575837 3.41 1.47 3.26 2.491294400356379 0.67912024
Person_sitting 0.33 3 1.479990110793386 1067.51 217.41 1214.33 373.00 1.5943149257271003 1.8172642581821823 4.022957535587349 3.33 1.52 4.56 2.110739519725298 0.9608406
Person_sitting 0.00 2 1.9027061323311667 800.47 203.69 881.37 318.77 1.5419361818401527 1.553869284010067 3.8734134110958363 2.70 1.51 8.28 2.217920832081878 0.83277273
Person_sitting 0.00 2 1.501799196996961 848.03 200.94 928.83 315.54 1.5694563615886878 1.736784382975235 3.931297371290722 3.28 1.47 8.31 1.8777327521066975 0.94943386
Person_sitting 0.00 1 1.208480135598455 768.26 206.50 842.49 301.63 1.4995626196084928 1.603597658938303 3.692007558547058 2.62 1.50 9.42 1.4797554650666358 0.7321915
Person_sitting 0.00 2 -1.6568983356144766 827.45 196.89 882.18 297.97 1.5698352906672668 1.5375424840213203 4.034007551275291 3.29 1.47 9.44 -1.3215453301206292 0.77199745
