Cyclist 0.66 0 -1.2082306603577475 0.00 152.06 263.36 373.00 1.7920446354318713 0.5318104268222046 1.898375923785057 -2.44 1.56 3.59 -1.805178712190596 0.9715727
Pedestrian 0.00 0 2.538643376031194 858.71 141.72 913.04 281.24 1.7709972704205466 0.6636065672424507 0.7956824717829132 3.65 1.25 9.59 2.902318763444825 0.748419
Pedestrian 0.00 0 -1.52702692250279 568.46 158.95 610.13 257.62 1.7011228626970005 0.6722150034543943 0.8328730469355488 -0.37 1.37 13.51 -1.5544071989574293 0.8942507
Pedestrian 0.00 2 -1.7365869293597083 361.77 156.62 398.43 259.97 1.740875239894147 0.6976698133435917 0.7006822047541046 -3.91 1.31 12.46 -2.0406594998850833 0.62057585
Pedestrian 0.00 0 2.241286770501409 492.80 157.95 528.13 250.17 1.7648638369891596 0.6207096557405662 0.7244036016771698 -1.99 1.36 14.62 2.1060032493012626 0.5272209
Pedestrian 0.00 1 1.4703645194557051 743.02 143.44 782.02 247.21 1.7700272197279883 0.6581724304047298 0.5485343454191589 2.89 1.19 13.57 1.680199358502685 0.5279381
Cyclist 0.00 0 -1.5589964083072285 519.53 165.66 550.92 235.73 1.7431052513774787 0.5717110556720686 1.425314257892456 -1.69 1.31 18.30 -1.651084936341029 0.9551493
Pedestrian 0.00 0 1.0757197896626334 541.46 161.63 557.12 211.32 1.74086510524189 0.6693666576680612 0.9803795931646728 -1.81 1.09 26.67 1.007957180627943 0.9078409
DontCare -1 -1 1.7449125359442572 405.40 178.12 481.13 249.34 1.5302138481108856 1.624353305688634 4.075924532614746 -1000 -1000 -1000 2.5303106993417055 0.9192739
DontCare -1 -1 0.46248360077408357 614.31 156.84 684.88 197.75 1.4609412628977012 1.745245590126648 4.201979266606369 -1000 -1000 -1000 1.2478817641715318 0.9312277
