Car 0.00 1 -2.362331704297338 967.88 140.24 1135.71 193.24 1.4687411751417827 1.6013014980317497 3.8466223749668385 13.63 0.34 21.75 -1.8025347847359137 0.5083752
Car 0.00 0 -1.5164992372181754 509.12 173.67 551.38 205.42 1.5728593062429141 1.66812713376297 4.292531924449005 -3.73 1.18 35.77 -1.6204010492726628 0.9999864
Cyclist 0.00 1 1.5696002868379022 664.13 164.87 696.61 195.80 1.7326511817872827 0.5575230510144424 1.7376444889629745 4.32 0.86 40.56 1.6757091313200745 0.8952762
Cyclist 0.00 0 1.4516758705165724 605.33 165.85 636.03 196.56 1.7386990338918125 0.5400956922381115 1.7725703831926474 0.97 0.97 43.71 1.4738639467990309 0.6005648
Cyclist 0.00 0 -1.5862912396576743 368.23 177.47 396.86 214.79 1.7251219177041506 0.5253289506941032 1.6171221239889526 -10.45 1.56 33.26 -1.8907161215308874 0.9341359
Pedestrian 0.00 1 1.7581315795567374 445.45 174.14 460.81 208.33 1.7478705276179862 0.7180022727039528 0.8658138900781178 -8.41 1.57 40.20 1.5519019054137881 0.9924325
DontCare -1 -1 1.938360140719686 552.53 164.10 568.74 200.71 1.4849666993884754 1.6587673903168583 3.862822507634857 -1000 -1000 -1000 2.7237583041171343 0.96902317
DontCare -1 -1 2.812240199246679 828.57 148.80 960.81 182.23 1.5173254086455714 1.7128063955069923 4.175590293608703 -1000 -1000 -1000 3.597638362644127 0.9286053
DontCare -1 -1 -1.4947220096972327 1181.70 132.22 1221.96 158.63 1.4525099251239013 1.625863109967246 3.713106813036003 -1000 -1000 -1000 -0.7093238462997844 0.7773265
DontCare -1 -1 -1.7981119016793112 349.81 178.12 362.83 209.63 1.5375921264110517 1.6200184833915376 3.8879565094933892 -1000 -1000 -1000 -1.012713738281863 0.97713214
