Cyclist 0.00 3 -1.2078817943718771 831.02 143.99 911.33 269.10 1.706276632415161 0.6675897852688026 1.7152051991248989 4.23 1.47 11.95 -0.8676702636228537 0.9862655
Cyclist 0.00 3 0.9854203025486807 740.26 165.90 759.81 216.63 1.7825712333787536 0.6183164061217499 1.9738575471962356 5.10 1.56 26.51 1.1754785440181246 0.955583
Pedestrian 0.00 1 -1.1376102129605155 761.42 170.63 776.65 208.79 1.6573380841318321 0.6209537069585991 0.7870098469564819 7.13 1.61 32.64 -0.9225449135870496 0.96524376
Pedestrian 0.00 1 0.9823818961766104 780.17 169.85 792.53 207.97 1.8865406005088043 0.6561225335386467 0.7170391646931076 7.86 1.57 32.67 1.2184824902722546 0.6085587
Misc 0.00 2 -1.2778023640301566 776.89 184.95 791.58 207.11 1.4917053192673635 1.612907893276348 3.677802400790253 7.97 1.56 33.17 -1.04199514654971 0.5987811
Cyclist 0.00 3 -1.9760690490391593 711.14 173.42 721.30 201.89 1.750028078945384 0.43976826380779266 1.3985561235273742 6.20 1.68 42.34 -1.830668803002098 0.8687696
DontCare -1 -1 1.8027302334692816 478.51 170.83 495.62 187.94 1.4653208073048305 1.6469906561733627 3.5336617698297883 -1000 -1000 -1000 2.58812839686673 0.88027585
DontCare -1 -1 0.7774586240437369 915.15 150.78 1239.53 234.52 1.4618078138498973 1.551297894930973 4.475643055640258 -1000 -1000 -1000 1.5628567874411852 0.92212987
DontCare -1 -1 1.652744353809629 793.54 161.77 830.06 187.94 1.4770301248697948 1.5866572999121094 3.432464229069748 -1000 -1000 -1000 2.438142517207077 0.9485048
DontCare -1 -1 2.9331256906178336 591.07 166.95 704.57 185.36 1.4241386879055213 1.6307669545249486 4.460509793959655 -1000 -1000 -1000 3.718523854015282 0.99664634
