Pedestrian 0.10 0 -1.2070845822480063 871.38 144.64 961.38 373.00 1.8279277770224762 0.756292512574501 1.2502155123064422 2.28 1.51 5.50 -0.8141022461053602 0.7465659
Pedestrian 0.73 0 2.0817496935513358 0.00 132.32 143.91 373.00 1.7136849811676693 0.6428141854044866 0.554101002008667 -2.96 1.58 3.51 1.381155377213247 0.97333795
Pedestrian 0.00 0 -1.4735679859903197 580.63 147.06 613.30 240.78 1.749223853405918 0.715505650201149 0.5690613506147766 -0.27 1.19 15.12 -1.4914232311298723 0.65542877
Pedestrian 0.00 1 -0.9294997612622122 844.15 157.57 895.82 346.31 1.6545628993216706 0.49415731982261657 0.8663954945067072 2.37 1.47 6.89 -0.5982008859398908 0.710616
Pedestrian 0.00 0 1.3306900272753577 743.87 155.33 796.54 312.30 1.7147722443941784 0.6837162467923832 0.7246583966324234 1.85 1.42 8.31 1.549741187425502 0.98830765
Pedestrian 0.00 1 -1.6925839419153075 713.63 156.33 753.97 287.99 1.712807693928833 0.6658464930293035 0.7817180050322914 1.79 1.39 9.88 -1.5133539945094994 0.94322085
Pedestrian 0.00 2 -1.6265221844103674 804.94 145.50 885.50 271.23 1.7627939758267057 0.6852893549290371 1.2737915335009002 3.61 1.28 10.81 -1.3042166911139763 0.999987
Pedestrian 0.00 1 1.6971130381014685 778.46 160.61 829.80 289.87 1.7516180746633363 0.6901704277184677 0.9323688601860904 2.65 1.37 9.52 1.9686015708526474 0.8485901
Pedestrian 0.00 2 -1.594290250041757 791.08 144.56 826.41 242.98 1.7710573276880932 0.6669434997525883 0.8697679066816473 4.24 1.14 13.91 -1.2984203634120504 0.8109705
Car 0.00 1 1.7130610505726676 529.20 157.83 591.18 205.32 1.5847081918089103 1.6559521474601173 3.533442961178818 -1.42 0.78 26.06 1.6586252441830156 0.99999404
DontCare -1 -1 1.709198580184255 0.00 142.01 80.89 372.00 1.4642554785875987 1.6018919788957977 3.6699415316210175 -1000 -1000 -1000 2.4945967435817034 0.9998623
DontCare -1 -1 -1.6149590099838118 660.73 154.91 691.97 206.78 1.5495629444538068 1.6781339564086342 3.8241643627510453 -1000 -1000 -1000 -0.8295608465863635 0.98252904
DontCare -1 -1 -1.3764879266407828 638.81 155.55 648.13 173.89 1.4848567176429939 1.6428747542859459 3.684532972179451 -1000 -1000 -1000 -0.5910897632433345 0.78916216
