Car 0.18 1 2.1197838942196707 0.00 208.91 279.11 367.44 1.527343507744969 1.6416568283648634 3.5904969741926576 -5.95 1.96 9.12 1.5417147387713075 0.6176241
Car 0.00 1 2.037315354743276 216.37 198.26 374.94 289.47 1.5473368823347997 1.6010711186291122 4.18192480703453 -5.94 1.98 14.00 1.6360498692610794 0.880248
Car 0.00 1 1.7837238321688513 336.01 193.97 439.96 254.01 1.5345553666172933 1.5806655578972244 3.8677757085637237 -6.04 2.03 19.97 1.4900174776255724 1.0
Car 0.00 0 2.561681584515844 917.95 141.51 1145.16 222.84 1.529115997143687 1.6281623665900373 3.955783689521351 9.01 1.02 15.70 3.0826777720250127 0.9881088
Car 0.00 2 2.1567776958134512 893.95 141.82 1037.53 214.03 1.6124748963682365 1.7097060003043556 3.6627897491083528 8.91 0.99 18.30 2.609878563384522 0.99876994
Car 0.00 2 1.4773844043400626 843.01 146.80 988.67 209.16 1.5757365006773185 1.7749127738834762 4.140006439887085 8.62 0.99 20.61 1.8735184059541785 0.9999964
Car 0.00 2 2.4653936783459525 792.57 156.02 924.12 207.29 1.4660571370093536 1.5913709134520435 4.052779870234527 7.96 1.07 23.43 2.792894968069694 0.92763036
Car 0.00 1 1.8044494251396994 418.39 188.31 489.16 230.65 1.5170082346355926 1.650871447539463 3.792543755970993 -5.87 2.05 27.41 1.5934806714603473 0.99991715
Car 0.00 2 -1.5575720091026763 679.39 175.22 756.73 229.59 1.479078587499113 1.6261328228474998 3.7691014205441857 3.11 1.57 21.70 -1.4152233707604203 0.9973571
Car 0.00 2 -1.722721696892057 667.57 173.74 722.31 219.15 1.5298115372477483 1.631644854574039 3.6627361347303773 3.10 1.63 27.25 -1.6094472076858974 0.9999895
DontCare -1 -1 0.7171501080181937 490.80 172.77 658.63 216.40 1.4942364025680732 1.713858380234375 3.8997482565567876 -1000 -1000 -1000 1.502548271415642 0.63510716
