Pedestrian 0.00 0 -2.494629637398992 673.57 146.69 690.91 204.21 1.7904785065356446 0.723057871618576 0.9748469112226867 2.55 0.73 22.03 -2.379391231263941 0.6786267
Pedestrian 0.00 1 -2.051631853976522 277.45 137.77 311.45 258.52 1.750659486223365 0.592232933202095 0.5975551424333954 -5.14 1.24 11.62 -2.46809815436164 0.78585106
Pedestrian 0.00 0 -1.6274013454702239 786.84 141.95 846.84 330.99 1.7798356594893885 0.6982956881907654 0.8760328008346387 2.21 1.49 7.48 -1.3401198920730897 0.59367454
Pedestrian 0.00 0 0.8201518217709403 784.79 135.37 850.12 295.75 1.6532117663327408 0.6267149801638794 0.8471369748721027 2.28 1.30 8.52 1.0816306374831894 0.81929195
Pedestrian 0.00 2 2.5229093591359 696.64 138.55 809.25 320.47 1.8640880747142983 0.7372413854387474 1.0037746993610763 1.55 1.40 7.65 2.722817476512625 0.9985214
Pedestrian 0.00 0 0.54059894482163 709.04 143.33 779.37 341.19 1.782628256306405 0.6715092565205765 0.7382559297392273 1.32 1.45 7.01 0.7267219549445936 0.99392104
Pedestrian 0.00 0 2.021936402716909 548.87 141.53 583.54 227.16 1.7795577323440266 0.668228929796524 0.7410310623953247 -0.86 0.96 15.21 1.9654547926320738 0.90573716
Pedestrian 0.00 0 1.7004598240044455 586.75 136.04 621.42 225.55 1.7964719063047123 0.6849227640119266 0.5879785833666229 -0.15 0.94 15.43 1.6907388081222197 0.9919808
Pedestrian 0.00 2 -1.498634741702352 549.38 140.75 580.05 217.78 1.738342081606741 0.6412189211037826 0.6613243786404037 -1.19 0.87 17.18 -1.5677908714259112 0.99678266
Pedestrian 0.00 0 1.6070069196310381 508.96 142.87 539.29 223.19 1.7788337855044556 0.6557358856585693 0.26511503437255857 -1.89 0.96 16.48 1.4928213195170323 0.9999993
Pedestrian 0.00 1 -1.364352093138967 572.04 145.51 588.71 209.90 1.7386919608715725 0.6676987166789246 0.706357505709877 -0.61 0.77 19.17 -1.3961619126649878 0.67958283
Pedestrian 0.00 1 2.042439685263906 433.69 141.52 458.69 222.27 1.7681618439409685 0.6204242388990593 0.5115019498178863 -3.77 0.93 16.31 1.8152826389626013 0.89414024
Pedestrian 0.00 1 -1.698665321865354 456.42 147.44 478.75 217.32 1.7893303832415295 0.6715635787037086 0.8242574116001034 -3.28 0.85 16.91 -1.8902542749959903 0.8265902
Pedestrian 0.00 0 0.6780127445843558 483.00 137.39 504.66 215.81 1.7851330520961237 0.6600430700269413 0.7578350646207237 -2.78 0.83 17.19 0.5176789846433956 0.99480504
Van 0.97 3 1.4155209521439414 0.00 0.00 267.69 369.00 2.260131664120159 1.601093927965088 5.74580293690567 -3.17 1.66 3.69 0.7057798532763375 0.98715055
DontCare -1 -1 -1.3507869551565985 322.39 155.81 360.91 189.24 1.5758023451833438 1.6950332888127708 3.9245056976900483 -1000 -1000 -1000 -0.5653887917591502 0.9671369
DontCare -1 -1 1.7364340732481818 924.83 122.66 1210.71 137.60 1.416674122568817 1.6304746486903572 4.118560062848129 -1000 -1000 -1000 2.52183223664563 0.9740036
DontCare -1 -1 -1.0033074180271964 406.54 146.89 425.94 183.50 1.4905889540730428 1.6451443874002838 3.602267341815033 -1000 -1000 -1000 -0.21790925462974808 0.99441165
