Pedestrian 0.00 1 -2.0190680483963828 651.24 145.73 675.25 202.49 1.7273552822325182 0.6176994647172165 0.7696264503309631 1.83 0.68 22.33 -1.9372982526917513 0.5469662
Pedestrian 0.00 1 1.0043438235905509 255.96 139.60 298.93 260.59 1.6982688544694138 0.6332852932897282 0.9305814509997272 -5.55 1.27 11.63 0.5590905298739335 0.9167852
Pedestrian 0.03 0 1.1077098409321646 878.42 136.32 967.12 369.00 1.7422322644296837 0.7301136459496689 1.1181607363531494 2.55 1.47 5.87 1.517525674412521 0.8898976
Pedestrian 0.05 0 1.0849195281651358 790.39 145.50 885.92 369.00 1.6757617904249382 0.7307583893922043 0.6162275193045044 1.89 1.54 5.99 1.3905586872293936 0.8647283
Pedestrian 0.21 0 1.94179625908402 1050.00 140.45 1223.00 369.00 1.8423143042627526 0.609781926431961 0.9359548060009384 3.80 1.53 5.10 2.582152724154863 0.9895901
Pedestrian 0.62 0 1.640165084102426 1126.63 148.57 1223.00 369.00 1.6943749687079144 0.783832898297615 1.0825837073633575 4.50 1.47 5.17 2.3563873487622704 0.7561449
Pedestrian 0.00 2 1.8675001422551016 809.74 153.22 845.89 229.00 1.8949819146100235 0.6976568530586433 0.6878424403974914 5.76 1.21 18.01 2.1770419037151183 0.9612289
Pedestrian 0.00 0 1.748876885571752 532.67 148.59 601.78 366.78 1.8782624168697548 0.7165798451092911 0.841570497096529 -0.33 1.54 6.37 1.6971178185007556 0.9727193
Pedestrian 0.00 1 -1.8543547550824027 577.98 159.45 628.05 330.45 1.7145033305886936 0.5842512975719643 0.502798568994751 0.01 1.42 7.21 -1.852967793419741 0.8282419
Pedestrian 0.00 0 -1.478225284316812 625.20 142.02 683.32 330.82 1.7338051436845017 0.7459237407234383 1.0162838963577652 0.47 1.47 7.45 -1.4152215324639454 0.88107896
Pedestrian 0.00 0 1.7223909060147147 680.07 168.91 730.60 319.75 1.8082300177220059 0.7608596961286735 1.013627004415741 0.99 1.44 7.79 1.8487992857658622 0.9955676
Pedestrian 0.00 1 1.2643144587662558 712.67 144.79 773.33 309.95 1.7532564158927453 0.6753831523743343 0.7668468994805717 1.50 1.38 8.09 1.447646583509746 0.9605024
Pedestrian 0.00 1 -0.9511403004315238 780.76 157.40 844.66 315.51 1.8238495080176544 0.7263020406749916 1.2848627386400604 2.06 1.39 7.81 -0.6932494420339403 0.9282434
Pedestrian 0.00 1 1.5574285528298955 520.62 142.04 556.61 250.64 1.7438780026886416 0.6685975845244598 0.7871365068266296 -1.25 1.15 12.11 1.454572334510174 0.99938726
Pedestrian 0.00 2 1.914216206469808 581.71 147.40 633.02 248.71 1.732741414979453 0.581601707198925 0.614270370990982 -0.01 1.12 12.18 1.9133951885918854 0.9976992
Pedestrian 0.00 2 1.5947799133744578 618.03 137.88 673.49 247.25 1.6519602401558113 0.6476902532664013 1.1821172056505584 0.66 1.11 12.33 1.6482568580317032 0.9746236
Pedestrian 0.00 1 1.3781955997135977 677.58 141.51 734.22 245.14 1.7486484371501756 0.7686487640526962 1.0047796932766342 1.74 1.09 12.49 1.516616162772253 0.8343771
Van 0.97 3 1.0602446953442435 0.00 0.00 267.32 369.00 2.122244670533142 1.7399373451327516 5.2707936594427105 -3.17 1.67 3.69 0.35050359647663965 0.5189404
DontCare -1 -1 1.7044941345837454 488.78 139.87 509.45 179.67 1.5281244478008162 1.6857662045122528 4.403436558447876 -1000 -1000 -1000 2.4898922979811937 0.88351804
DontCare -1 -1 -1.6968904743578772 304.54 139.87 371.12 210.91 1.4470126557914924 1.6649820909561062 3.5642150213346864 -1000 -1000 -1000 -0.9114923109604289 0.9950289
DontCare -1 -1 -2.476502494015966 786.49 127.76 798.24 137.60 1.4466990906564903 1.6324411940486574 3.7127566059456254 -1000 -1000 -1000 -1.6911043306185176 0.84102124
DontCare -1 -1 0.9115675846722464 952.24 113.74 1208.79 136.97 1.5525771699665498 1.604867651379242 4.9990736415014645 -1000 -1000 -1000 1.6969657480696947 0.95992786
