Car 0.68 0 -2.108145789304052 816.01 208.86 1241.00 374.00 1.6253441799251747 1.661052636122837 4.603064613543548 2.91 1.71 5.28 -1.6044305489482236 0.8765532
Car 0.00 0 -1.667528518536363 656.27 175.93 726.59 232.79 1.5284106003871571 1.6660025075734997 3.7943900023923303 2.65 1.89 24.74 -1.5608213899950023 0.99786854
Car 0.00 1 -2.139469758668218 286.18 185.51 441.45 245.96 1.4956562541244935 1.6587513268650913 3.7769374569282914 -6.58 1.88 19.38 -2.4667826784419202 0.9943241
Car 0.00 2 -1.3155704895642142 310.32 181.84 476.51 236.35 1.4520063329307746 1.6380695377202177 4.203868853055038 -6.45 1.82 21.70 -1.604488681498824 0.787943
Car 0.00 2 -1.3130248645928244 402.65 175.98 516.42 223.31 1.5554523210792255 1.6708645255030536 4.003866227470436 -6.48 2.11 31.22 -1.517678262310941 0.9752577
Car 0.00 2 -1.7358336309578757 645.12 184.51 685.31 218.22 1.4816230948834133 1.6142682091058635 3.5117356350050355 2.65 2.13 35.63 -1.6615947928313042 0.51832
Pedestrian 0.00 2 -1.2631301442768912 162.62 171.85 185.62 239.17 1.6278338073197556 0.6282582710769844 0.15513451078628537 -11.93 1.79 19.65 -1.808771918767762 0.91452193
Misc 0.00 2 1.1163376132634024 286.13 210.35 401.89 276.66 1.4934855963854503 1.6137189411283874 4.18362780114273 -4.84 1.83 13.05 0.7611828034535963 0.9836939
Misc 0.00 0 1.0156859318402152 252.83 202.64 340.51 296.15 1.5974407497613143 1.6106809110106373 3.6779517551288987 -4.54 1.65 10.45 0.605838556295784 0.9313109
Misc 0.00 2 -1.191218332448278 323.43 195.35 423.53 258.80 1.477181617525072 1.6069506288231754 3.719400273762741 -4.65 1.63 14.11 -1.5095631954570874 0.99895763
Misc 0.00 2 -1.4621301973846297 356.10 197.21 438.16 253.91 1.5227334973222029 1.5902289815904045 3.7924024035559083 -4.72 1.74 15.90 -1.7506994969999718 0.99951065
Misc 0.00 2 1.003387109437261 748.75 207.42 916.12 313.54 1.639253460225315 1.6917615898610496 4.491905169688263 2.86 1.69 9.66 1.2912310654794081 0.6702213
DontCare -1 -1 1.9163491586830954 519.91 175.36 640.52 208.00 1.459884167072029 1.655353698200121 4.031907351814308 -1000 -1000 -1000 2.7017473220805437 0.94969654
