Car 0.00 0 -1.825350091853414 701.45 175.84 829.71 265.76 1.4685081992118072 1.5724519037367248 3.3523436953649903 2.93 1.63 14.62 -1.627559950937598 0.999998
Car 0.85 0 1.9891916970398764 1134.65 149.67 1241.00 305.78 1.5694394152431201 1.641411436042323 3.60404817958931 8.23 1.24 7.31 2.8337228992800068 0.7761717
Car 0.41 3 1.4583145911481719 1000.63 116.24 1241.00 261.31 1.513669420388193 1.6358954750658417 3.9314811845646287 8.32 1.16 10.50 2.1283924755402794 0.9940633
Misc 0.00 0 1.7874662140992026 258.27 218.84 370.07 273.93 1.491281049680562 1.6124568500281715 3.611256109677353 -6.08 1.93 14.93 1.4007394357062082 0.7264112
Car 0.00 1 -1.4366904507067542 323.10 182.88 433.33 252.86 1.5018245581357192 1.6272508830489063 3.675114484630623 -6.01 1.91 19.04 -1.7424436371291099 0.99998355
Car 0.48 0 -1.4889116744187216 0.00 207.36 223.73 374.00 1.6329707506863784 1.9155048870207214 3.8651696733535315 -6.06 1.89 8.02 -2.135994144740663 1.0
Car 0.00 0 -2.6507746736195426 866.66 147.46 1092.32 223.94 1.6074835289089393 1.66207167438282 4.159781949721374 8.35 1.11 16.64 -2.1856857973005774 0.89669025
Car 0.00 1 1.7520511905339102 439.57 180.96 497.71 220.37 1.5118077568529558 1.6394882940412903 3.68626740773777 -5.90 1.88 30.33 1.5599237507832429 0.99992085
Car 0.00 2 -2.0900582234051566 928.93 154.01 1019.46 178.86 1.5558745790092658 1.6986686133505249 3.650298761330643 23.66 0.36 47.02 -1.6238617669078563 0.9110255
DontCare -1 -1 1.1493218998101096 496.62 166.95 668.34 209.29 1.432588182744236 1.6638055548728847 4.489825563632049 -1000 -1000 -1000 1.9347200632075578 0.9549968
DontCare -1 -1 -2.88360329071549 724.97 158.54 807.42 172.42 1.4356170523731422 1.573474823749199 4.151489781342544 -1000 -1000 -1000 -2.0982051273180415 0.7920251
