Car 0.00 0 -1.5335869575527052 562.78 176.86 602.47 213.05 1.53725378995821 1.6625696488381767 3.6102962811813737 -1.25 1.22 34.06 -1.5702704352602386 0.99999535
Car 0.00 0 -1.1964296559479575 178.71 195.78 405.70 332.41 1.4855783622531604 1.6023720160783672 3.514785902701416 -3.93 1.57 9.47 -1.5897953133376412 1.0
Car 0.72 1 -0.839609102406774 0.00 193.94 147.01 321.61 1.5117458816437435 1.7036561512113952 3.5653161277399446 -7.95 1.59 9.05 -1.5603914619062391 0.82184607
Car 0.91 3 -1.1856177310135703 0.00 191.22 35.41 261.22 1.3746161017386627 1.6182019275338793 3.3080181052313233 -12.97 1.54 13.29 -1.9588306635659127 0.5062738
Car 0.00 2 -1.4314214895155768 119.73 186.86 282.48 264.26 1.5627529252140235 1.7141077958704376 3.708219515286484 -8.71 1.51 15.69 -1.9381952483033955 0.99999964
Van 0.00 1 -1.7141812155630927 301.28 145.56 417.49 235.42 2.2133009242941952 1.9179409580384923 5.5118990520179745 -8.06 1.42 24.02 -2.037928771798299 0.7939484
Car 0.00 2 -1.422156990566526 118.36 185.78 247.55 239.51 1.5721569735376548 1.695776134050026 4.275203155480423 -12.79 1.49 21.87 -1.9513394875208556 0.96036226
Car 0.00 1 1.280324057736669 377.88 181.84 437.62 218.31 1.4938606977282476 1.6563898578943157 3.8489883003161336 -8.74 1.35 31.59 1.0104060808266815 0.8864991
Misc 0.00 1 1.790207595625196 494.82 164.31 540.53 209.59 1.5910696390835952 1.6814209961058044 4.4359449913130184 -5.08 1.28 41.06 1.6671117441952297 0.99981385
Misc 0.00 0 -1.4083876023676734 441.71 146.56 523.77 227.89 1.5306742306618404 1.6432468027533436 4.287475125990905 -4.44 1.37 26.31 -1.5755695486993662 0.9991602
Truck 0.00 1 2.2300932566311698 521.92 147.36 555.83 197.22 3.1506658992352676 2.554668632382183 11.419373128030205 -6.20 0.91 66.89 2.1376678488184457 0.97029054
Car 0.00 2 -1.4020258794215064 263.11 180.31 334.80 218.74 1.5744974467723083 1.5223951183916473 4.73092879553894 -12.84 1.30 30.01 -1.8063142625858077 0.99962854
DontCare -1 -1 -1.503299051025186 0.00 330.99 101.77 374.00 1.4072068635194015 1.6049603142501259 3.9982178231106187 -1000 -1000 -1000 -0.7179008876277377 0.6280742
