Car 0.00 0 -1.5311857285585742 572.58 176.36 621.81 221.24 1.3617752793996047 1.6864900507689857 3.473306523762741 -0.44 1.28 27.82 -1.5470003697387782 0.9999999
Van 0.98 0 1.6662231172111373 0.00 42.76 233.71 375.00 2.237158428423605 2.1878853241061402 6.350951431149292 -4.17 1.65 3.65 0.8144265405030484 0.9999913
Car 0.00 0 1.5309127318349223 187.32 186.77 321.84 256.06 1.531565487739296 1.6517209310741567 3.5927999188528443 -8.48 1.53 17.51 1.0799081273092421 0.9332561
Car 0.00 0 -1.4098379025843482 357.27 171.20 473.92 251.41 1.524004627839328 1.6491673377068186 3.7885116731152917 -4.74 1.46 18.24 -1.6640827097670667 0.99968195
Car 0.00 1 1.6187060038235526 359.61 181.33 429.93 220.58 1.5702969994215679 1.5246829756261253 3.696441115938225 -8.56 1.31 29.16 1.3331745056083664 0.98057425
Car 0.00 1 -1.3771378705885748 461.00 181.61 514.39 218.10 1.487659406271429 1.6111083992482567 3.9805384298191453 -5.12 1.31 30.90 -1.5413417655843313 0.99971145
Van 0.00 1 -1.4097204218294959 498.67 160.62 543.78 206.77 2.113769694708786 1.9060132583682967 5.13550317084198 -5.04 1.15 42.58 -1.527537671060216 0.67232966
Car 0.00 1 -1.8126610974457602 528.93 177.09 555.37 199.89 1.5326413124619436 1.6238702603341484 4.117052363358535 -4.88 1.04 53.79 -1.903136597233874 0.9342269
Car 0.00 2 -1.424296991029058 270.97 181.38 345.48 220.24 1.5092821525229525 1.669157854533329 3.8535529916510964 -13.09 1.42 31.59 -1.8171309899738504 0.9993679
Misc 0.69 3 1.634965711334024 0.00 132.85 196.85 318.55 1.5594999234943103 1.6237247672588968 4.010002212725677 -8.48 1.61 10.07 0.9350728416147802 0.7832812
