Car 0.00 0 1.9811862866070609 127.84 187.91 343.09 305.17 1.5200557404948782 1.6276418522657299 3.4633183946237946 -5.45 1.71 10.86 1.5160664666713537 0.9999963
Car 0.29 1 -2.293703512349401 811.13 184.70 1241.00 374.00 1.5518808685062837 1.6636001274646663 3.9846524020061875 3.23 1.62 6.42 -1.8275667983460195 0.9989857
Car 0.00 1 1.8842501501229147 279.80 183.87 418.75 264.40 1.4832359108893585 1.7508862160803222 4.127419220410385 -5.48 1.75 15.54 1.5452268415264947 0.99996185
Car 0.00 1 -1.8624674240734915 744.12 179.27 912.45 287.41 1.4552797082631301 1.6410998210967922 3.422852115832367 3.34 1.61 11.86 -1.5879581594020293 0.9999999
Car 0.00 0 1.0725275437023978 475.99 177.09 531.45 200.72 1.4364149946539115 1.6294076361419105 3.260475473605194 -6.70 1.70 45.14 0.92517622311581 0.9998004
Pedestrian 0.00 0 -1.6494495878603797 670.68 170.25 686.68 201.99 1.741413497776146 0.6671587004599047 1.1285751579115295 3.66 1.55 38.89 -1.555614372358419 0.8702558
Truck 0.00 1 1.9862845102932791 635.05 151.25 711.28 190.54 3.1281524984719944 2.5721067050934123 10.926124769661332 5.91 1.62 68.32 2.0725743845164533 0.6883399
DontCare -1 -1 0.899606124558721 418.35 176.00 444.52 193.11 1.4846925403742504 1.5704454176784897 3.9841841777191545 -1000 -1000 -1000 1.6850042879561693 0.6393313
DontCare -1 -1 -2.42069269815949 582.66 169.53 630.18 192.46 1.4770082201628398 1.6572388105751419 4.07789118786911 -1000 -1000 -1000 -1.6352945347620418 0.68722296
DontCare -1 -1 -2.4044718305256705 721.09 167.59 734.97 198.93 1.3854914311139297 1.6237832152010345 3.6900669803247834 -1000 -1000 -1000 -1.6190736671282222 0.58135414
