Pedestrian 0.00 2 -1.5488965968277792 673.16 146.36 695.66 202.95 1.8361824764314842 0.7102256397989464 1.1105789212295913 2.57 0.70 22.39 -1.434613362537307 0.6567532
Pedestrian 0.00 1 0.331877545514379 259.45 135.83 295.13 257.23 1.6794782964888764 0.7264774571445656 0.5887382147619629 -5.41 1.21 11.62 -0.10385410621974117 0.8604167
Pedestrian 0.12 0 2.214802817502294 785.74 146.22 881.66 369.00 1.7200523367527676 0.7353833074954224 0.9066287824669981 1.77 1.53 5.51 2.525624845245551 0.977743
Pedestrian 0.09 0 0.875980750718389 882.23 134.06 974.51 369.00 1.7698184060308886 0.753097889879055 1.0309786168644333 2.59 1.54 5.72 1.3011583964362161 0.98733574
Pedestrian 0.00 0 -1.4643921414997916 685.80 142.11 742.44 285.53 1.7824084939811182 0.7080898936179352 1.0306351600000763 1.39 1.32 9.48 -1.3188050667434272 0.5736235
Pedestrian 0.00 0 1.268486158051763 639.80 141.84 703.84 279.59 1.6916871382299614 0.5907663907197189 1.0375480023929977 0.83 1.30 9.90 1.3521289363329905 0.99612504
Pedestrian 0.00 1 1.4648550311711173 773.91 139.95 819.36 276.84 1.7789457677308274 0.6727804242906046 1.178385269434204 2.56 1.25 9.77 1.7211204388217454 0.76184344
Pedestrian 0.00 2 -0.9302159706738333 812.29 145.41 895.42 275.54 1.7927156104150963 0.5894503648665619 0.7137814579317474 3.38 1.23 9.78 -0.5974634152197488 0.57247084
Pedestrian 0.00 1 -1.7975719879057745 1033.22 174.43 1069.30 251.91 1.7620079283978594 0.6326126176205349 0.811644573302021 11.05 1.75 17.55 -1.2356504256489593 0.9672598
Pedestrian 0.00 0 1.5206262553718428 487.91 142.29 532.14 278.58 1.7405929038677168 0.712072191694088 0.5195669648954773 -1.34 1.29 9.87 1.385686351049154 0.921201
Pedestrian 0.00 1 0.9301338354733328 511.88 152.94 541.81 268.38 1.824934878796692 0.6315403747645092 0.8816917595239484 -1.07 1.23 10.44 0.8280000320072101 0.99350715
Pedestrian 0.00 0 -1.4692330295827727 546.80 138.24 586.20 265.71 1.8026348403099728 0.7115743960526657 0.9713660297701263 -0.63 1.23 10.76 -1.5277164469660887 0.7648203
Pedestrian 0.00 0 1.4633243987944464 596.91 158.62 629.09 262.86 1.7748931082341624 0.6694565694120598 0.7839719770262146 0.10 1.23 11.03 1.472390333543243 0.99636805
Pedestrian 0.00 1 1.1790842870858054 596.94 141.59 635.38 252.78 1.7363567961755944 0.6402121427741718 0.882248026856234 0.27 1.15 11.75 1.2020589673491469 0.95408803
Pedestrian 0.00 1 1.2374231378224234 462.50 143.07 493.95 227.79 1.7561606708358777 0.708751505174942 0.6627575425217056 -2.78 0.99 15.38 1.0585997395312239 0.99595356
Pedestrian 0.00 2 -1.5372593934324126 538.93 146.77 574.99 224.56 1.807135255486126 0.6249578203347397 1.0856808690140152 -1.11 0.94 15.71 -1.6077978015948367 0.9737863
Pedestrian 0.00 1 1.9890284101155142 580.82 142.64 605.92 226.57 1.7864992650601816 0.6442049387183857 0.7251816658089065 -0.40 1.00 15.89 1.9638606605234759 0.6386951
Pedestrian 0.00 1 0.8585991422322135 625.49 141.47 652.94 221.36 1.726584251448865 0.6258932034757805 0.7421589759895706 0.77 0.89 16.03 0.9065971832447192 0.9887115
Van 0.97 3 0.8175861398365836 0.00 0.00 267.44 369.00 2.063003584288559 1.691965902790947 5.658812044018554 -3.17 1.67 3.69 0.10784504096897973 0.75076026
DontCare -1 -1 1.7391887913134436 297.53 139.24 430.40 233.23 1.5177203932596754 1.6396662064553642 4.036103712521591 -1000 -1000 -1000 2.524586954710892 0.58360463
DontCare -1 -1 0.0817428390171866 1014.70 123.94 1221.98 136.97 1.4122263271181297 1.6085513003827476 4.0574096461162945 -1000 -1000 -1000 0.8671410024146349 0.9989567
