Pedestrian 0.00 0 -1.4691484133389334 640.62 167.10 672.29 266.25 1.7614218443076861 0.6652082427677584 0.6672253576824569 0.91 1.51 13.30 -1.4008338314992934 0.6575096
Pedestrian 0.00 0 -0.9735528389599661 432.70 172.93 464.37 244.18 1.7390241803977442 0.7076019774463844 1.2342088041613006 -4.12 1.57 18.56 -1.1919935785393758 0.51536644
Pedestrian 0.00 1 1.5030247653510909 412.61 173.86 433.28 240.75 1.8473882986608696 0.7128253783372116 0.9437854407141113 -4.95 1.55 19.26 1.2514600284075281 0.9969405
Person_sitting 0.48 3 1.8153357515719275 46.53 252.83 237.79 373.00 1.541099217143507 1.666904497212305 3.986578049264946 -2.80 1.71 4.37 1.2455032486062323 0.78827363
Pedestrian 0.00 0 1.473224134245191 744.73 166.11 764.06 230.24 1.7845310191068602 0.7151398862984848 0.8239217331418895 3.96 1.27 19.24 1.6762106901506857 0.5201867
Pedestrian 0.00 1 -1.3617061237480979 616.16 168.83 642.82 232.90 1.73481888085639 0.6613502594915104 1.3101875899145508 0.69 1.52 21.72 -1.3299488482528468 0.98952216
Pedestrian 0.00 0 -1.307853148379598 682.68 170.33 713.01 265.76 1.759432021472956 0.6092747356084061 0.8108615843365097 1.67 1.49 13.15 -1.1815331521512262 0.6553778
Pedestrian 0.00 1 -1.441032842793737 710.55 163.15 738.22 239.91 1.7595238023813617 0.7306132669833374 0.9146001828620338 3.00 1.37 17.38 -1.2701049605181716 0.99935573
Pedestrian 0.00 2 1.1543910364296774 740.32 162.24 775.96 228.06 1.8217669366303635 0.745722820916481 0.7132930425712967 4.45 1.30 20.55 1.3676434760797813 0.988436
Car 0.00 0 1.688206278779779 533.41 178.89 574.53 209.97 1.6118537265627098 1.7209009074331665 4.175529794894256 -2.49 1.44 38.69 1.6239371981811836 0.9999994
Pedestrian 0.00 2 1.0860696593907218 142.98 178.53 191.98 288.81 1.765117581412549 0.5977905447867584 0.6624543485948944 -7.43 1.76 12.27 0.5415851408605057 0.54955155
Person_sitting 0.00 1 1.7416315684702735 168.26 212.05 271.52 338.02 1.5624305758444976 1.6321378026814604 3.8425989999772097 -4.12 1.60 7.72 1.2514053527366045 0.747084
DontCare -1 -1 -1.5810908880692462 582.07 173.60 612.67 188.07 1.4699726890592288 1.5871346586109543 3.8275057060048963 -1000 -1000 -1000 -0.795692724671798 0.9517319
DontCare -1 -1 -1.7430655370142798 0.00 244.53 37.69 354.43 1.4881223443715286 1.6252639193744802 3.601386414967575 -1000 -1000 -1000 -0.9576673736168315 0.8868688
