Car 0.18 0 1.057123259702001 773.50 202.29 1141.75 374.00 1.553375658002348 1.6575714082182789 3.5708230306730653 2.91 1.72 7.19 1.441699520974642 0.9585955
Car 0.00 0 -1.7378817657616477 653.27 176.91 717.34 229.21 1.5231997160060715 1.5979467176557922 3.646165462337532 2.66 1.93 26.71 -1.6386208831173985 0.90565246
Car 0.00 2 -2.511031881966863 317.56 183.93 457.23 238.58 1.5120933692722034 1.6378108256222152 3.949252279602089 -6.56 1.87 21.32 -2.8095308135530423 0.999724
Car 0.00 2 -1.513290305682693 338.04 180.37 489.05 230.10 1.4919988982199144 1.6415700663538122 3.8642229914070154 -6.38 1.79 23.65 -1.7767853708775663 0.98706126
Car 0.00 2 -1.0064447681095938 416.46 172.96 522.91 217.36 1.5646702762512874 1.650834276592865 3.8802777660415555 -6.44 1.98 33.23 -1.1978724980031838 0.9746889
Car 0.00 2 1.0216514031079154 644.90 183.45 682.79 215.20 1.4548522833554458 1.6591416180790806 3.5884466936216737 2.73 2.11 37.59 1.094149816119344 0.95236844
Pedestrian 0.00 2 -1.7997695664551596 209.34 169.08 227.68 229.35 1.540392899364586 0.5910714621928406 0.44233672002052304 -11.92 1.70 21.93 -2.2976454658545826 0.8235138
Misc 0.00 2 0.9570158282902579 331.09 205.26 430.69 262.68 1.5605793859629344 1.6137891553999328 3.9644751866684342 -4.79 1.83 14.98 0.6475308964375311 0.7104024
Misc 0.00 0 1.509240892776523 312.41 198.53 379.93 275.75 1.6219172853796195 1.6813227527500534 3.911403207235136 -4.54 1.66 12.40 1.1582700997802746 0.9377109
Misc 0.00 2 -1.5075019905951361 359.63 193.87 446.18 249.36 1.55794146319911 1.6164533824385547 3.7584849168882752 -4.63 1.65 16.05 -1.7883507765514417 0.94053996
Misc 0.00 2 -1.5265311571445803 385.85 195.56 457.91 245.81 1.5306052978901576 1.6747786209644222 3.9057606068776036 -4.68 1.77 17.86 -1.7828072902085386 0.9986985
Misc 0.00 2 1.6265756646778922 728.98 200.42 862.87 285.77 1.5185362444078934 1.5922051214338684 4.337101565800705 2.88 1.66 11.59 1.8701327203140155 0.59368813
DontCare -1 -1 2.5530613819744925 525.09 172.12 640.53 203.46 1.3645982298819732 1.6384896945865297 4.087991358839073 -1000 -1000 -1000 3.338459545371941 0.9454776
DontCare -1 -1 -1.5456906976785998 756.67 168.24 769.25 186.00 1.4870201241044712 1.692301861262455 3.759105214975872 -1000 -1000 -1000 -0.7602925342811515 0.8252209
