Car 0.00 0 -1.8176051388171057 663.13 180.63 708.76 214.58 1.498833995666952 1.6447771166176939 3.836095383517542 3.33 1.78 32.61 -1.7158419624787447 0.98995054
Van 0.00 2 -1.4272292713311057 405.79 163.98 536.12 215.94 2.176860022835932 1.9299711423074437 5.047761171886372 -5.60 1.68 29.32 -1.6159522496710046 0.99901354
Car 0.00 2 -0.8401836911824088 397.25 178.46 526.28 219.63 1.5055271446524572 1.6694185876013183 4.010085987053909 -5.49 1.68 26.95 -1.041144552525699 0.980331
Car 0.00 2 1.339546681442533 332.99 180.82 493.82 232.21 1.5451191723166418 1.6822632469893837 4.12557812234024 -6.09 1.77 22.53 1.0755494199022286 0.90283895
Car 0.00 2 1.9231276969101767 310.14 179.92 487.51 240.31 1.5394483752368402 1.74418954483284 3.7782729064450646 -5.66 1.74 19.48 1.6403589452318497 0.5967948
Car 0.00 2 -1.4964561323311667 282.07 182.40 468.85 249.72 1.4922305665729951 1.6450467158765936 3.5938715805635835 -5.54 1.75 17.10 -1.8097621302489155 0.7512466
Car 0.00 2 -1.5666965055887143 216.05 180.46 426.17 262.42 1.4356520402996253 1.5737684138776207 3.4031987061129 -5.80 1.71 14.66 -1.943433760384687 0.9999269
Car 0.20 3 -1.4924516538765769 0.00 184.39 270.58 313.75 1.5533397797314834 1.684970028019085 3.6713944693432237 -6.55 1.70 9.45 -2.0985463724315725 0.9985979
Car 0.61 0 -1.4274969855931143 0.00 197.92 216.48 366.49 1.543661058303566 1.5848622613312149 3.5786296298132325 -6.23 1.70 7.06 -2.1505231839844994 0.97478414
Truck 0.00 2 1.5082155848529677 643.21 163.36 688.15 201.70 3.0241593061568928 2.7517071860373306 12.315303969595337 3.65 1.85 48.88 1.5827499233312772 0.99997747
DontCare -1 -1 -2.4501410285618643 548.37 161.77 634.70 195.05 1.3931485120026779 1.6531390056671047 3.8413807881400968 -1000 -1000 -1000 -1.664742865164416 0.81142104
