Pedestrian 0.00 0 1.6341820071127753 600.26 176.63 615.47 232.09 1.8796260221306038 0.6776764448073578 0.8249154580542946 -0.00 1.58 23.06 1.6341820071127753 0.9836548
Pedestrian 0.00 0 -1.410794691243444 619.02 171.17 645.20 229.66 1.748004996627922 0.6904607395914268 0.7418182013342285 0.79 1.49 22.85 -1.3762351525256247 0.8794838
Pedestrian 0.12 3 1.209353075423513 132.45 174.09 247.06 373.00 1.7616865969639075 0.6927062551763725 1.3175636945078277 -3.60 1.72 6.11 0.6769140586904699 0.55011946
Pedestrian 0.00 2 1.8703209022667746 238.21 186.01 284.19 288.57 1.758098510969783 0.5995318199780655 0.9332630974957847 -6.09 1.84 12.88 1.4286477775626312 0.69856745
Car 1.00 0 2.407000617184911 0.00 153.85 174.84 373.00 1.4933747839002323 1.6611808494390392 3.6166366060600663 -2.59 1.76 0.58 1.0565078894871731 0.9870789
Pedestrian 0.00 0 1.6248677978899817 258.69 181.86 301.33 302.39 1.8439544154707146 0.7272914330747795 1.0408350495407486 -5.14 1.83 11.46 1.203248170121005 0.99332774
Pedestrian 0.00 0 0.82061363855866 778.12 154.19 838.30 300.51 1.7485974737819088 0.6474664639023018 0.9188821246633434 2.56 1.45 9.28 1.0897811313443606 0.78574705
Pedestrian 0.00 0 -1.5057031522181372 1027.51 133.56 1151.13 339.69 1.7491425237994445 0.6716618798014593 0.8996305973986292 4.51 1.38 6.88 -0.9254549448258048 0.90426123
Pedestrian 0.00 1 1.7916295389321188 346.68 185.06 372.47 252.27 1.8473539067808342 0.6844456660834026 0.8811178929889703 -6.62 1.85 19.17 1.4591200047133066 0.95998466
Pedestrian 0.00 0 2.1613882342961173 512.75 177.69 529.38 233.30 1.8008823333684159 0.660670991921134 0.9005895765284204 -2.81 1.67 23.79 2.0438161316353565 0.9389404
Car 0.00 0 -1.3543300489571433 355.40 166.02 477.07 261.08 1.521216526516379 1.605247966265812 3.838139364622631 -4.58 1.77 18.43 -1.597903859879227 0.91260594
Van 0.00 2 -1.488830098011766 436.02 169.88 506.18 236.58 2.220958873175583 1.8420554796313477 4.760804740542221 -4.46 1.72 25.20 -1.664000282401449 0.5968193
DontCare -1 -1 2.7144526998188834 0.00 214.23 104.10 372.00 1.4806292768387508 1.6515083306194687 3.7017868181095506 -1000 -1000 -1000 3.4998508632163317 0.81386536
DontCare -1 -1 1.8228185633805136 697.49 189.08 773.22 255.78 1.4531613889901351 1.6768968545557403 4.325512515507736 -1000 -1000 -1000 2.608216726777962 0.9985843
