Car 0.92 1 -2.4721473614361624 949.16 193.82 1241.00 374.00 1.4845802154211711 1.70684963396801 3.8411252593026544 3.66 1.67 4.18 -1.752978723154946 0.5386163
Car 0.00 0 1.9212026755001883 291.29 188.62 452.93 286.15 1.5807305466203403 1.5795927636982345 3.7162780334577943 -4.45 1.92 13.97 1.6128249218150992 0.9999566
Car 0.00 2 1.4240106354143958 395.98 185.24 496.47 254.88 1.486242067423315 1.619818906551733 3.4308256973848725 -4.26 1.96 19.20 1.2056725962126909 0.98733705
Car 0.00 0 -1.5330003509905676 699.37 175.42 749.34 217.90 1.6180375221936416 1.6213085346580887 3.590907709799805 5.10 1.92 32.94 -1.3793930373949992 0.98789203
Car 0.00 2 1.612339106449161 452.65 190.39 524.36 237.69 1.5168197172513616 1.618953042915597 3.639539765320816 -4.00 2.01 24.04 1.447460261731709 0.99594194
Car 0.00 2 -1.4033739725735526 486.44 186.49 544.39 227.22 1.5011728670267772 1.6719524555565262 3.8802142498419667 -3.73 2.04 28.78 -1.5322594314866236 0.829064
Car 0.42 3 1.6870424384858946 0.00 194.94 135.18 258.56 1.4474484700529289 1.660832009530201 3.691021980844536 -15.11 2.12 18.70 1.007429506747465 0.6979155
DontCare -1 -1 -2.0528301457550864 215.23 181.83 287.97 220.29 1.404520660993309 1.5597456612349891 3.760622540615597 -1000 -1000 -1000 -1.267431982357638 0.9951084
DontCare -1 -1 2.7058103839543204 576.84 176.65 645.70 202.82 1.502870202419014 1.6794795312644386 4.1262281705961605 -1000 -1000 -1000 3.4912085473517687 0.92911774
DontCare -1 -1 -1.4285450587656836 659.56 172.94 674.18 188.61 1.5114864971308422 1.639988954430952 3.8355748952702666 -1000 -1000 -1000 -0.6431468953682353 0.5837146
