Pedestrian 0.00 2 1.4194490323450903 660.45 145.86 680.34 203.19 1.7944172969464016 0.6435881032881212 0.8784947735974693 1.95 0.70 22.08 1.507535711158362 0.9592483
Pedestrian 0.00 1 -1.8222789923336844 278.08 138.75 316.92 260.02 1.7841205107424212 0.6139713059452248 0.8324707118580246 -5.04 1.25 11.61 -2.2318392787822825 0.90096736
Pedestrian 0.47 3 -1.8472754816201071 1001.11 183.47 1212.55 369.00 1.7074449336532307 0.5242616589453888 0.8420160194644832 2.42 1.54 3.51 -1.2436593128799833 0.6719228
Pedestrian 0.71 1 1.3454353372242789 1062.39 174.69 1223.00 369.00 1.804661897421236 0.6427310592767668 0.8394539063582325 3.11 1.61 3.76 2.03650005345691 0.5739786
Pedestrian 0.00 2 -0.9950368563320975 585.25 148.92 608.86 211.43 1.8940337090197754 0.8043617512372208 1.1599388239691162 -0.17 0.81 19.03 -1.0039698819776888 0.525492
Pedestrian 0.00 0 0.8104285756733756 657.50 141.35 703.83 279.21 1.7705512060228539 0.7467963750746918 0.8787522442424798 1.04 1.34 10.06 0.9134423553960713 0.6312125
Pedestrian 0.00 2 1.6107605631139617 640.49 137.40 700.76 257.26 1.7653612787280035 0.624902842500515 0.8793583703944587 0.99 1.16 11.22 1.6987679366417023 0.7690236
Pedestrian 0.00 1 0.7057967940953116 594.61 142.71 640.09 278.89 1.8141746124628735 0.6972219701197815 0.9443698493549728 0.34 1.31 10.02 0.7397159157744982 0.97314477
Pedestrian 0.00 0 1.047518984475408 585.91 139.25 632.67 280.05 1.7219345694783879 0.6744436416116428 0.8931086683431768 -0.03 1.26 9.59 1.0443907360770184 0.9848571
Pedestrian 0.00 0 -1.5339265773680548 525.74 141.69 556.90 213.17 1.7324138930443478 0.6774484793928337 0.9236268667290115 -1.70 0.81 18.11 -1.627523094422894 0.70732236
Pedestrian 0.00 1 2.0938589135792594 550.75 138.24 577.03 213.26 1.7030303677920056 0.656897209518857 0.8732133624861145 -1.12 0.82 18.30 2.032732971670794 0.9320047
Pedestrian 0.00 1 1.9884874085572104 517.58 142.76 542.43 210.11 1.7961131869260025 0.6624891664174271 0.8596533654043579 -2.24 0.79 19.58 1.8745801708087635 0.99581146
Pedestrian 0.00 0 1.4826902310040335 488.18 143.86 513.32 215.23 1.8055841451886845 0.6742763555881452 0.35944224575256345 -2.79 0.88 18.48 1.3328478271383803 0.9999888
Pedestrian 0.00 1 -0.6978177587178092 404.52 142.75 430.15 213.97 1.8251179619137001 0.6813309173372459 0.8119075042912864 -4.92 0.85 18.43 -0.9586903020811762 0.5380814
Pedestrian 0.00 1 1.256522194543157 438.03 148.80 459.68 211.36 1.7655779173973751 0.7136348690179062 0.6979744402477646 -4.23 0.80 18.83 1.0355489757846854 0.9899766
Pedestrian 0.00 0 1.1300457278874259 466.77 140.37 489.85 211.02 1.8103494955602837 0.6910798195090961 0.7634383259127044 -3.52 0.80 19.02 0.9470478751912421 0.98631245
Van 0.97 3 0.8803343335774283 0.00 0.00 267.77 369.00 1.9810785944690323 1.6765454659318162 5.294554842466163 -3.17 1.66 3.69 0.17059323470982446 0.98294765
DontCare -1 -1 1.8564823726799826 324.31 153.26 372.40 185.41 1.5227648856869351 1.6613787741125965 3.9939730187282945 -1000 -1000 -1000 2.641880536077431 0.69768703
DontCare -1 -1 2.317256466546331 926.74 124.57 1222.00 134.41 1.3946590576140594 1.6585764580131912 4.249100552998581 -1000 -1000 -1000 3.102654629943779 0.7426452
