Van 0.88 0 0.6460014144566397 0.00 140.37 156.45 374.00 2.037358283542595 1.8042274514292909 4.71413430368309 -6.00 1.76 5.19 -0.21165677583082532 0.8371104
Car 0.33 0 -2.494054631390844 974.01 188.93 1241.00 327.74 1.4876582775084686 1.7129133858443641 3.3522407581434632 6.69 1.65 9.17 -1.8637686122864197 0.6650443
Car 0.00 0 -1.739582390585218 668.12 189.43 746.23 243.05 1.5345197193144273 1.612321055746212 3.542436050377884 2.76 1.93 21.47 -1.6117321088744176 0.99995244
Car 0.09 3 -1.4236926893380026 0.00 193.87 287.93 313.24 1.6853695366351318 1.517833291804924 3.438409166537323 -6.65 1.82 10.20 -2.001445082410231 0.9999628
Car 0.00 2 -1.4455042789366583 78.09 191.16 339.39 286.57 1.653783783671112 1.6020357415737057 3.0963046719656373 -6.86 1.83 12.52 -1.9467517138913824 0.999995
Car 0.00 1 1.8555286387589316 243.90 190.36 436.15 255.73 1.5565565977065277 1.687371506607666 3.9871865977869416 -6.44 1.89 17.37 1.500485522616367 0.95422554
Car 0.00 2 -1.477580145993505 315.63 191.36 456.23 242.28 1.5487240426062059 1.7023257084847832 3.8936058749781037 -6.80 2.03 22.00 -1.7773562160934846 0.67741406
Car 0.00 1 -1.0132617513325552 638.62 186.38 691.07 222.79 1.4974007144390058 1.647368927738204 4.075672852002182 2.27 2.03 31.29 -0.9408414852442877 0.64149654
Car 0.00 2 0.4639508287098746 434.62 188.50 526.76 220.93 1.4964307587413501 1.664335004305973 3.8723402182907845 -6.22 2.25 34.84 0.2872817095812647 0.987879
Car 0.00 2 -1.5891510239478688 451.31 178.78 514.69 210.87 1.5102809279976797 1.6281763196648502 3.8341770769433166 -6.99 2.04 39.74 -1.7632633206386206 0.9999989
DontCare -1 -1 2.1591255823757987 532.85 175.36 631.47 209.94 1.4581627774803352 1.6060499318601036 3.9697325771079446 -1000 -1000 -1000 2.944523745773247 0.6828623
