Car 0.00 0 -1.7474672208216528 688.27 176.82 792.77 252.66 1.562108055111618 1.658961824393406 3.754684956871071 2.88 1.66 16.95 -1.5791630748209555 0.9999981
Car 0.52 0 1.95279057423142 1015.63 157.65 1241.00 279.36 1.5850344750849914 1.6712610193253898 3.224863665305176 8.22 1.29 9.69 2.6562952522161494 0.9999994
Car 0.01 2 -2.4174099723484854 931.44 127.38 1241.00 245.00 1.5624731223849964 1.6318357468308353 4.985698001585998 8.29 1.19 12.89 -1.845876467896677 0.57208115
Misc 0.00 0 1.8291943530228476 304.54 213.29 396.46 259.69 1.5398464653460693 1.669933124697342 3.714135186873474 -6.16 1.93 17.22 1.4856554795889543 0.74135196
Car 0.00 1 -1.539339711019073 354.68 182.64 448.40 244.35 1.5735045265226077 1.6307816656963372 3.6058507730589295 -6.08 1.94 21.33 -1.8170200600148008 0.9999968
Car 0.00 0 -1.1788674751904349 33.67 204.03 293.87 335.84 1.5501967951475095 1.6129380755783462 3.5857291688547517 -6.10 1.94 10.29 -1.7139823657186382 0.9544818
Car 0.00 0 -2.0489531318333487 831.61 156.97 1024.30 223.43 1.5977718982665252 1.70322147688879 4.052792282901802 8.23 1.26 19.02 -1.6405765975681876 0.97749066
Car 0.00 1 1.8007825771954398 449.59 181.52 502.78 218.08 1.4687085602252197 1.6057047166587257 3.5916651060209657 -6.01 1.93 32.61 1.6185284130643507 0.98515517
DontCare -1 -1 1.319297150769506 504.39 170.18 664.46 209.93 1.4917744960455608 1.6115743660093689 4.240814315281906 -1000 -1000 -1000 2.104695314166954 0.91989136
DontCare -1 -1 -2.6278763572361807 713.33 163.07 787.37 175.65 1.456074923631401 1.6643954918445492 4.006066607438125 -1000 -1000 -1000 -1.8424781938387325 0.5023441
