Car 0.00 1 1.853702769675527 378.88 194.87 454.80 245.01 1.5338442869304132 1.6375569396377945 4.164737360678711 -6.21 2.18 23.40 1.594297695363703 0.99997187
Car 0.00 1 -1.5350897508349757 660.50 176.51 718.74 220.45 1.461595621314497 1.6183346875668907 3.830424944065609 2.87 1.67 27.02 -1.4292689073149492 0.99994683
Car 0.00 2 1.4958614269879202 424.29 191.91 485.48 230.78 1.5983489978878211 1.4960996650816345 3.5780250300989533 -6.13 2.16 28.75 1.2857897380199548 0.9999999
Car 0.00 1 1.653497458496366 468.65 182.40 513.81 218.53 1.513845562823714 1.7044418000341797 3.9893722256050492 -6.11 2.25 37.31 1.4911752291797107 0.9668979
Car 0.00 2 1.923768119015966 486.77 183.01 524.10 211.22 1.5143358152179431 1.6303042697445893 3.66892418464283 -6.35 2.24 43.98 1.7803752506265478 0.9980976
Van 0.00 0 1.0915030697968344 1043.83 132.11 1151.65 180.79 2.2540365303983307 1.9502013498996926 4.964351815933036 24.61 0.39 36.68 1.6824568138414078 0.9746062
Car 0.46 3 -1.4937463561680655 0.00 211.22 66.36 249.94 1.4545642811624717 1.5896265052915954 3.8466051119715954 -25.90 3.18 31.14 -2.1875362859335112 0.8424967
Car 0.00 2 -1.3745808015253882 10.37 209.64 117.10 248.65 1.553528495487423 1.6965161927701378 3.554839091502228 -23.48 3.08 31.15 -2.020491667754312 0.5733784
Car 0.00 1 1.2602955559876303 58.25 205.12 171.90 247.63 1.5129463992832612 1.6697535917819881 3.7031583358869935 -20.82 2.95 30.56 0.6622422857789417 0.5504773
DontCare -1 -1 0.5392630855229239 525.73 171.48 645.05 206.06 1.5467023759900045 1.7274451398016357 4.055269705258407 -1000 -1000 -1000 1.3246612489203722 0.9905538
DontCare -1 -1 1.3445458869126181 1132.50 117.14 1240.00 176.95 1.5966414514748763 1.6169408664764309 3.73971335788826 -1000 -1000 -1000 2.1299440503100664 0.85995436
DontCare -1 -1 -1.7031061808255057 859.52 161.13 883.10 180.18 1.5254676964885008 1.6406648524762535 4.0048327763901135 -1000 -1000 -1000 -0.9177080174280574 0.9987735
