Car 0.00 0 -1.5211651856687407 574.56 173.74 610.84 206.81 1.5701518956391525 1.6588050492764854 3.8194287960753823 -0.79 1.04 37.07 -1.5424729935208168 0.9999999
Car 0.93 0 -1.3612881461766104 0.00 209.00 55.20 311.80 1.426155165192337 1.478723674333229 3.6721912195310975 -8.31 1.57 7.88 -2.1732396717502844 0.6885614
Car 0.00 0 -1.2742795209076743 168.99 190.57 398.93 318.40 1.4799598458974075 1.602008397942915 3.749079870186844 -4.32 1.53 10.11 -1.6780964240524403 0.99999976
Car 0.00 2 -1.5018407116320471 201.40 176.85 332.23 247.97 1.496802360173912 1.5758512236834907 4.099814893804588 -8.55 1.42 18.30 -1.938916503088886 0.93830353
Car 0.00 0 -1.41544966498879 382.81 182.49 477.75 240.62 1.5259715755289804 1.691541767931118 3.791302943728962 -4.84 1.37 19.99 -1.652999219510585 0.9978694
Car 0.00 1 -1.5346566001561026 462.69 182.22 516.56 218.00 1.5431098773895215 1.6821669743122005 3.8848121670411015 -4.79 1.24 29.37 -1.6963248209321653 0.99999976
Misc 0.00 0 1.5826416202497224 512.85 167.19 547.29 204.67 1.5090362815006089 1.6095415943027878 3.2606364061460877 -4.78 1.15 44.35 1.4752770368933057 0.81743366
Van 0.44 1 -0.949353233971868 0.00 160.40 144.14 265.02 2.11142494484087 1.8162107864474488 4.804428634995269 -12.32 1.48 15.43 -1.6231450346628318 0.9738211
DontCare -1 -1 1.5543098683145384 0.00 265.06 37.13 308.66 1.502030078676195 1.7214566015364074 3.974702479444542 -1000 -1000 -1000 2.3397080317119867 0.71108425
DontCare -1 -1 1.5751362690378468 147.19 158.41 215.35 186.50 1.5359740707843017 1.696557334876194 4.027702601753273 -1000 -1000 -1000 2.360534432435295 0.61653477
DontCare -1 -1 1.727149830260549 456.80 165.52 508.16 180.03 1.4521280754177284 1.5299983613850021 3.8278500289992476 -1000 -1000 -1000 2.5125479936579973 0.690002
DontCare -1 -1 -1.8021684298899512 551.81 166.82 563.74 187.15 1.497633274999113 1.5768185698152923 3.9785735776052857 -1000 -1000 -1000 -1.016770266492503 0.9374508
