Car 0.00 0 -2.086063460507665 748.26 150.35 1071.41 373.69 1.5017939325241756 1.583085215902462 3.7889519130216027 2.76 1.61 7.91 -1.7503462794041322 0.9987514
Car 0.92 3 1.358598874011312 0.00 190.41 119.86 374.00 1.5997018817631912 1.5548282929421806 4.365459697447815 -6.36 1.68 5.09 0.46273520722903017 0.9962351
Car 0.54 3 -1.438814447322164 0.00 191.67 230.81 357.11 1.498300979268403 1.678122121161356 3.7298694421873475 -6.35 1.72 7.50 -2.141370153844689 0.7428762
Car 0.07 3 -1.4745318228986601 0.00 178.57 298.64 297.28 1.549589982610793 1.6859954961301231 3.4686841537580873 -6.48 1.60 10.07 -2.0463208832334523 0.5596581
Car 0.00 2 -1.1606623391297202 158.71 155.71 421.66 260.61 1.6051220822899055 1.6895088174106025 4.212413834534683 -6.34 1.66 14.50 -1.572855688321516 0.99996054
Car 0.00 2 -1.582121986025248 116.38 171.13 359.58 277.79 1.5782500099210452 1.6723651171387577 3.859421404088945 -6.24 1.66 12.25 -2.053251563412372 0.99979025
Car 0.00 2 -1.7031721184637885 707.66 177.92 846.09 268.30 1.4714801166026306 1.6295357842655325 3.4554662277326966 2.87 1.55 13.26 -1.4900195860923864 0.80881655
Car 0.00 2 -1.5115796710040907 233.20 160.04 413.30 246.41 1.5725978988973808 1.632608024655416 3.9213799407110597 -6.60 1.62 16.74 -1.8871325282607678 0.99669814
Car 0.00 2 1.2047455767777304 295.98 178.28 450.83 242.44 1.5069327208964538 1.6605639115632915 4.0662461390123745 -6.16 1.75 18.83 0.8885815564417441 0.88084835
Car 0.00 2 1.940876797833715 303.43 170.14 466.27 231.43 1.4523853961198043 1.660436990922823 3.87034160377095 -6.68 1.67 21.53 1.6400296105593117 0.99499595
Car 0.00 2 0.5772975842144827 392.91 167.84 503.97 208.60 1.4857057411043357 1.5791146301390075 3.555832820139923 -6.53 1.40 29.20 0.3572873790853888 0.96929586
Car 0.00 2 -1.3800607482579093 429.36 162.40 518.15 204.26 1.4908271007059526 1.695649682796135 3.8569049695610116 -6.42 1.44 34.07 -1.5663123444869609 0.8004639
Car 0.00 1 -1.5731633585554103 651.53 173.33 698.51 209.93 1.4513700309960555 1.6507699929834747 3.647214653097191 2.68 1.50 30.78 -1.486312865106308 0.9679139
Car 0.00 2 -1.8228646675732474 682.50 174.41 770.03 240.81 1.5499218575476121 1.6196876310469055 3.814752502493658 2.87 1.60 18.77 -1.6711362598385604 0.98802453
Car 0.00 2 -1.575402766992573 639.21 166.09 673.62 196.58 1.5141974611958873 1.6386973720700884 4.116372661791839 2.60 1.32 41.53 -1.512879022056664 0.9951683
DontCare -1 -1 0.8507579127934317 520.56 161.77 630.82 196.35 1.4435428160993766 1.6437189721228027 3.945895346008339 -1000 -1000 -1000 1.63615607619088 0.9552524
