Car 1.00 0 1.3973143408682684 1132.81 199.59 1241.00 374.00 1.5319112263439607 1.6228674382628345 3.8327197564170743 2.79 1.59 0.63 2.7460287657576847 0.7609623
Car 0.15 0 -2.079149023690496 790.39 177.52 1161.20 374.00 1.460497863945217 1.538488849318161 3.5464629401789094 2.92 1.62 6.81 -1.674080026703741 0.9995592
Car 0.33 0 2.081029729047094 0.00 200.75 329.27 374.00 1.4765873443155002 1.6015195765258217 3.3291765620336915 -4.49 1.82 7.44 1.5380446137229595 0.8901961
Car 0.00 1 -1.3908885280278067 267.28 180.95 433.94 295.88 1.5610696043638896 1.5540082224370384 3.6748569329605485 -4.44 1.88 12.82 -1.7242935663862735 0.99765813
Car 0.00 1 -1.716662229099546 698.21 178.66 813.75 262.48 1.5790859352616977 1.6699819260002517 3.5577568282709504 2.90 1.68 15.30 -1.529341895073805 0.9999999
Car 0.00 1 1.6881508092072348 390.41 181.32 488.99 256.25 1.4903718851326417 1.6149973191977882 3.6241185685024644 -4.25 1.91 18.39 1.4610342739271212 0.96735305
Car 0.00 2 -1.93382586638001 675.27 177.47 759.93 232.76 1.5796181153325748 1.5081535719992065 3.1893683840856935 3.07 1.63 21.60 -1.7926418472419636 0.9188208
Van 0.00 1 -1.6287918361511569 648.97 142.43 725.79 221.16 2.2335461299051858 1.9054894508873654 5.189260503107357 2.96 1.78 29.27 -1.5280070371979646 0.9241245
Car 0.00 1 1.4099431941893439 625.35 179.81 652.63 201.44 1.4562893885938835 1.617982997810974 3.6624159236774827 1.98 1.95 50.64 1.449022813746239 0.6629959
Car 0.00 0 -1.8916345993664603 516.21 184.56 544.76 203.91 1.470260393228979 1.6028141782344723 3.929356115065613 -5.91 2.22 53.18 -2.002312459097305 0.5290808
Car 0.00 1 -1.4821365113046507 605.42 177.50 638.00 199.60 1.4847987148730468 1.611624694681301 3.8383907975033904 0.88 2.08 57.61 -1.4668625733378182 0.9749102
Car 0.00 0 -1.7261591563608985 582.51 181.20 607.54 197.21 1.5008854981331539 1.611221823161974 3.9255493750200654 -1.49 2.31 69.84 -1.7474903991862667 0.9915336
DontCare -1 -1 -0.6668062369015555 554.20 179.88 568.73 193.11 1.4927424046961975 1.6016374149085426 3.7765918170438195 -1000 -1000 -1000 0.11859192649589279 0.5913824
