Car 0.83 0 1.7237782786276679 0.00 180.12 122.64 374.00 1.5564160127012443 1.6472011686028385 3.9856191893444444 -6.45 1.71 6.07 0.9080379923961656 0.947386
Car 0.04 0 -2.1178566376355032 754.18 190.41 1081.11 374.00 1.6010291654436302 1.7113203250528717 4.115938829384842 2.80 1.65 7.76 -1.7715711301761252 0.99995935
Car 0.00 0 -2.5156297842648367 94.20 188.54 400.39 288.95 1.5272205778217327 1.6099321053089046 3.7626389806495095 -5.76 1.75 11.64 -2.9751451853801902 0.8684462
Car 0.00 1 -1.8092321465399603 689.55 183.94 786.73 244.88 1.4174965549080085 1.6529502675594234 3.636249544225731 3.11 1.66 18.51 -1.6427696396281575 0.9292952
Car 0.00 2 -1.928353146710668 184.71 178.77 402.14 263.62 1.4918820190994453 1.650707363402977 4.1601710190401455 -6.15 1.67 14.17 -2.337835176172688 0.99425334
Car 0.00 2 -1.4187134961274008 252.10 167.54 418.24 246.34 1.5842393714754295 1.6345566848949933 3.4650542606935884 -6.29 1.61 16.65 -1.7799172516210826 0.99994075
Car 0.00 1 -1.6726871366289 654.15 172.74 696.36 208.48 1.5318610522715759 1.6347171825082445 3.8435056387783075 3.35 1.78 38.04 -1.5848485511248132 0.96122813
Car 0.00 2 1.249230251708303 430.86 177.28 518.16 212.11 1.4419586214987945 1.6320256453664446 3.92360679259161 -6.17 1.74 32.90 1.0638455984038213 0.8888912
DontCare -1 -1 -1.7688290486719946 0.00 229.05 101.21 373.00 1.4451664838759612 1.5819423042894745 3.8842956406400586 -1000 -1000 -1000 -0.9834308852745464 0.98599213
DontCare -1 -1 1.486595676341329 523.15 168.89 647.00 206.70 1.4716840687958908 1.6175494373501682 4.064630927644767 -1000 -1000 -1000 2.2719938397387773 0.9941691
DontCare -1 -1 -2.097085134187017 484.33 168.24 526.02 173.71 1.5159077582700562 1.5965644226135158 3.908207135401764 -1000 -1000 -1000 -1.3116869707895686 0.51738507
