Car 0.35 0 -2.353706614175115 561.60 203.48 971.86 374.00 1.8757999691931915 1.5214886286021614 4.5871351530180355 0.98 1.79 6.31 -2.199628545235166 0.99996984
Car 0.00 1 -1.8410990695145468 441.91 206.76 664.11 341.33 1.741723597404213 1.7369659610749626 4.626642005644836 -1.13 1.96 10.59 -1.9474012788184853 0.9989949
Car 0.00 2 1.9071806232121329 380.52 207.76 513.09 299.07 1.5369348157016944 1.584582849657669 3.481898563109436 -3.43 2.18 14.40 1.6733435603219144 0.9535991
Car 0.00 1 -1.7046139101174216 327.73 202.99 419.48 275.44 1.5374512154428672 1.61318931474401 3.181370215617218 -6.41 2.46 19.20 -2.0268331412490026 0.9965827
Car 0.00 1 -1.6531648794796805 74.40 206.66 155.80 275.49 1.4485750574438285 1.627471954813733 3.4593327214346314 -15.96 3.03 23.38 -2.252140979438441 0.9420279
Car 0.23 3 1.6813153410938124 0.00 225.49 101.75 325.20 1.5830518942146015 1.5760051601292038 3.574023889504471 -10.74 2.56 13.67 1.0153784118046372 0.9999099
Car 0.90 3 1.6390144238856177 0.00 227.47 50.61 374.00 1.5746011365024757 1.6162262216867351 3.4939083029852296 -7.53 2.20 7.89 0.8769583237433527 0.95005023
Car 0.00 2 -1.647982464232717 279.22 212.44 337.09 252.93 1.470118675735445 1.6323695287765407 3.333294408522644 -12.66 3.11 30.05 -2.0467131719492926 0.99230766
Car 0.00 1 1.4905115152385573 146.76 215.15 180.62 245.84 1.5062749072729062 1.5978858091594124 3.821500992529192 -26.11 4.09 42.23 0.9367585506455547 0.6874706
DontCare -1 -1 -1.5877638655391078 187.42 207.70 276.34 237.10 1.4738853130309295 1.695673099970951 4.073140295349159 -1000 -1000 -1000 -0.8023657021416595 0.9660148
