Pedestrian 0.00 0 1.6610764945533614 636.73 145.24 660.73 202.41 1.753368486361931 0.6685644927707386 0.8144451161632442 1.32 0.68 22.18 1.7205194570731948 0.9071637
Pedestrian 0.00 1 -1.319845006861959 243.94 139.35 287.27 259.19 1.7714728409800482 0.6936802844789696 1.097012337834587 -5.69 1.26 11.75 -1.7708177208328841 0.9129307
Pedestrian 0.00 1 0.880094246068273 597.27 139.17 627.93 209.50 1.7825681599233103 0.6415243055012894 0.9143597116479778 0.19 0.78 19.42 0.8898776620310375 0.9892267
Pedestrian 0.62 0 1.162074283757482 815.48 114.85 1173.90 369.00 1.729173141941781 0.6620262339052629 1.0938276318619156 1.20 1.62 2.42 1.6224106465820842 0.71981394
Pedestrian 0.49 1 -1.598716932409678 758.21 170.96 972.68 369.00 1.633094930500145 0.5655209924367142 0.3775770781347656 1.21 1.58 3.50 -1.2658652115114224 0.99943036
Pedestrian 0.35 3 0.7599759260800223 800.50 126.74 1001.08 369.00 1.7958653470877362 0.6513208019819927 0.5243786094496155 1.61 1.58 4.05 1.1383519272077993 0.98867387
Pedestrian 0.40 3 1.325769187011991 901.42 189.68 1083.80 369.00 1.6330567686263275 0.6341763864544105 0.45239106991981504 2.25 1.63 4.24 1.8136431829464599 0.7966084
Pedestrian 0.30 1 1.9250006238606314 936.08 146.03 1143.14 369.00 1.7552032153498185 0.6219961251404953 1.0204244224140548 2.66 1.57 4.46 2.462778122352419 0.8845753
Pedestrian 0.57 0 -2.0077187279847006 1060.99 161.97 1223.00 369.00 1.6613532541695786 0.6090075913158131 0.9226917182812595 3.25 1.53 4.10 -1.3374553677779129 0.9176627
Pedestrian 0.26 0 -2.139068559804235 491.73 163.79 584.06 369.00 1.7372804241630984 0.6711748837766123 0.4788179514715576 -0.47 1.53 4.60 -2.2408891349474502 0.9542761
Pedestrian 0.00 0 1.1307143131878714 568.15 142.89 629.81 309.51 1.689794370383377 0.7147906626847458 0.6069385228464508 -0.12 1.38 8.06 1.1158270756351005 0.9500006
Pedestrian 0.00 0 1.845263616242681 689.12 153.99 746.12 305.62 1.7480573672245991 0.7072262185898495 0.9073029165873432 1.25 1.38 8.33 1.9942122665230824 0.58660215
Pedestrian 0.00 0 -1.0431511561062674 738.93 138.85 797.93 301.04 1.6889573423567963 0.5882434900191498 0.8865724714258814 1.92 1.35 8.49 -0.8207439098895248 0.5988222
Pedestrian 0.00 1 1.5093174847450594 800.32 135.48 885.99 287.63 1.7230732230845642 0.615273667433567 0.9573766780803108 2.88 1.23 8.68 1.8296849141592373 0.84549505
Van 0.97 3 1.1417655209687094 0.00 0.00 267.19 369.00 2.0865993942250824 1.9729386666869355 5.328277824276733 -3.17 1.67 3.69 0.4320244221011056 0.78882706
DontCare -1 -1 -1.3870725790646414 296.89 142.42 371.12 199.43 1.494632317107768 1.6905936442972564 3.9145486188457395 -1000 -1000 -1000 -0.6016744156671932 0.97738737
DontCare -1 -1 -2.3610347668316702 433.96 144.97 448.90 184.13 1.556343514826746 1.6467735835076713 4.2057821919546505 -1000 -1000 -1000 -1.575636603434222 0.90982455
DontCare -1 -1 -1.3345829109337668 488.14 141.79 508.18 158.64 1.427422948536129 1.6057708182097816 3.784531371794739 -1000 -1000 -1000 -0.5491847475363185 0.9012992
DontCare -1 -1 1.9539919952538352 541.06 145.61 560.46 159.27 1.4686151671974372 1.5628208064199829 3.8649233897552873 -1000 -1000 -1000 2.7393901586512834 0.88021064
DontCare -1 -1 1.745910913744245 1188.10 121.39 1212.60 137.60 1.6212633926241111 1.582092601126566 3.875399677209654 -1000 -1000 -1000 2.5313090771416933 0.9994579
