Car 0.00 0 -1.556506156050835 560.57 177.25 600.84 213.96 1.5012331738887739 1.6991890066028976 3.724838303528824 -1.31 1.25 33.60 -1.5954745143883227 0.9989864
Car 0.99 0 -1.3735963414099555 0.00 188.23 253.98 375.00 1.5017402510909748 1.571557834065094 4.072219135366478 -3.22 1.62 2.88 -2.2146745971221256 0.9993118
Car 0.00 0 -1.2568011442807059 229.68 193.81 421.64 312.65 1.5515553153871011 1.6487404809059047 3.6423742940054322 -3.97 1.56 10.58 -1.6157789611045037 0.99999726
Car 0.38 1 -1.376056538024221 0.00 191.76 202.61 315.89 1.5284876785060775 1.558602555906906 3.6983555575237657 -8.01 1.57 10.71 -2.0182117526099823 0.9633624
Car 0.72 3 -1.91586031118897 0.00 189.63 82.64 260.48 1.5889248478977394 1.612842052495613 3.5218114425764466 -12.99 1.51 14.71 -2.6392442316815776 0.9350094
Car 0.00 2 -1.449355580904756 168.46 185.40 307.27 254.31 1.4642227854399394 1.6504775055409813 3.4545616676435853 -8.78 1.47 17.33 -1.918297799730781 0.9999987
Van 0.00 1 -1.4001785973694663 319.89 148.01 425.05 231.53 2.3049293900956727 1.8767994219516946 5.343313423746872 -8.16 1.41 25.60 -1.7087472411279836 0.9790518
Car 0.00 2 -1.562466848702405 151.13 185.46 267.26 235.27 1.5741115700273227 1.669614083385601 3.9059056547806645 -12.86 1.48 23.42 -2.064621377090666 0.99993706
Car 0.00 1 1.016440943875585 387.16 181.78 442.82 216.33 1.5110510721622419 1.6308222965063 3.801183948420086 -8.86 1.34 33.23 0.7558760130284119 0.8926322
Misc 0.00 1 2.222072676816259 495.55 164.87 539.92 208.87 1.5260027012607467 1.627708792007103 4.140331344805755 -5.22 1.28 42.18 2.0989433864359333 0.8748468
Misc 0.00 0 -1.466310248770986 446.88 147.68 524.62 225.38 1.6479182693927001 1.6261794113279724 4.298945950470962 -4.53 1.35 27.40 -1.6301566123536997 0.9999659
Truck 0.00 1 2.331617430844579 521.28 148.11 554.18 196.93 3.047974904495735 2.6070919735819387 11.369838389966393 -6.44 0.91 68.15 2.2373997811416504 0.88687027
Car 0.00 2 -1.3483587513354163 278.71 180.32 345.29 216.77 1.6520461890666198 1.6380460609407568 4.925525443755188 -12.93 1.29 31.56 -1.7371955466550328 0.99953914
