Car 0.90 0 -2.6866226951268057 830.93 204.22 1241.00 374.00 1.4292568195430946 1.5860120423795128 4.304769056044616 2.73 1.67 4.00 -2.087738505055248 0.95403063
Car 0.37 0 -2.1586760441449027 0.00 192.34 303.93 347.87 1.457588121649475 1.5986040376783752 3.6183035691604997 -5.82 1.71 7.88 -2.794827346535203 0.99939203
Car 0.00 0 1.3068624893811087 704.41 188.39 833.84 268.58 1.4218196276395034 1.6844788112403297 3.418086515866318 3.04 1.70 14.79 1.5095833658209767 0.991663
Car 0.00 3 -1.7830998758461813 9.71 180.34 324.66 298.37 1.437982991692276 1.66273082724823 3.6499122997150804 -6.27 1.66 10.43 -2.32436492270218 0.9977204
Car 0.00 2 -1.3780882070448737 134.32 163.97 360.40 267.72 1.5132581036357593 1.530446886336937 3.4254788925276185 -6.38 1.57 12.84 -1.8392404999521925 0.99944264
Car 0.00 0 -1.6024173880603652 654.80 174.53 702.59 214.45 1.5443780500261497 1.6420174495042705 3.6212389191017533 3.17 1.87 34.30 -1.5102593549517795 0.9996625
Car 0.00 2 -1.488112517693315 405.74 178.30 505.12 217.75 1.50398588588521 1.6124836646677398 3.8540422340259934 -6.23 1.76 29.13 -1.69880726708216 0.8355088
Misc 0.00 2 1.6913615773108344 438.65 190.76 502.45 228.06 1.494426383060069 1.6523379043401623 3.8817626797930385 -4.42 1.71 22.70 1.4990541689376664 0.99447376
DontCare -1 -1 1.0825610915806632 506.33 171.48 648.29 209.94 1.4351962137787055 1.6574477211297893 4.032944651447334 -1000 -1000 -1000 1.8679592549781114 0.9750922
DontCare -1 -1 -1.6597270155933241 465.57 171.48 505.32 175.66 1.4117850292293739 1.5601948641897583 3.795801608018675 -1000 -1000 -1000 -0.8743288521958759 0.940911
