Car 0.97 0 0.17438955704239412 993.97 194.23 1241.00 374.00 1.620272025820465 1.6086367734433555 3.6415676196442033 3.54 1.74 3.33 0.9903458907173419 0.99134845
Car 0.00 0 -1.475548611083303 383.16 154.89 535.87 289.20 1.5323486145405483 1.5819321118952179 2.8531930615530396 -2.36 1.64 12.16 -1.6672444226504748 0.6570474
Person_sitting 0.70 0 0.11780257622269197 1048.45 198.20 1241.00 374.00 1.7299740765063476 1.6205385916592026 3.899153223387995 2.60 1.77 3.42 0.7678212836024192 0.9518395
Car 0.00 1 1.4677957976844649 734.39 187.24 859.75 261.79 1.5413559380738449 1.6323635440976763 3.9925841410980607 3.91 1.72 15.95 1.7081961439596305 0.5383262
Car 0.00 1 1.1598224500801901 810.76 188.55 1054.25 330.55 1.520548570789994 1.6496344630332136 3.845693725288012 4.04 1.71 10.01 1.5434253251230843 0.99975365
Car 0.00 1 1.4953622976925711 553.40 173.24 590.87 207.85 1.5846563283173751 1.6388203941942596 3.8436951461584354 -1.76 1.56 33.83 1.4433843280903835 0.9920142
Car 0.00 2 1.87058682838944 471.55 175.25 556.90 244.53 1.5911295566527557 1.7341176786185646 4.356596993409195 -2.29 1.59 17.72 1.7420666375204021 0.9857268
Car 0.00 2 -1.7705560634520392 727.25 181.53 805.08 238.72 1.5806047808198642 1.6603808284462833 3.1005320121870423 4.40 1.76 20.90 -1.5630598370168365 0.5371137
Car 0.00 2 -1.552357385927115 703.85 178.54 762.06 219.91 1.5180837147688877 1.6192163501591825 3.1686414053068543 4.61 1.70 27.59 -1.3867973068313197 0.99739194
Car 0.00 2 -1.7773722420122962 687.94 177.05 735.97 212.21 1.4239068183867645 1.607824723488226 3.738919200502434 4.49 1.68 32.44 -1.6398366919021325 0.99999857
DontCare -1 -1 -1.9673804799702506 596.24 167.59 686.45 199.58 1.3911401782004547 1.668029240584507 4.294400291644134 -1000 -1000 -1000 -1.1819823165728023 0.7766924
