Pedestrian 0.00 0 1.9738559881832938 579.41 166.72 597.03 220.29 1.7697480986270857 0.6622720993396711 0.7538872031280899 -0.50 1.25 23.74 1.9527976019767532 0.82270217
Pedestrian 0.00 0 1.1481770137932639 602.09 163.51 620.27 219.22 1.8180134868625355 0.6909877117064667 0.8370906306216621 0.24 1.22 23.92 1.1582101219406395 0.76466256
Pedestrian 0.00 1 -1.4300161162999014 360.31 158.95 420.72 324.10 1.7282647969577265 0.7015449459937286 0.7889970807144546 -2.55 1.53 8.20 -1.7315116142593816 0.9155315
Pedestrian 0.16 3 0.8179956237461905 1164.23 136.22 1230.16 314.94 1.8153234472874356 0.6950603815999699 0.8488858869085216 6.12 1.29 7.39 1.5096647876151423 0.9978934
Pedestrian 0.00 2 -1.5239348458733897 390.71 169.02 430.85 249.61 1.813723531961794 0.7498127351787758 1.2646119711706543 -4.25 1.48 16.16 -1.7811062564806128 0.65079033
Pedestrian 0.00 2 -1.322720349827085 362.67 176.39 422.29 289.33 1.7704547936472845 0.6282267029669952 0.5633137939283752 -3.06 1.54 10.69 -1.6015141409723377 0.8856707
Car 0.89 0 2.2387685934689383 0.00 117.47 391.95 373.00 1.6497943851916503 1.559503040528431 4.150998639069595 -2.68 1.65 3.95 1.6426313640089223 0.9790867
Pedestrian 0.00 0 0.9667375842717032 803.45 145.90 859.82 276.36 1.762002499718572 0.6830892878857326 0.7927125138947868 3.19 1.29 10.49 1.2619508038169263 0.5152573
Pedestrian 0.00 0 -1.6665827641871314 1054.51 132.67 1131.38 292.41 1.790841990560646 0.6879754307952595 0.9969929052302742 5.80 1.25 8.69 -1.0780492342227657 0.71889114
Pedestrian 0.00 0 1.4326193491604666 494.37 165.95 509.40 213.81 1.7253342116627646 0.6403480935183239 0.7531568897673988 -3.81 1.21 27.57 1.2952954334074793 0.97467923
Car 0.00 2 1.3641184280302863 369.71 155.66 471.13 237.48 1.5232403049065184 1.6505896442295456 3.7719733287916566 -5.15 1.44 21.04 1.124066384992569 0.859196
Van 0.00 2 -1.4313584278014044 431.90 158.77 493.57 218.71 2.1946434006211675 1.926924093261881 4.766900298947143 -5.25 1.29 27.74 -1.6184035410319508 0.9656133
DontCare -1 -1 1.871321008601461 665.89 176.18 740.33 236.44 1.4864193018345546 1.661259032106533 4.405159967146911 -1000 -1000 -1000 2.656719171998909 0.99863476
DontCare -1 -1 1.492252373197351 557.57 160.71 573.98 190.66 1.542759036999793 1.7057561271549606 3.8526137528345967 -1000 -1000 -1000 2.277650536594799 0.8639376
DontCare -1 -1 -1.9483658532288413 510.50 160.71 519.82 188.08 1.4770102765230846 1.5243041955591583 3.409781204663315 -1000 -1000 -1000 -1.162967689831393 0.6974266
