Pedestrian 0.77 0 1.6488984386113028 1152.79 78.52 1237.00 373.00 1.8602921231094551 0.7565020974066925 0.9879835514137649 4.37 1.34 4.60 2.408661193487074 0.8679375
Person_sitting 0.33 1 1.5999105489489178 139.70 236.42 319.15 373.00 1.488452863302679 1.6981070109368706 4.1412473489866635 -2.54 1.60 4.85 1.1174743014646196 0.63285255
Pedestrian 0.00 0 2.098742918172155 461.42 156.05 504.76 320.80 1.7659889044616175 0.7137786279705238 0.5140468893358612 -1.47 1.50 8.19 1.921146750888667 0.9904034
Pedestrian 0.00 0 2.5258943597462515 398.40 163.86 464.74 329.59 1.763106126282717 0.678937716343708 1.096257921845665 -1.94 1.50 7.67 2.2781566600886882 0.9938945
Pedestrian 0.00 0 -1.5984961474922041 634.99 156.63 664.33 239.03 1.8095050951842022 0.7110647688892555 0.999511670858612 0.91 1.23 15.90 -1.541325810708761 0.99468046
Pedestrian 0.00 2 -1.693199605741773 621.83 156.70 651.72 214.52 1.6961234299842072 0.681048946389265 0.6953316150019073 1.17 1.08 24.03 -1.6445488872120504 0.9997975
Pedestrian 0.00 0 -1.5511127627131085 684.34 159.22 706.01 239.23 1.792271134853716 0.7401260192778778 1.0582215903112793 1.90 1.22 15.61 -1.4299917054647466 0.9955819
Pedestrian 0.00 2 -1.4242614666607718 727.03 153.72 750.03 220.85 1.7822690265629244 0.6475620269116831 0.8813654441172385 3.82 1.06 19.81 -1.2337677122582211 0.62395144
Pedestrian 0.00 2 1.3553843508150916 741.68 152.31 756.68 211.35 1.7604906074147475 0.7086657042887878 0.8885846953624987 4.83 0.93 22.83 1.5638737570866161 0.8358117
Car 0.00 0 1.6108708093550543 563.58 167.50 598.66 194.93 1.5690428878931713 1.6135629743994617 3.817325225226679 -1.17 0.76 43.61 1.5840485344842807 0.99995434
Pedestrian 0.00 2 -1.4883198971536498 385.15 164.29 418.81 246.86 1.8097429028156948 0.6176466065731716 0.9546528054187202 -4.57 1.43 16.25 -1.7624695270910533 0.82841754
Pedestrian 0.00 0 1.6986985067513327 709.05 161.05 733.05 229.05 1.6992963714901161 0.6825827489879799 0.9398423401424789 2.86 1.17 18.23 1.8543143296790736 0.9550045
DontCare -1 -1 -1.6220051432636122 6.92 248.40 132.30 372.00 1.4794612902967643 1.5839259096146965 4.083314748607673 -1000 -1000 -1000 -0.836606979866164 0.9718176
DontCare -1 -1 -1.582042765864406 324.80 193.59 381.83 286.09 1.4951521329401445 1.6191437218995237 3.5558635165319825 -1000 -1000 -1000 -0.7966446024669578 0.9971775
DontCare -1 -1 1.8268864611771445 244.84 189.72 264.47 229.99 1.5278342616564047 1.6438180257291937 3.901980837933817 -1000 -1000 -1000 2.6122846245745928 0.5678321
