Car 0.00 0 -1.7720261822131018 695.17 187.21 820.97 268.83 1.5438301510928583 1.6924308531643295 3.8452501745299483 2.82 1.72 14.62 -1.5814798303271562 0.99999356
Car 0.03 1 -1.929139451184545 0.00 191.93 332.92 303.25 1.543487688881011 1.6291766225085997 3.6477592309341813 -6.42 1.75 10.54 -2.4762292249566733 0.997924
Car 0.00 2 -1.389684678116117 126.38 187.72 370.58 280.02 1.5536831583647441 1.6267546743811512 3.771766940258541 -6.43 1.81 12.96 -1.8502411068545856 0.9999876
Car 0.00 2 -1.5486233877625804 178.02 189.10 392.49 263.97 1.5464464485465002 1.6557495736242676 3.4385131170378114 -6.76 1.80 15.17 -1.9678258915117022 0.93336266
Car 0.00 2 -1.6736036325481276 250.85 186.70 426.97 253.11 1.5794603567390155 1.5634521984220886 3.454638915263214 -6.49 1.84 17.40 -2.030609635840977 0.88979536
Car 0.00 1 -1.58867392788199 648.32 183.13 717.45 230.24 1.5081638883619022 1.6308060980127597 3.6260211934671784 2.33 1.79 24.37 -1.4933543110936218 0.9976447
Car 0.00 2 1.0510003129628043 392.52 184.16 509.60 224.44 1.4648809585540008 1.6650733829201603 3.668711008630791 -6.13 1.93 27.96 0.8351733450380447 0.9918824
Car 0.00 2 -2.0692370692875723 641.29 182.62 684.96 212.76 1.475478060898037 1.6613163419724846 3.4822980036363984 2.50 1.84 35.13 -1.9981925920346557 0.8823491
Car 0.00 2 -1.778092281022344 418.80 174.73 496.62 213.66 1.5209703146299731 1.6727755957008743 3.530256467066803 -6.93 1.81 32.90 -1.9856957345641484 0.9999906
Car 0.00 2 -1.505433396497045 628.16 175.28 654.82 199.71 1.5407080113707494 1.6021099307299995 3.68903258641819 2.33 1.97 54.63 -1.4628086714582096 0.66857237
DontCare -1 -1 -1.9088031510498862 0.00 300.20 42.34 365.18 1.4127375338046264 1.6584152609766865 3.184903876982727 -1000 -1000 -1000 -1.123404987652438 0.89345825
DontCare -1 -1 0.5340275327351431 512.15 170.83 620.47 208.00 1.4722382839588832 1.6231041394831085 4.131616549693145 -1000 -1000 -1000 1.3194256961325914 0.66571945
