Car 0.03 0 -1.8891910473492484 767.66 178.12 1048.12 374.00 1.5096365272818517 1.6381673824699068 3.4898118545637513 2.75 1.69 7.56 -1.5403138415567348 0.99995947
Car 0.72 0 1.97997643152741 0.00 189.03 201.55 374.00 1.514873667508961 1.49041759899868 3.527949409686127 -6.19 1.73 6.42 1.2128157383673375 0.70311534
Car 0.22 3 -1.2506363252785544 0.00 178.19 305.62 320.93 1.6009915996162605 1.6357610330642605 3.956263372801342 -6.08 1.68 9.02 -1.8437383236861034 0.9951735
Car 0.00 2 -1.5591848139327507 41.46 161.05 315.94 295.97 1.5032098501740407 1.6913795911432647 3.533289061986008 -6.72 1.80 11.43 -2.0906794444627614 0.9988098
Car 0.00 2 -1.641455047824655 146.60 184.89 358.62 264.94 1.4476903680531692 1.7014363326789284 3.925117993854084 -6.88 1.68 14.03 -2.097375277722321 0.86317587
Car 0.00 2 2.000524387755666 269.27 184.98 444.92 251.24 1.3843913975922775 1.5889464349211597 3.736629473172226 -5.85 1.74 16.80 1.6654412900648783 0.7256952
Car 0.00 2 1.1594803194191794 318.52 181.12 474.65 243.28 1.5173861769779038 1.6968031593324089 3.6185067166910554 -5.58 1.77 19.00 0.8738278517473772 0.9911457
Car 0.00 2 1.5065331319954733 346.93 177.75 467.78 236.67 1.5365784767834854 1.5821380943716907 3.4834320714102174 -6.02 1.83 21.48 1.2332826911643955 0.9995333
Car 0.00 2 -1.3817781070855002 349.00 173.88 494.72 227.19 1.4721824865607929 1.6410047554136657 3.630072610579529 -6.17 1.72 23.82 -1.6352336494706836 0.72740936
Car 0.00 2 -1.5916303555157523 402.00 177.72 503.75 217.86 1.4788651469914627 1.704619965767994 3.4806035627947236 -6.23 1.72 28.73 -1.805170762801981 0.8154853
Car 0.00 2 1.600572575875793 439.99 168.46 527.99 209.41 1.6125891435711097 1.7132767581106567 4.252384560309448 -6.67 1.88 38.36 1.4284147661055262 0.99981374
Cyclist 0.00 0 1.508026205995355 573.89 176.75 581.81 197.20 1.7789367246795749 0.5199233235030365 1.7350499844575786 -2.56 1.91 57.21 1.4633086147802683 0.6400169
Car 0.00 0 1.5523121832546334 674.00 183.84 739.10 235.67 1.5148131618095946 1.6828939684392357 3.560044841967621 2.75 1.72 21.38 1.68023468668986 0.9999875
Car 0.00 2 -0.33706684509781404 725.31 171.69 842.50 219.65 1.57108261844203 1.6827045337022686 4.576596157752075 6.28 1.66 26.50 -0.10437826496058278 0.9537975
Car 0.00 2 1.4825021187451224 682.33 173.03 753.19 204.80 1.5977767113415908 1.6802120239199543 3.648674668870964 6.19 1.80 41.88 1.6292429637614056 0.99993694
Car 0.00 0 -1.7331693033364157 632.05 179.81 657.44 199.20 1.4552402946917724 1.5506055869819069 3.6987666358576203 2.61 1.96 55.29 -1.6859986774786795 0.9891117
DontCare -1 -1 1.472210050621305 530.91 173.42 565.49 195.06 1.5248921410000336 1.6623062261105919 3.923947641752758 -1000 -1000 -1000 2.2576082140187532 0.70991266
DontCare -1 -1 -1.1061417023327689 596.89 170.83 629.53 187.94 1.4893737848667812 1.6152294196845436 3.7512243186459924 -1000 -1000 -1000 -0.3207435389353206 0.9009917
