Car 0.72 3 -1.5591745526206235 0.00 184.51 174.74 374.00 1.4831245619623374 1.540784358298912 3.231025533877411 -6.20 1.64 6.39 -2.329482519203786 0.997168
Car 0.00 1 1.3555068085577826 747.12 190.00 963.41 331.11 1.4494641873805236 1.5477841489673996 4.054201426111259 2.96 1.73 9.62 1.6540057401439618 0.9936261
Van 0.00 2 -1.7109007845309119 667.88 131.30 776.26 241.06 2.2694191183080292 1.9943321669553948 4.819963661783981 2.88 1.64 20.36 -1.5703792448776688 0.96439505
Car 0.00 0 -2.894463495412145 275.48 176.80 421.34 239.91 1.5017799552349758 1.6545622118474388 3.958670692645111 -6.92 1.70 19.17 -3.24088698706432 0.9228985
Car 0.00 2 -0.2696681777623038 320.33 173.39 472.35 232.83 1.6512214246957015 1.6245028220774078 4.11007656355957 -6.40 1.73 21.77 -0.5555952692104229 0.839471
Car 0.00 2 -1.2514463822033743 343.75 177.49 486.15 226.49 1.5231045427551877 1.5669337802292251 3.9106103015468503 -6.46 1.71 24.08 -1.5135473259500936 0.81616956
Car 0.00 2 1.5025100643422942 457.50 179.77 542.55 209.05 1.600697540101261 1.7364707358838463 3.9693529327736283 -5.93 1.90 39.04 1.3517668524725348 0.9779886
Van 0.00 2 -1.28763143817452 442.83 154.51 549.16 206.28 2.217967079498372 1.9554878050541116 5.713499782437133 -6.54 1.87 41.66 -1.4433456976570131 0.7798333
Car 0.00 2 -1.4534892002728323 642.62 180.40 680.01 209.38 1.4774302173225593 1.6554081544937038 3.6505422761068727 2.60 1.81 37.68 -1.3845962784448438 0.9978695
DontCare -1 -1 1.930109784999166 550.31 168.24 637.93 196.35 1.4474781829683494 1.7273697622777366 4.304627346001663 -1000 -1000 -1000 2.7155079483966142 0.97603637
DontCare -1 -1 -2.316696182885442 869.87 0.05 1240.00 373.00 1.490579232928009 1.5770643197657013 4.1175889243708035 -1000 -1000 -1000 -1.531298019487994 0.56285465
