Car 0.00 0 -1.5557780638944845 555.04 177.82 608.44 226.50 1.4055266979901504 1.7587881379486465 3.445465253792801 -0.96 1.35 25.82 -1.5929414257207366 0.9999943
Car 1.00 0 -1.3834450850870947 0.00 177.49 223.50 375.00 1.328102186676712 1.5801349648000145 3.1352988650427247 -3.18 1.63 2.33 -2.3219016863619615 0.9711284
Car 0.00 0 -1.1588726500656943 157.22 176.59 323.66 263.95 1.4973556943057489 1.6219120316864395 3.645526366435089 -7.86 1.49 15.75 -1.621758064092146 0.9999995
Car 0.00 0 -1.4981847564366202 418.97 177.80 519.45 252.87 1.4865823875932407 1.6531550430418396 3.7238559295759583 -3.36 1.47 18.00 -1.6827275536272346 1.0
Car 0.00 0 1.7821243117239813 351.73 182.78 423.00 224.25 1.4489164877502632 1.6301711977185154 3.5296020080671693 -8.35 1.37 27.44 1.4867269799531475 0.72686064
Car 0.00 1 -1.5985090574857335 484.80 180.99 534.52 217.28 1.5291576579964172 1.5995804809690857 4.468233185015716 -4.26 1.30 31.49 -1.7329737864415902 0.9960672
Car 0.00 1 -1.6243903572347502 519.30 181.91 552.19 205.86 1.441764824446888 1.6344235979677582 3.801073623947897 -4.38 1.18 43.99 -1.7236313515184376 0.982605
Van 0.00 1 -1.3306188593294959 540.00 167.55 561.58 194.53 2.2595351482858277 1.86924648155324 5.085483634674596 -6.01 0.92 76.52 -1.4089995104652253 0.8546802
Car 0.00 1 -1.5760666048761944 317.95 180.69 378.08 213.25 1.552146068197341 1.6304473115788245 3.8892225512639667 -12.76 1.29 35.47 -1.9213925505814031 0.91666657
Car 0.90 3 -0.4107499877598624 0.00 191.15 34.56 267.23 1.4822129685251426 1.6824153803945923 4.024771722160377 -12.25 1.56 12.66 -1.17969038391293 0.71290284
