Car 1.00 3 0.9839204112675528 0.00 193.30 184.82 374.00 1.5272433765983593 1.7496805184246444 3.766794504724541 -3.12 1.70 1.96 -0.02597510827497196 0.8638213
Car 0.26 0 2.1909979144718985 117.53 180.32 523.62 374.00 1.4153483513562393 1.5598774843574905 3.7219778319225694 -2.11 1.65 6.28 1.8668607297618167 0.5182007
Car 0.57 3 -1.9364330331471304 892.72 204.19 1241.00 374.00 1.5546566661266994 1.6664999344111824 3.867301449306407 3.04 1.67 5.15 -1.4031828967042066 0.9999995
Car 0.00 0 -1.323814601698194 498.05 175.70 636.59 271.38 1.3918781284062576 1.533694430506363 2.7403916289434815 -0.66 1.54 13.01 -1.3745013573312046 0.99909043
Car 0.00 0 1.7735109339144568 652.82 167.01 705.57 207.57 1.512306432594211 1.671818151390686 4.143092768393554 3.15 1.48 32.45 1.8702801591573854 0.9995889
Car 0.00 0 -1.5344837988403182 800.10 174.02 872.54 237.75 1.5163132472714793 1.6471687902422094 3.8283519150094176 5.96 1.64 19.35 -1.2356943701491256 0.9999863
Car 0.00 1 1.9253110150482993 803.66 181.44 858.17 226.30 1.4080750945775222 1.609947736626997 3.7738025208340074 7.25 1.67 24.02 2.2184475178147394 0.6554354
DontCare -1 -1 1.414993823566709 0.00 317.67 114.14 373.00 1.4323501515953254 1.6046185672940159 3.797119321428337 -1000 -1000 -1000 2.2003919869641573 0.9382816
DontCare -1 -1 -2.2061152617123465 713.33 161.13 792.54 191.18 1.4343594316212844 1.691447644746437 3.874266008041897 -1000 -1000 -1000 -1.4207170983148982 0.98299295
DontCare -1 -1 1.676022165515695 536.08 162.42 584.24 173.06 1.4842974249093246 1.683781727469101 4.185353743039169 -1000 -1000 -1000 2.4614203289131433 0.6754279
