Car 0.45 0 1.3200493613865714 0.00 184.46 254.45 341.13 1.4889407720236492 1.5136813216568374 3.4735008051023866 -6.49 1.72 8.17 0.64875100397656 0.9998603
Car 0.00 1 -1.7467236379769187 120.95 160.90 380.22 275.05 1.5700107555656146 1.6789459914626026 4.153973238669433 -6.38 1.72 12.99 -2.2032638264852147 0.9983455
Car 0.00 0 -1.933669583001409 724.75 190.49 938.65 330.58 1.478709929045887 1.5744191997410202 3.475725250445404 2.66 1.72 9.66 -1.6649665583662379 0.9975448
Car 0.00 1 -1.6145521077003817 666.13 178.53 746.03 243.35 1.477020066585989 1.6109467700780773 3.164777653418579 2.59 1.84 20.51 -1.4889371390198676 0.9999975
Car 0.00 2 -2.397957936921392 222.19 185.25 412.83 261.47 1.4793120961456012 1.674381877547636 4.160876529418029 -6.26 1.81 15.54 -2.7809027929070296 0.9683728
Car 0.00 2 -1.340661079683576 295.03 181.72 463.21 241.64 1.5318461939512205 1.60765439949049 3.7572926600799943 -6.55 1.87 20.67 -1.6475352520119997 0.9675058
Car 0.00 2 -1.9279719750073294 652.29 184.70 709.46 225.48 1.5648897070257377 1.614487129515543 3.728513809047737 2.51 1.81 26.63 -1.8339950135929026 0.8913425
Car 0.00 2 -1.5459748590972762 642.12 179.18 680.30 214.09 1.489376116898508 1.6451321647228145 3.6825632025823976 2.46 1.95 35.61 -1.4770027194078728 0.99965143
Car 0.00 2 -1.6940456266191344 445.26 175.50 512.50 212.86 1.525891305767597 1.6323359983698869 3.664581315718689 -7.10 2.11 39.11 -1.8736291054915535 0.9999883
DontCare -1 -1 2.78881831566361 515.38 170.18 635.35 205.41 1.5005073513655376 1.70831660113348 3.8979962748811627 -1000 -1000 -1000 3.574216479061058 0.8794145
DontCare -1 -1 -1.890915230908666 775.43 166.30 803.54 187.94 1.5157800860522699 1.5982620299519443 3.6143688728437806 -1000 -1000 -1000 -1.1055170675112178 0.9937044
