Pedestrian 0.16 0 -1.7657956043866019 958.37 120.24 1077.56 373.00 1.7038483893874836 0.7374236266401482 0.832400944621315 2.66 1.41 4.84 -1.2632697026659243 0.9016556
Pedestrian 0.00 1 -1.5761895762432854 1028.91 106.81 1115.80 337.89 1.7569433580528748 0.6498355063882542 0.959884789378395 4.39 1.33 6.74 -0.9988762207316131 0.84983814
Person_sitting 0.62 3 -1.52035599301127 18.15 261.60 209.79 373.00 1.4862008806137752 1.6746458776952171 3.6048467626200105 -2.34 1.61 3.42 -2.1204062064130236 0.9721338
Person_sitting 0.00 1 -2.453471795716558 320.66 209.67 418.30 317.80 1.476743899640293 1.6192519434453392 4.0370485802517315 -2.79 1.55 8.54 -2.7692386130122166 0.6616642
Person_sitting 0.48 3 -1.0872872928765158 96.01 253.32 277.86 373.00 1.5284953814750921 1.6859965615631485 4.17007287045578 -2.41 1.61 4.15 -1.6134118412692493 0.9060447
Pedestrian 0.00 0 1.8059082041170935 507.36 161.55 538.31 258.39 1.697097630650158 0.6688196658429575 0.5671036956617737 -1.67 1.41 13.60 1.6837257416822922 0.9901001
Pedestrian 0.00 1 2.015866116681371 475.73 164.19 511.90 256.29 1.778521563336606 0.7139172683742714 0.6825502333948517 -2.18 1.36 13.52 1.8559995029877945 0.999355
Pedestrian 0.00 0 1.5313637378301959 589.22 160.32 617.26 233.65 1.839436308890934 0.6789777185109329 1.0634057340929413 -0.14 1.26 17.81 1.523503147346932 0.8584716
Pedestrian 0.00 0 1.667226263382707 612.45 159.40 629.99 213.17 1.6638307659331513 0.7064220289972496 1.0521063325712585 0.72 1.11 25.81 1.6951151948093184 0.99831223
Pedestrian 0.00 0 -1.4187965402987341 641.98 161.40 666.23 232.21 1.7472794609520388 0.6688517536309433 0.9281194140920543 1.31 1.21 17.58 -1.3444175093738469 0.99654716
Pedestrian 0.00 2 1.689165093996797 713.58 155.59 732.47 216.94 1.7674520718309832 0.6912850271251869 0.9228151408741379 3.39 1.04 21.63 1.8446272079732788 0.84835345
Car 0.00 0 1.6652750755336623 551.06 167.85 582.87 192.57 1.5463294632552576 1.5708836161257171 3.918005736671486 -2.25 0.70 48.17 1.6185994309253438 0.99318063
Pedestrian 0.00 2 1.5163960951056819 478.22 162.86 497.09 233.94 1.76643927343225 0.6478200628694963 1.3486885545561218 -3.38 1.34 18.74 1.337951706639838 0.86786073
Pedestrian 0.00 0 -1.3076232532646994 678.48 162.70 696.44 225.37 1.7423702007535649 0.6771259251323414 1.2043992696115875 2.18 1.17 19.74 -1.1976332917782513 0.7776715
DontCare -1 -1 -1.718292267122541 0.00 294.82 55.10 372.00 1.5335391148744535 1.6609685563208008 3.634591298304596 -1000 -1000 -1000 -0.9328941037250926 0.7611924
DontCare -1 -1 -1.3987209061768393 128.78 207.78 243.20 248.05 1.452021539565773 1.6078151494921589 4.0603995194063565 -1000 -1000 -1000 -0.613322742779391 0.5621607
DontCare -1 -1 1.6229398335006575 413.78 182.63 464.36 255.78 1.56552093138978 1.6371715583564186 4.004454689227142 -1000 -1000 -1000 2.408337996898106 0.8696592
