Pedestrian 0.00 2 1.5100602331247668 686.63 148.52 710.82 205.41 1.7873246720436764 0.6844583916750622 0.9449025286147499 2.91 0.77 22.29 1.63987784507879 0.99954754
Pedestrian 0.00 1 -2.009995208182607 275.39 133.87 311.40 253.88 1.792270948589201 0.7026427815941048 0.8646851671645546 -5.27 1.17 11.70 -2.433204462446136 0.78704005
Pedestrian 0.65 0 1.9093112806465964 1063.62 128.90 1223.00 369.00 1.9573603956404877 0.6025051306274605 1.4014964816877746 3.08 1.57 3.76 2.5956198302837676 0.94212687
Pedestrian 0.00 0 1.0627145330098013 619.07 144.84 664.95 268.55 1.7762145860496712 0.6534341759321165 0.6229978022882843 0.47 1.26 10.69 1.106652559969523 0.98907113
Pedestrian 0.00 0 1.6141922521081309 674.57 132.44 721.87 262.13 1.659172431975956 0.660076049090631 0.7418710259506607 1.29 1.18 10.82 1.7328557884738378 0.98444265
Pedestrian 0.00 1 1.1998006860401969 588.17 138.72 623.68 236.73 1.8399434773627472 0.7450214605119896 1.169474822075119 -0.02 1.03 13.62 1.1983322583144407 0.95857316
Pedestrian 0.00 0 1.399169490733419 558.21 139.67 595.65 239.42 1.817111608982439 0.6683160401222181 0.6150529501745605 -0.62 1.07 13.40 1.352933808809641 0.99999595
Pedestrian 0.00 2 -1.7627723226931433 628.45 141.73 663.81 230.50 1.7286723362657976 0.6005407478001785 0.42712567427848813 1.01 1.00 14.77 -1.6944967558316884 0.766388
Pedestrian 0.00 2 -0.760642604031835 677.82 146.23 705.26 229.37 1.6903430832925987 0.6453720554050875 1.0122999517033004 1.57 0.99 14.97 -0.6561481808443733 0.8962399
Pedestrian 0.00 1 2.4533988992359976 453.87 140.33 485.41 242.55 1.8153246542814923 0.4398185218957138 0.7146788654634857 -2.47 1.09 12.99 2.265495786392255 0.9565927
Pedestrian 0.00 0 1.375016943612371 483.35 149.24 510.99 234.43 1.7028253278139782 0.6543960691702437 0.7309723613569641 -2.19 1.03 13.96 1.219408407240321 0.64035046
Pedestrian 0.00 0 1.9080133597042899 509.06 137.03 539.61 231.68 1.7812149407718134 0.7065269517985058 1.1218008963177108 -1.65 1.00 14.33 1.7933751459338694 0.71611345
Pedestrian 0.00 1 -1.5033733258631568 542.77 154.19 566.95 232.96 1.7363922087851715 0.6578729254466367 0.8497682647565508 -1.05 1.04 14.46 -1.5758602092376541 0.8992972
Pedestrian 0.00 2 -1.5489047645267586 488.63 142.68 541.00 227.38 1.707867739200945 0.6201270948436928 0.8740135315591597 -1.98 0.98 15.27 -1.6778513169463867 0.99748635
Van 0.97 3 1.402448327341352 0.00 0.00 267.57 369.00 2.057963102601967 1.7243096033190919 5.873294470661926 -3.17 1.66 3.69 0.6927072284737481 0.9671095
DontCare -1 -1 -1.4930794248965125 403.36 138.60 433.60 203.26 1.5131425069464755 1.6231091034324312 3.7539510448799516 -1000 -1000 -1000 -0.7076812614990642 0.9997409
DontCare -1 -1 1.4617045457151274 321.12 146.25 367.93 188.60 1.4918017055659007 1.6685930297435665 4.095941754184761 -1000 -1000 -1000 2.2471027091125757 0.9910319
DontCare -1 -1 0.9583898345616202 914.63 122.66 1030.93 137.60 1.4964126482425641 1.5795910426141166 3.9143453930840875 -1000 -1000 -1000 1.7437879979590685 0.9223107
