Car 0.83 1 -1.0743027190354208 0.00 198.47 162.35 374.00 1.4395439404813957 1.5996357270242119 3.6075829138384248 -5.87 1.77 6.24 -1.8291571225193024 0.9828183
Car 0.00 0 1.5007097954538207 457.58 182.04 509.96 218.19 1.4798571731714916 1.5917557433904552 3.035097913943329 -5.42 1.81 30.49 1.3247843001826527 0.99822086
Pedestrian 0.00 0 1.2523085037854056 681.55 169.40 701.55 212.18 1.803567395955677 0.7168608959105682 1.1235878286669159 3.21 1.56 29.02 1.3624740271283566 0.630541
Car 0.00 1 -0.2586527625706534 530.55 176.74 597.65 199.77 1.4667892683117103 1.6606140129925155 3.815577535085478 -3.10 1.76 48.76 -0.32214401297970985 0.8489267
Car 0.00 1 -2.659803466000829 337.80 182.96 420.15 211.59 1.432024874147625 1.6024955727816963 3.853989836886623 -12.19 1.98 37.94 -2.9706822957396395 0.9998141
Car 0.00 1 1.8735926012184958 79.72 181.38 191.53 236.69 1.3915450278489303 1.6140255492837572 3.378173457585373 -15.18 1.90 23.26 1.2953759844533472 0.80311537
Car 0.00 1 -2.4238982359555106 638.39 174.37 709.01 195.97 1.501174386945219 1.7062623345018768 4.115399615965881 4.59 1.62 52.31 -2.33637626948998 0.88739794
Truck 0.00 2 2.2519695917752127 496.47 154.68 584.62 200.02 3.1841938695492935 2.6473431596994685 11.346248242471123 -5.64 2.16 59.34 2.1572087524435473 0.7684313
DontCare -1 -1 1.6061808812108378 946.20 227.11 1240.00 373.00 1.5467011540947866 1.6307948560179615 4.056529732547798 -1000 -1000 -1000 2.391579044608286 0.99289507
DontCare -1 -1 -0.6220699111607413 424.15 179.19 440.86 202.15 1.5126966250880074 1.5877885141135597 3.694492222868004 -1000 -1000 -1000 0.163328252236707 0.9608069
