Cyclist 0.00 3 1.2644644240525107 800.67 159.52 834.42 229.07 1.747776381241188 0.5559967101721954 1.8139602383995914 5.57 1.46 19.57 1.5417514593572936 0.6272687
Pedestrian 0.00 2 -1.5613092994925122 829.00 165.10 850.66 217.53 1.7393098542842818 0.6048278416779709 0.749527734310379 7.50 1.46 23.85 -1.2566348839942287 0.99712354
Pedestrian 0.00 0 -1.4647322232511382 851.63 164.47 870.63 217.03 1.7846250268075419 0.7392502631333542 1.0444334862539673 8.22 1.43 23.80 -1.132180782676997 0.85976523
Misc 0.00 2 1.1943880478527884 846.41 185.72 868.66 216.12 1.5653487298457336 1.623499025842681 3.8776373640970374 8.29 1.44 24.30 1.5231590559442565 0.99265265
Cyclist 0.00 3 -1.9772909442570548 739.21 170.43 751.72 204.37 1.719371607096896 0.545083032658596 1.7180238357211017 6.66 1.53 35.64 -1.792552936241226 0.9756418
DontCare -1 -1 0.5459014932301383 873.75 158.54 1240.00 202.82 1.3960632387368392 1.6225364778847837 4.364462154112854 -1000 -1000 -1000 1.3312996566275865 0.9998776
DontCare -1 -1 1.223271862664495 1194.60 156.60 1240.00 358.72 1.5940990824072074 1.63287540084733 3.433596687518158 -1000 -1000 -1000 2.0086700260619432 0.9632551
DontCare -1 -1 1.047671572366033 762.49 168.89 795.13 179.53 1.441084988769741 1.6161358945728683 4.157692538701095 -1000 -1000 -1000 1.8330697357634813 0.972889
DontCare -1 -1 2.026594595113073 668.69 170.83 733.02 180.83 1.4790239225892734 1.637004758483305 3.970879243813553 -1000 -1000 -1000 2.811992758510521 0.850268
DontCare -1 -1 2.1369694034245352 607.89 173.42 634.71 186.00 1.4688520993857097 1.6317226265282774 3.8999840562568093 -1000 -1000 -1000 2.9223675668219835 0.8887917
DontCare -1 -1 -1.433460102477346 483.69 175.36 497.57 184.71 1.4505532461969566 1.5699146979214096 3.6578021516428376 -1000 -1000 -1000 -0.6480619390798976 0.83821636
