Car 0.00 0 2.0341925183918814 58.56 194.88 358.10 350.94 1.401045427080841 1.66176761991395 3.9042442498133565 -4.72 1.79 9.08 1.5548119418929163 0.9945088
Car 0.91 1 1.003377811112676 967.74 198.09 1241.00 374.00 1.3542012128798675 1.632235409943893 3.565460072957077 3.73 1.67 4.15 1.7355268679730282 0.7597109
Car 0.00 1 1.9786560694363455 301.34 188.08 446.60 271.89 1.4678828496305656 1.6665433638454819 3.7217898984775926 -4.66 1.77 14.67 1.6710816764895378 0.9995004
Car 0.00 1 -2.106069759526525 797.50 184.20 1026.73 322.65 1.5556647483079147 1.6232359421165132 3.8034755421207334 3.74 1.66 9.70 -1.7380671966162593 0.99966455
Car 0.00 2 1.5074454704907279 387.59 185.71 491.33 243.31 1.545762952771635 1.5758752369047546 3.9902827014551545 -4.64 1.77 20.09 1.2804648637416898 0.9935934
Car 0.00 2 1.3690280179169516 729.67 177.81 862.27 262.97 1.4468342218367767 1.6098172322572613 3.972753899298706 3.61 1.62 14.92 1.60642268993531 0.99788886
Car 0.00 0 1.6222062009063105 506.24 179.23 548.37 210.13 1.4896036129264545 1.6550243639112854 3.8789774646387483 -4.10 1.78 35.90 1.508492754529194 0.99994516
Car 0.00 2 1.0233892361309866 709.19 177.20 792.00 237.62 1.6011156890361022 1.6518047035397434 3.2116680314169312 3.75 1.64 19.94 1.209282161700208 0.9601532
Car 0.00 2 -1.9826504747059683 699.19 175.81 758.52 222.24 1.5442609064100694 1.5649326287866974 3.5526690055952455 4.08 1.63 25.45 -1.8236887319983386 0.99380034
Car 0.00 2 -2.086347178616796 685.93 175.76 737.02 213.18 1.5485378749488306 1.627837277269497 3.549625055991211 4.26 1.64 30.98 -1.949696096149152 0.87194854
DontCare -1 -1 1.396221743026052 571.66 172.77 623.06 189.24 1.5444617722003173 1.7239166044355774 3.9847420473919297 -1000 -1000 -1000 2.1816199064235002 0.9936963
DontCare -1 -1 -1.243524775901113 654.46 169.53 680.63 187.94 1.4333786595432472 1.5508677058578872 3.946377674244442 -1000 -1000 -1000 -0.4581266125036647 0.5403337
