Pedestrian 0.00 0 1.8548054258015494 987.59 123.05 1053.93 302.46 1.7912035486105633 0.733290633120842 0.9065906764725351 4.69 1.42 8.36 2.366058329233941 0.9694056
Pedestrian 0.00 0 0.9566301266339163 1070.66 119.10 1136.99 301.71 1.772166892364974 0.628257391908474 0.7896468085954094 5.27 1.37 8.10 1.5334391678564248 0.94602895
Car 0.99 0 -1.5410781941053013 999.43 196.82 1241.00 374.00 1.5355291575013112 1.5513953038216972 3.996504025660553 2.96 1.52 2.37 -0.645434671125167 0.95913255
Car 0.13 3 -2.152311102547918 0.00 205.51 123.41 244.43 1.4661692496208858 1.6631157056154156 3.671348976098099 -20.60 2.56 26.70 -2.809453120838125 0.9998646
Car 0.75 3 -1.1467246870186667 0.00 212.90 62.04 270.10 1.5154361341899645 1.554395883596077 3.5330474247560884 -16.83 2.39 18.30 -1.8903026703532446 0.96960944
Car 0.00 0 2.8118373910572867 826.05 167.28 930.55 205.79 1.4424718547432136 1.7093015157343292 4.236497925721206 10.05 1.20 27.27 3.1649297364694884 0.6066748
Truck 0.00 2 1.6154170195248465 709.85 110.91 903.83 190.72 3.071993711832423 2.681580183142452 11.194375995013619 10.80 0.92 40.32 1.8771305219260515 0.8370344
Car 0.00 2 1.8189325044539313 944.65 163.68 1095.78 208.17 1.4884718585579109 1.6873473518253708 4.1140468885527035 15.38 1.27 27.26 2.332609861299285 0.8976761
Van 0.00 0 -2.771106676259313 188.66 181.00 337.25 236.61 2.201466490991912 1.920124391660614 5.261173022741127 -12.82 2.27 26.74 -3.218164555479337 0.92083097
DontCare -1 -1 1.4719373072173934 123.38 197.35 168.31 222.22 1.4803504984645557 1.6316418007673168 3.833714252464571 -1000 -1000 -1000 2.2573354706148416 0.99969876
DontCare -1 -1 -0.6019256869938712 337.49 180.53 412.82 211.23 1.4669376242725563 1.6732854836346054 3.694130005441704 -1000 -1000 -1000 0.1834724764035771 0.7724186
DontCare -1 -1 -1.1646703044560294 1142.20 156.60 1174.84 181.47 1.4728737924067687 1.6239069302292013 3.843115536622801 -1000 -1000 -1000 -0.3792721410585811 0.6566584
