Car 1.00 0 -1.4954137290504317 0.00 235.74 200.10 374.00 1.356867358442993 1.5901862152577781 3.35680861970047 -3.57 1.82 2.62 -2.4330970105885195 0.9683239
Car 0.00 1 -1.6358454982426505 658.73 180.13 721.39 229.50 1.4718740846781444 1.651201772755518 3.5665087868795777 2.64 1.81 24.93 -1.530342189409554 0.9999443
Car 0.00 0 1.8753467063095908 183.87 199.33 417.45 338.36 1.4878245148627471 1.686583115971222 4.476072983943023 -3.88 1.82 9.57 1.490164945173995 1.0
Car 0.00 0 2.7173471013691763 833.99 167.40 1053.24 231.60 1.5475585035799455 1.736045359885826 4.377586441241302 8.13 1.38 17.95 3.1426306221847042 0.99773395
Car 0.00 2 2.476136819520269 806.87 150.72 980.98 220.85 1.5901146013109397 1.5784450017572784 4.418327527247467 8.12 1.32 21.01 2.844936253538539 0.9614597
Misc 0.00 1 1.5128924111512045 395.82 205.33 451.82 235.58 1.4863552305667114 1.6488151431740665 3.8555289773606742 -6.48 2.09 25.13 1.2605307046054222 0.6584355
Car 0.00 2 -1.4690198535707335 420.39 183.71 481.23 227.80 1.4716624807386112 1.6398876097710275 3.7816444804296876 -6.40 2.09 29.19 -1.6848576938003885 0.9998567
Car 0.00 2 -1.8456361452725272 299.71 193.48 411.01 259.31 1.4566326591937255 1.6487174586118603 3.914474809669056 -6.37 1.99 18.29 -2.180775840740268 0.9988047
Car 0.00 0 1.7602537284281592 758.67 165.51 886.95 211.43 1.4618186507193756 1.6418969847918892 3.9462814350948716 7.90 1.39 27.16 2.043312481262544 0.91697925
Car 0.00 1 1.6593874553826193 473.20 184.86 513.94 214.17 1.4888562861649703 1.597067008978262 3.682724448047676 -6.53 2.23 40.63 1.500031530080339 0.99999213
Van 0.30 3 -1.5528388834234814 1117.62 136.01 1241.00 193.54 2.1593049611081696 1.8757384816264344 4.744140354746627 22.34 0.74 27.25 -0.8661309578616536 0.99986553
DontCare -1 -1 1.283046499886785 513.44 176.00 647.64 206.05 1.4499685395328712 1.6663716577650451 4.413862543307342 -1000 -1000 -1000 2.0684446632842333 0.9351527
DontCare -1 -1 -0.6186709562924246 713.97 169.53 753.08 191.17 1.544370675814004 1.6287536316276932 4.086749063931503 -1000 -1000 -1000 0.16672720710502364 0.9974899
