Car 0.16 0 2.246073023476873 0.00 195.83 279.97 359.64 1.456005312856884 1.5464445941807174 3.784726025663414 -5.88 1.90 9.08 1.6714029632234508 0.9995906
Car 0.95 0 -1.6581712077048163 920.14 188.72 1241.00 374.00 1.5042358994303655 1.5703684531809234 3.2630905677900697 2.95 1.61 3.21 -0.9149557989104732 0.9348157
Car 0.00 1 -1.8430218855526785 762.50 183.24 1032.76 353.43 1.4395619038312149 1.5321588956476593 3.370297448836365 2.98 1.66 8.33 -1.49946570673941 0.9999943
Car 0.00 1 1.964020506539617 232.20 193.84 379.00 283.45 1.4381669912306976 1.5335573547245407 3.4919213523493196 -5.84 1.91 14.14 1.5723468345043408 0.9996617
Pedestrian 0.00 2 2.2472778717663626 790.07 153.88 816.41 232.86 1.752672167905028 0.7009589541044903 0.9156582137355709 4.87 1.50 18.38 2.506288016061944 0.98608637
Pedestrian 0.00 2 0.9571061889317374 816.08 149.35 842.41 229.32 1.8277233554426384 0.6414941604521942 0.8184225415596866 5.45 1.37 17.92 1.2523471637610482 0.7098453
Car 0.00 2 -1.9338534037258963 719.84 183.37 844.16 267.58 1.5182722172519576 1.5914676555158043 3.7490366419182206 3.13 1.61 13.92 -1.7126757205272942 0.86957794
Van 0.00 2 -2.8737183372166495 335.71 178.33 433.36 216.30 2.1129008154501534 1.7832473913287354 5.0124988200307365 -12.06 2.27 38.66 -3.176102365990567 0.6306947
DontCare -1 -1 -0.46687717834976716 913.86 155.95 1034.47 178.24 1.4206452149717521 1.7268176593543434 4.031486215196647 -1000 -1000 -1000 0.3185209850476811 0.7070991
DontCare -1 -1 -0.9464911977436881 435.82 181.18 460.69 194.41 1.451858766731472 1.5636074312688255 3.6634569784031297 -1000 -1000 -1000 -0.16109303434623978 0.96654207
