Car 0.96 0 1.553860436254416 0.00 221.35 69.13 374.00 1.5025539085088682 1.5362275459529304 4.366887109480896 -6.06 1.88 5.24 0.6960228754649379 0.89368623
Car 0.00 1 -1.8686019043114523 758.86 175.27 1031.27 339.09 1.5319462813256692 1.669574528253212 3.7305288334713365 3.01 1.56 8.63 -1.5330114031861894 0.9999502
Car 0.00 0 2.023900375762258 59.22 200.10 318.19 320.85 1.5824384059576702 1.5336242534877205 4.374452727042236 -6.05 1.83 10.88 1.5164117645004227 1.0
Car 0.00 1 1.8953317562725882 323.46 179.38 435.88 253.63 1.488332216051073 1.5903901301981354 3.944444680713215 -5.98 1.92 19.10 1.5919103752814343 0.9999999
Car 0.00 0 1.5044650370862822 542.13 178.12 575.06 200.78 1.4580803144542884 1.6072510883869076 3.7161457409487153 -3.36 1.77 47.56 1.4339346193651594 0.99201816
Car 0.00 2 1.084008471169744 396.74 178.79 471.77 228.50 1.5309726655302953 1.5300905176164055 3.8119651210830594 -6.17 1.83 25.60 0.8475034009385519 0.99565864
Car 0.00 1 1.6522176573660712 461.92 182.41 508.69 212.90 1.4978626336722087 1.6607100956798935 3.850430403962829 -6.26 1.93 36.41 1.4819515450938632 0.9782541
Car 0.00 1 -1.630333394804273 637.69 173.66 661.07 193.79 1.399960399028511 1.6158249166519785 3.8662646153346683 3.12 1.64 58.12 -1.576702834930979 0.9964617
Car 0.00 1 -2.6788211623814444 696.99 168.00 767.27 189.95 1.4444111216633033 1.690916500306263 3.775371508799591 8.55 1.17 50.89 -2.5123662956430772 0.98579454
DontCare -1 -1 1.434181229272161 0.00 241.34 47.52 373.00 1.4991901054798078 1.5060085796476745 4.1514749695883175 -1000 -1000 -1000 2.2195793926696092 0.74039453
DontCare -1 -1 -1.5508002946760993 513.44 177.94 538.96 200.87 1.5114764928637456 1.6233954460085773 3.796498982362547 -1000 -1000 -1000 -0.765402131278651 0.9689014
DontCare -1 -1 -1.9104243079808096 594.95 170.18 606.89 184.71 1.4958439379750204 1.617068206212058 3.745605172716179 -1000 -1000 -1000 -1.1250261445833614 0.9652066
DontCare -1 -1 -1.2794348756459097 935.20 158.54 1072.63 187.94 1.4909792899905157 1.6705548644722843 4.301314221821823 -1000 -1000 -1000 -0.49403671224846146 0.9972052
DontCare -1 -1 -1.5046767006304602 675.81 165.65 694.86 185.35 1.5473756737826776 1.64315726540102 3.7763207276688004 -1000 -1000 -1000 -0.7192785372330119 0.53880477
DontCare -1 -1 0.1310902396824698 772.84 154.66 873.40 166.60 1.5162010382680606 1.6805818036855602 4.34656657477478 -1000 -1000 -1000 0.9164884030799181 0.7297791
