Car 0.00 0 -1.218418494859014 404.53 172.48 512.41 244.98 1.4928160685865592 1.6351824423955226 3.6199649741278077 -3.35 1.33 16.69 -1.4165052988384297 0.9999846
Cyclist 0.00 1 -2.2886281768467764 924.97 140.80 1000.77 204.50 1.7274447079170798 0.6171466575174522 1.8292362159515285 10.01 0.66 19.87 -1.8219655016053975 0.8670667
Cyclist 0.00 1 -0.7655612985279898 855.12 145.23 914.25 199.37 1.7289422327075457 0.5365121306090546 1.7174536204362774 9.83 0.64 24.91 -0.38970089034522043 0.80901337
Pedestrian 0.00 0 -1.453787506618772 538.59 161.13 562.45 216.62 1.7179945161942196 0.6657486967083883 0.7463411954948806 -1.86 1.19 23.82 -1.531715021411098 0.9565731
Cyclist 0.00 0 1.9462038139489035 704.99 158.44 744.25 194.84 1.7720594848860358 0.6140255049972725 1.5934666647041702 5.75 0.67 34.02 2.113639617503752 0.72933215
Pedestrian 0.00 2 1.8831952969220023 407.08 162.43 428.71 223.94 1.757559427935983 0.6660931817528677 0.7999832225749397 -5.48 1.27 21.14 1.6295540339579873 0.837262
Cyclist 0.00 0 -1.608734001466308 822.80 155.42 848.94 194.87 1.7742253165114974 0.5590193585663032 1.8556444077218437 10.39 0.62 31.82 -1.2931241351178664 0.95241916
Pedestrian 0.00 1 -1.5378765697267394 241.00 176.94 261.98 224.94 1.7759619517627907 0.6254270057466698 0.8488126924047374 -12.74 1.60 25.75 -1.9973212146840131 0.9927275
Pedestrian 0.00 0 -1.9167037467148642 234.73 179.23 257.92 225.50 1.708129843175764 0.6753496657398415 0.6684242008039856 -12.77 1.58 25.15 -2.3865348824210293 0.97140336
Cyclist 0.00 0 -1.2619394222882132 290.86 170.02 360.35 231.75 1.7205184749681806 0.5512140763162565 1.7725861742325613 -8.04 1.41 20.35 -1.6382024233591932 0.99997485
Pedestrian 0.00 1 -1.7428999553110938 325.47 173.88 346.41 221.50 1.7891923649612618 0.6148093919542503 0.8475931180426979 -9.03 1.39 24.26 -2.099229069642866 0.9988225
Pedestrian 0.00 2 -1.6627943078663687 316.45 170.75 342.09 228.59 1.8444865284863663 0.6854988727060032 0.862054600917747 -8.80 1.50 22.53 -2.035162668859104 0.77406126
Pedestrian 0.00 2 -1.8350331644204 408.83 161.21 425.17 220.38 1.8467114432159615 0.6754608973202181 0.7108595488378906 -6.25 1.32 23.68 -2.0930842729078583 0.78068674
Car 0.00 1 -1.591755866133843 1071.54 144.87 1195.93 180.76 1.497959120553584 1.6832363114417934 3.9121900518761064 24.32 -0.02 32.63 -0.9512525859853738 0.98731184
Car 0.00 1 -0.849581972756658 973.36 158.19 1082.68 188.13 1.4811643328337383 1.6440770768286133 3.9369027634487535 19.26 0.31 32.32 -0.3121709418488392 0.50884974
DontCare -1 -1 -2.1266400376942496 618.19 164.74 650.98 180.95 1.484163675811739 1.6453230988891268 3.8767578845248605 -1000 -1000 -1000 -1.3412418742968013 0.79958236
DontCare -1 -1 -2.378040866055761 581.86 162.82 614.01 174.57 1.49564747361526 1.6241808564127826 3.9244229962454225 -1000 -1000 -1000 -1.5926427026583125 0.8994806
