Pedestrian 0.00 2 -2.2028886834767203 69.93 171.38 89.08 211.63 1.7015426693860245 0.6100446488049698 0.782653946966877 -21.43 1.54 29.20 -2.8360085869908085 0.58533746
Pedestrian 0.00 1 1.8372635106232504 100.73 169.66 122.39 207.40 1.7548578800078285 0.6021175141719055 0.6329498259136581 -22.56 1.55 32.75 1.234056666197901 0.8715101
Pedestrian 0.00 2 -0.682868436970983 216.55 167.58 242.09 212.39 1.6996628394726467 0.6435078903374147 0.44530664065574643 -15.63 1.60 29.44 -1.1709374413127176 0.99883586
Pedestrian 0.00 1 -1.4938122043993811 595.28 167.10 607.06 200.49 1.791340143829937 0.6083294096675587 0.9059925457248592 -0.40 1.55 40.79 -1.5036182151586737 0.7161018
Car 0.00 1 1.267293826737676 543.64 158.50 591.19 196.23 1.5979088175861549 1.608621313488617 3.773670474194088 -2.70 1.39 44.51 1.2067075413389952 0.99978
Car 0.00 1 -1.7453297237542014 577.90 167.13 627.63 195.69 1.4936090320168447 1.6558060229481601 3.7572479267940904 -0.54 1.42 46.36 -1.7569771694065073 0.9555424
Car 0.00 1 -2.034846560159002 621.69 166.84 681.82 191.94 1.5132951386092615 1.6808266074122333 4.09793256422142 2.62 1.20 46.97 -1.9791240194486812 0.9996182
Van 0.00 1 -1.7885939786818366 760.70 159.14 822.65 192.13 2.1519358228077508 1.8065398583268357 4.862127346748161 12.31 1.28 49.24 -1.5436153155549723 0.9102851
Car 0.00 1 1.8468725542214255 792.01 166.27 838.92 188.75 1.5553594160644721 1.6644056209088707 3.846390121743181 14.50 1.11 51.14 2.1231566079143582 0.8491003
Car 0.00 1 -1.8339157859471182 832.33 163.40 884.64 187.43 1.5788722973136615 1.6274559677304172 3.5983463098631288 18.07 1.05 52.63 -1.503186159386706 0.8002994
DontCare -1 -1 -1.4236117909338812 0.00 172.77 55.28 222.23 1.5162303027516615 1.6708184697390938 3.6903296728954698 -1000 -1000 -1000 -0.638213627536433 0.9988337
DontCare -1 -1 -2.6813638965275626 706.86 160.48 732.38 169.83 1.4544726092188072 1.626758939838543 3.9286488389001275 -1000 -1000 -1000 -1.8959657331301143 0.54480743
DontCare -1 -1 1.5608492401104908 886.69 158.54 1164.49 187.94 1.4067758399812889 1.7556880556703949 3.821236444763937 -1000 -1000 -1000 2.346247403507939 0.9608375
DontCare -1 -1 2.6563736955311636 462.69 153.15 664.82 167.78 1.4323406893579673 1.6541936241747284 4.024221720300712 -1000 -1000 -1000 3.441771858928612 0.88427615
DontCare -1 -1 1.8962548236039023 1165.80 158.35 1218.97 182.35 1.4906222805200529 1.5817005478502655 3.7427861635909463 -1000 -1000 -1000 2.6816529870013506 0.9364806
