Car 0.00 1 -2.841974095502172 821.50 146.64 911.90 176.95 1.419192739185543 1.6792602793039226 4.179989414416351 13.78 -0.21 37.37 -2.488698521257867 0.50018144
Car 0.00 0 -1.6123979101565222 541.87 165.66 569.57 187.30 1.6110582653252792 1.6316623252542162 4.776357965670623 -3.54 0.46 51.59 -1.6809084684845976 0.68086225
Cyclist 0.00 0 -0.9762492338803153 592.90 164.97 615.66 187.05 1.6875399793852424 0.5841671765952301 1.8943578033173942 -0.04 0.51 56.73 -0.9769543280698311 0.8118427
Pedestrian 0.00 1 -1.6902163411167006 608.50 163.48 619.08 185.86 1.7871740660074902 0.6260953600791168 0.6728398619005584 0.75 0.43 57.79 -1.6772390457891562 0.8433362
Pedestrian 0.00 1 -1.673603051402841 469.85 168.95 479.45 193.35 1.6810270412269783 0.5399358625796509 0.7383405981371307 -10.20 1.01 56.32 -1.8527689653554333 0.86140585
DontCare -1 -1 -1.8064472238209586 417.38 174.30 436.78 200.71 1.4924171496002387 1.5684898339868927 3.8281059378163005 -1000 -1000 -1000 -1.0210490604235103 0.8949181
DontCare -1 -1 -2.57079811493424 504.08 166.65 539.42 187.33 1.498578619566412 1.6242714126320028 3.830175520978966 -1000 -1000 -1000 -1.7853999515367915 0.9949875
DontCare -1 -1 -1.3190450529244284 40.62 189.60 99.54 206.45 1.494669461977334 1.619653675025835 3.9331055005417253 -1000 -1000 -1000 -0.5336468895269801 0.5657694
DontCare -1 -1 1.9950350979950766 625.21 160.91 640.15 170.11 1.4259375188319396 1.6530214802087688 3.6687979420051957 -1000 -1000 -1000 2.780433261392525 0.8236523
DontCare -1 -1 -1.9775099317219595 778.21 156.45 816.74 172.66 1.4550585154263687 1.671672615474596 3.836505616210499 -1000 -1000 -1000 -1.1921117683245113 0.7423603
