Car 0.78 0 -2.418858961262975 831.14 197.40 1241.00 374.00 1.5812222104339313 1.722734152591362 3.9658865650520707 2.77 1.56 4.53 -1.8700417255896755 0.98770535
Car 0.00 0 -1.7297948310759406 700.55 171.15 823.23 270.19 1.6533128622739028 1.4969676875234985 3.1939149667845155 2.69 1.62 13.64 -1.5350794735824675 0.9999999
Car 0.00 2 0.655686811604772 95.14 176.19 385.47 276.23 1.499417996388526 1.615596409207716 4.2081780900583645 -6.18 1.64 12.25 0.1884538203141734 0.99655175
Car 0.00 2 1.1105389753964285 204.57 173.93 419.07 257.74 1.6205324608652305 1.6295283839763546 4.448978977404632 -6.08 1.64 14.89 0.7228741938296751 0.9990988
Car 0.00 2 -1.5651335195314626 241.04 160.58 408.24 247.35 1.4762932214705657 1.6433632720918798 4.373315649233856 -6.79 1.69 17.31 -1.9389486951972015 0.9995747
Car 0.00 2 -1.8777965466168265 286.56 180.37 427.95 235.60 1.3914063725440216 1.613708577370777 4.039241271220245 -6.92 1.65 19.85 -2.21323663243563 0.59104997
Car 0.00 2 1.352800698080335 357.64 176.87 483.74 225.14 1.4526035491196823 1.6949993067146683 3.786129834257164 -5.92 1.58 22.67 1.0973669293742079 0.61473227
Car 0.00 2 1.039759830632482 387.60 177.26 503.75 224.21 1.4163023385970306 1.5900541872443104 3.733372004829445 -5.65 1.71 24.89 0.8165437230344 0.99992335
Car 0.00 2 1.4748069355872016 399.55 170.33 492.65 216.43 1.4477438334195327 1.6447577860863352 4.206042694054641 -6.19 1.60 27.29 1.2517580029931907 0.6931841
Car 0.00 2 1.595608185106192 399.36 171.83 514.37 214.30 1.4317426238028717 1.6354776390553856 3.707768457137146 -6.28 1.65 29.71 1.387297861396589 0.64341486
Car 0.00 2 1.6813104758646826 458.34 162.92 533.95 198.23 1.5672782253293704 1.7558859132887268 4.307920770846405 -6.97 1.51 44.31 1.5252881073945221 0.95537835
Cyclist 0.00 0 1.259354100623403 576.18 173.06 582.97 190.84 1.7904402236808394 0.5485901923089218 1.6082306458080673 -2.78 1.62 65.66 1.2170400490737556 0.5902207
Car 0.00 1 1.523012519874845 657.41 179.39 707.08 218.79 1.58415912127182 1.6295028042705202 3.7269335856066133 2.64 1.64 27.30 1.6194160555407953 0.99988306
Car 0.00 0 1.4687643880632262 626.77 174.25 649.36 191.71 1.5004466924636077 1.6260308094979667 3.834370313339033 2.33 1.56 61.17 1.5068365495971978 0.9539336
DontCare -1 -1 1.2578950683262686 536.08 169.53 573.25 190.52 1.4983310367731761 1.6606598191620254 3.7927824353204156 -1000 -1000 -1000 2.043293231723717 0.83739203
DontCare -1 -1 1.8335725227978568 600.77 165.65 624.35 184.06 1.5706558827130508 1.597415558314457 3.7732454409227754 -1000 -1000 -1000 2.618970686195305 0.812798
