Car 0.97 0 -1.3986986289408545 0.00 227.56 76.87 374.00 1.3752307597367477 1.5995657884241485 4.076946022115745 -5.91 2.04 5.06 -2.2614263302810733 0.75466424
Car 0.00 1 1.7651214013483862 417.07 189.20 477.46 230.33 1.459626857545824 1.702623456037178 4.083583699666061 -6.20 2.07 27.66 1.544615769700152 0.9999987
Car 0.00 1 -1.4499776075270514 653.18 174.04 702.14 211.70 1.5723794665007305 1.641375961965456 4.051891120277443 2.83 1.59 31.22 -1.3595776481182864 0.9999949
Car 0.00 2 1.5286140638079981 448.73 187.35 499.64 220.24 1.5588293414382648 1.5063051723600769 3.831074597440758 -6.18 2.05 33.05 1.343759408616446 0.9999987
Car 0.00 1 1.541848431402121 483.05 178.55 522.55 210.72 1.5587007630436134 1.6442627043188953 3.7513329704628373 -6.12 2.08 41.41 1.3951201700872014 0.99996626
Car 0.00 1 -1.6923688585546355 32.04 206.13 128.09 240.49 1.499549005535097 1.5588489317060852 3.7291448434219743 -25.89 3.14 35.38 -2.3240999009249035 0.9998258
Car 0.00 2 -1.5622269996118288 87.36 204.63 173.72 238.06 1.5402523040591192 1.5999560721875572 3.321316199503937 -23.46 3.04 35.43 -2.147096658641778 0.9582832
Car 0.00 1 -1.5148067633297781 129.62 200.07 221.59 236.32 1.4961527198372793 1.6387810141505146 3.8607228497379507 -20.85 2.88 34.81 -2.0544654860632825 0.92484534
Car 0.00 0 -1.0684639374401907 189.98 199.85 270.43 235.82 1.4525773379771423 1.6850919046164894 3.717983545862236 -18.36 2.88 35.05 -1.5509878933298222 0.9443115
DontCare -1 -1 1.9872442046788077 0.00 258.80 57.87 373.00 1.4993613850145053 1.6499663714976454 5.159624355040588 -1000 -1000 -1000 2.772642368076256 0.99548966
DontCare -1 -1 1.8380060652878623 0.00 213.52 28.11 242.28 1.5060786254523706 1.6192245215834522 4.009461911521949 -1000 -1000 -1000 2.6234042286853105 0.7488635
DontCare -1 -1 1.0122615853932242 526.38 171.48 645.05 203.47 1.4133661690919113 1.6662436046363258 4.180035816632309 -1000 -1000 -1000 1.7976597487906725 0.9876281
DontCare -1 -1 -1.8007297525790076 826.53 159.18 861.11 177.59 1.5272411730891478 1.6122288250090027 3.914683563761511 -1000 -1000 -1000 -1.0153315891815593 0.9346248
DontCare -1 -1 2.6399112502720694 680.34 158.54 769.26 177.59 1.4511777166096878 1.6798436225117588 4.009739535056152 -1000 -1000 -1000 3.4253094136695177 0.5883129
DontCare -1 -1 -0.018220142522130445 1164.80 141.07 1239.95 162.71 1.461645137873144 1.5416178025962257 3.91449582775692 -1000 -1000 -1000 0.7671780208753178 0.5038048
