Pedestrian 0.00 0 1.6487164134767394 639.86 144.03 658.19 201.08 1.849177481085415 0.6403758655574989 0.7459138748953247 1.25 0.64 22.22 1.7049128074952737 0.89687467
Pedestrian 0.00 1 -2.2021896402027945 309.20 139.76 343.53 250.48 1.8024804605547142 0.5957957114365768 0.3878593263933563 -5.06 1.21 12.63 -2.5832419432879474 0.85567945
Pedestrian 0.00 1 -1.4841657067325453 420.03 140.95 442.70 203.65 1.7069478979710293 0.6044706459429932 0.6533418861935043 -5.48 0.70 21.83 -1.7301141971415543 0.99783343
Pedestrian 0.34 0 1.5685322592642645 756.89 141.88 931.42 369.00 1.658404150456543 0.657172704049654 1.0092410711357498 1.32 1.58 4.15 1.8764855773880307 0.9042049
Pedestrian 0.28 0 -1.4819898838785033 939.42 159.36 1049.42 369.00 1.5786858288947296 0.6223784852114391 0.729065042526474 2.47 1.55 4.60 -0.9892159810259953 0.501143
Pedestrian 0.30 0 1.5757156289790313 1033.59 129.01 1154.59 369.00 1.6463170661035729 0.6057683433678818 1.000335943491211 3.18 1.53 4.52 2.188813364788102 0.6082814
Pedestrian 0.66 0 -1.3716921667244772 1124.20 129.69 1223.00 369.00 1.73357390187716 0.6379562224534225 1.1646425245115661 4.03 1.43 4.61 -0.6533230673621201 0.8127237
Van 0.97 3 1.3610415319588522 0.00 0.00 267.05 369.00 2.0617371047963715 1.6884242991065217 5.934387383812713 -3.17 1.67 3.69 0.6513004330912484 0.72375613
DontCare -1 -1 -1.5037174756315093 354.27 134.14 397.26 187.96 1.5561598207621288 1.56524757227911 3.904476365201273 -1000 -1000 -1000 -0.718319312234061 0.9988226
DontCare -1 -1 1.6159140105035643 474.76 141.15 508.82 193.06 1.5529931526450824 1.7337413646937752 3.913228405766287 -1000 -1000 -1000 2.4013121739010126 0.99978226
DontCare -1 -1 -1.3737311671164374 531.49 143.70 572.57 187.96 1.5256067913776648 1.6429231290431165 4.359062271319427 -1000 -1000 -1000 -0.5883330037189891 0.7562656
DontCare -1 -1 1.3460705141213278 947.78 115.65 986.94 136.33 1.5297915361641359 1.6893090524436378 4.890750186644592 -1000 -1000 -1000 2.131468677518776 0.8605312
