Van 0.00 0 -2.139924840131078 774.91 131.48 1110.90 362.35 2.1749815116753197 1.8476659009312821 4.917660487645912 3.16 1.44 7.64 -1.747738850377113 0.83762026
Tram 0.00 2 2.986167506375585 330.63 135.88 527.23 194.27 3.4248580528840638 2.435993725715332 18.7950785784951 -11.57 0.74 48.90 2.7538347878117344 0.5878996
Person_sitting 0.00 1 -1.582621474811111 426.18 189.06 484.35 282.39 1.5758888352482032 1.6047184944809818 3.605213867627182 -2.20 1.45 10.69 -1.785587507141551 0.99935967
Person_sitting 0.00 1 1.5879664114352803 381.13 189.90 441.31 281.57 1.539358580839486 1.5969308086396599 3.661509947978058 -2.86 1.44 10.71 1.327015364928402 0.85336685
Person_sitting 0.00 2 1.7749077091601233 412.87 189.60 459.93 272.04 1.6023038703767967 1.5164248191477203 3.608981209002533 -2.71 1.43 11.70 1.5472975275764658 0.9987588
Person_sitting 0.00 2 1.3952764431622366 443.78 183.74 480.68 254.00 1.5541649389831733 1.6673071489395046 3.800592592112818 -2.69 1.36 13.76 1.202217126941115 0.99999917
Pedestrian 0.00 0 -1.3778142044928412 271.99 160.13 318.99 284.84 1.8206046386066628 0.710854871132679 1.2074020622084045 -4.66 1.51 10.87 -1.7828170155359897 0.9829912
Pedestrian 0.00 2 -1.564505252582256 264.34 159.54 314.96 275.57 1.7747346977148009 0.6813125255790424 1.2267747042486572 -5.03 1.47 11.52 -1.9761868645359968 0.9990048
DontCare -1 -1 -1.3998205522683005 518.23 170.38 557.21 205.49 1.4653014879493427 1.647419777950778 3.501988427840271 -1000 -1000 -1000 -0.6144223888708522 0.69067407
DontCare -1 -1 1.4948036159065108 657.51 164.58 724.21 204.20 1.5502440206526231 1.6993398063541794 4.015969993673362 -1000 -1000 -1000 2.280201779303959 0.89889395
