Pedestrian 0.00 0 2.624191121259008 603.33 167.11 623.57 224.71 1.69871377706563 0.6360258291748238 0.5575690684626007 0.17 1.30 22.10 2.6318832772346568 0.9929066
Pedestrian 0.00 0 0.8333000103619437 613.41 164.78 640.50 229.44 1.7636676369610977 0.6821848879841041 0.44263411739562986 0.75 1.34 20.70 0.8695160524343553 0.9314597
Pedestrian 0.73 3 1.8755823532727103 0.00 162.25 105.49 373.00 1.859257855862732 0.6179848070529175 0.6675258843014145 -4.21 1.66 4.78 1.15350321429462 0.96669185
Pedestrian 0.00 0 0.5320021669056754 69.30 175.32 131.78 305.97 1.755732613094504 0.6706821265903187 0.8192392555782699 -7.17 1.67 10.22 -0.07977373475767857 0.83571506
Pedestrian 0.00 0 0.7708957950260977 173.78 165.08 246.07 340.73 1.7845248463008356 0.7215282450702858 0.508857500345459 -4.30 1.65 7.92 0.27349735285041127 0.964143
Pedestrian 0.00 0 1.51468122104672 798.00 151.08 875.13 317.88 1.720921812057848 0.6898978817549419 1.1293687937567138 2.58 1.46 8.20 1.8195091820491012 0.9607554
Pedestrian 0.02 0 0.9703508178379874 1015.97 131.83 1147.87 373.00 1.7907933717969609 0.6376259363529158 1.2396872160742187 3.78 1.43 5.85 1.5440174860061482 0.94577485
Pedestrian 0.00 2 1.5021832595255713 361.87 171.26 400.81 236.38 1.8237544609609795 0.7490319441345406 0.8102395800659561 -6.05 1.47 19.70 1.2042194688087506 0.98320735
Pedestrian 0.00 0 2.0211109379914145 520.24 165.46 542.71 231.01 1.7657460155341578 0.7013700175371838 0.6366726873228454 -2.04 1.36 20.26 1.9207581573818078 0.9404418
Car 0.00 0 1.6999758193877081 357.56 150.76 493.85 255.83 1.544212034326644 1.68520499697937 3.9371823166833306 -3.93 1.49 16.88 1.471230859532165 0.99468476
Van 0.00 2 1.666084767380033 448.66 156.91 525.53 228.98 2.203756557323537 1.9350723425006104 5.169197087937641 -3.62 1.37 23.49 1.513179529070646 0.7269486
DontCare -1 -1 2.1445997516301016 0.00 212.29 40.27 372.00 1.592294246312828 1.6455972150625133 3.909039786212244 -1000 -1000 -1000 2.92999791502755 0.9449871
DontCare -1 -1 1.0216903249409537 735.53 181.99 795.78 263.52 1.5587366636662197 1.6813107722164535 4.008869024120369 -1000 -1000 -1000 1.807088488338402 0.9777728
DontCare -1 -1 1.4345067898419241 548.54 169.09 567.53 190.01 1.5554993565945339 1.6520269133807564 3.7290092577562715 -1000 -1000 -1000 2.2199049532393724 0.7854648
DontCare -1 -1 2.790637091794286 676.85 168.45 692.62 191.95 1.5452803190617275 1.643582876092329 3.834336774550476 -1000 -1000 -1000 3.5760352551917345 0.8756692
