Car 0.00 0 -1.5099532912161688 667.20 181.18 729.59 237.97 1.5009967092244338 1.68047021633996 3.4459124674425508 2.86 1.49 22.46 -1.3832974351659297 1.0
Misc 1.00 0 2.1497979323056082 71.96 0.00 77.00 375.00 1.455207124706955 1.676506749606266 3.715020405255356 -4.99 1.84 -0.28 3.664540814955039 0.55909795
Car 0.82 3 1.4486383582141737 0.00 209.81 80.48 307.40 1.5092207588075113 1.5503547557355308 3.9434253518805886 -10.33 1.91 11.12 0.7000533927365784 0.9997925
Car 0.00 0 -1.2495898763325552 118.24 192.50 318.14 303.93 1.5712792020110797 1.5744831108213806 3.517490672074356 -6.57 1.72 12.56 -1.7315377457092507 0.99992883
Car 0.00 0 -1.2323700348523001 311.59 191.72 402.20 247.14 1.4472818005649757 1.63793882287158 3.4728844334707643 -7.20 1.61 20.89 -1.5642819684265594 1.0
Misc 0.00 0 0.6657547513630728 396.00 129.78 481.48 221.19 1.5534391630260658 1.5936923579038524 4.45094056626419 -8.37 1.49 37.17 0.4442674680882708 0.9572131
Car 0.00 2 1.6308490569379668 86.89 205.14 229.28 276.39 1.4421270865766715 1.6540948108495617 3.826119704298773 -10.73 1.94 17.39 1.0780078353454274 0.74124503
Car 0.00 0 -1.4717424372818808 753.90 185.52 789.92 206.87 1.5283333965396892 1.6256586641730213 3.882980320729413 11.40 1.43 49.86 -1.2469659200681154 0.9999312
Car 0.00 0 -0.5745152393963675 830.70 182.77 857.74 197.94 1.492544515412898 1.6728260361315155 3.832753138743439 23.16 1.19 70.34 -0.25643705725149196 0.9621853
DontCare -1 -1 1.8050972680237631 0.00 0.00 78.50 374.00 1.5572338592080783 1.5820725590647602 3.1017454435453797 -1000 -1000 -1000 2.5904954314212114 0.5568407
DontCare -1 -1 -1.6178774210300784 483.30 171.99 498.46 198.14 1.5260827288782608 1.6050064407946014 3.7885230948553468 -1000 -1000 -1000 -0.8324792576326301 0.61553454
