Car 0.81 0 1.5525425812837224 0.00 172.59 129.82 374.00 1.697921276447029 1.5881049961508655 3.8766936679706956 -5.99 1.69 5.81 0.7518913636113927 0.63988215
Car 0.42 3 -1.6680547530439238 0.00 170.85 288.71 336.41 1.5252583975723397 1.5434601747156524 3.5235629846678163 -6.24 1.67 8.17 -2.3203105019808397 0.9938881
Car 0.01 3 -1.6619410748269896 0.00 174.13 286.56 291.06 1.5716097470192623 1.6690337837399387 3.6021319200621034 -6.86 1.62 10.74 -2.2303554135286827 0.99860054
Car 0.00 2 1.4690979058530669 128.81 187.21 380.87 280.49 1.4584376741020393 1.727804116225376 4.540331678591766 -6.30 1.80 13.04 1.0190380955197522 0.9263178
Car 0.00 2 0.9458417455342154 173.12 178.38 407.74 256.69 1.6495300236909103 1.7034589939476394 3.279458539687195 -6.82 1.71 15.55 0.5325208030755988 0.99904746
Car 0.00 2 -1.1961386362698416 286.63 172.61 445.42 236.34 1.5048760402767372 1.6443682157160187 3.841664411254325 -6.72 1.67 20.07 -1.5192338783365038 0.9998869
Car 0.00 2 1.537860275306974 312.33 162.15 468.91 232.75 1.6153039563266944 1.740478619253769 4.387190060816803 -6.82 1.79 22.64 1.2452692351841037 0.53687066
Cyclist 0.00 0 -1.4721670607712607 540.89 177.12 555.00 210.75 1.7507751710135793 0.5651227773337555 1.7371282568598652 -3.04 1.81 35.12 -1.5585122017873756 0.9964489
Car 0.35 0 -1.8038036684182028 808.83 201.91 1234.94 374.00 1.7424433681933593 1.654189638114109 4.0700933506117245 2.77 1.68 5.80 -1.3582473352614035 0.9999155
Car 0.00 2 1.254172341027532 876.62 172.42 1206.32 294.28 1.1909841451613616 1.5772445567609215 3.131592052184143 6.24 1.70 10.85 1.7760931979299657 1.0
Car 0.00 2 1.5611658776786665 836.08 182.25 1064.48 273.78 1.5994617644517135 1.4155130230547333 3.009464221201935 6.05 1.73 13.24 1.9897832482178182 0.9998336
Car 0.00 2 1.308594868579183 794.06 184.12 969.27 255.40 1.4231652024953079 1.540073543107643 3.052469568453827 5.93 1.75 16.10 1.6614989031061729 0.61176175
Car 0.00 2 -1.5659873095017414 784.59 179.13 915.35 241.01 1.4540126774279785 1.5813899033428573 3.428468184672394 6.12 1.68 18.71 -1.2498591858192742 0.98689204
Car 0.00 2 -2.1295867721226553 739.97 179.71 892.75 237.10 1.4942668996571016 1.618554643607273 3.714414196215668 5.95 1.79 21.21 -1.8560884729918328 0.80324084
Car 0.00 2 -2.089176849522863 716.18 182.26 856.87 228.50 1.441047482547016 1.6882632889510536 3.9374969696031 5.80 1.78 24.13 -1.8532870682514446 0.8685443
Car 0.00 2 -1.5262826616552214 717.74 172.96 833.71 223.96 1.5280406893050682 1.710287562823429 3.840073155365982 5.98 1.80 26.44 -1.3038525299321282 0.99982554
Car 0.00 2 -1.3100150982525687 414.48 175.63 515.62 209.17 1.4628645893006038 1.5550451346398735 3.638957085214653 -6.79 1.65 33.93 -1.5075240110831474 0.99999976
Car 0.00 2 1.1694815615799765 439.82 179.11 526.88 209.92 1.489232890662403 1.6664864525855922 4.053542869292297 -6.40 1.82 36.56 0.9961828165713982 0.73499084
Car 0.00 0 -1.7933530221369605 634.34 179.37 671.04 206.83 1.4116794023482513 1.655314482069149 4.029015781484642 2.27 1.78 39.65 -1.7361645035554596 0.98709524
Car 0.00 2 1.564318532650594 627.01 178.20 650.18 197.91 1.5374766833899927 1.6760667257667923 3.7616002579555894 2.12 1.85 54.66 1.603084319782669 0.98924994
Van 0.00 2 1.4913775632765631 612.87 168.27 627.87 185.67 2.1371128293802357 1.9313696907912923 4.632813958281326 1.43 1.76 100.72 1.5055743854236765 0.9687441
DontCare -1 -1 -1.6581896478917937 561.31 168.24 607.53 188.59 1.4103813174931716 1.6654517494799042 3.733271928630867 -1000 -1000 -1000 -0.8727914844943454 0.5969193
