Car 0.25 1 -1.2650223235276083 1056.42 134.37 1223.00 200.79 1.526138973311187 1.6007705771089935 3.804587138943472 13.67 0.44 17.41 -0.599382943283017 0.79914474
Car 0.00 0 -1.4753163764860968 496.35 173.19 545.50 209.50 1.5522668942628812 1.6461601362289333 3.7692045514808084 -3.69 1.20 31.50 -1.591927773613862 0.9999999
Cyclist 0.00 1 1.665745877721582 695.91 159.87 733.00 194.69 1.7339793979544496 0.6085327581672859 1.6284976406420135 5.57 0.71 36.08 1.818915844163853 0.6189518
Cyclist 0.00 0 1.0157460729267935 635.21 164.89 669.48 198.96 1.7023500572312926 0.6055932694285107 1.5427679969395065 2.64 1.01 39.42 1.082617297608583 0.7485009
Cyclist 0.00 0 -1.7120798687126975 348.52 175.84 384.76 216.44 1.7008799794484233 0.5565941200761986 1.8499569921220207 -10.30 1.51 30.58 -2.036966437917028 0.94526225
Car 0.00 1 -2.4110689322140555 917.66 147.51 996.09 171.97 1.4572356570331764 1.6857677318812752 4.1440703441725155 23.75 -0.61 47.80 -1.9499349333362166 0.8721285
DontCare -1 -1 -1.0102173844960074 440.33 164.74 482.04 205.81 1.4590182754962158 1.6600686416686916 4.592480318747558 -1000 -1000 -1000 -0.22481922109855912 0.9954665
DontCare -1 -1 -1.3882968137648444 561.46 164.74 586.60 194.98 1.5329861178813886 1.537784300065174 3.62861514290432 -1000 -1000 -1000 -0.6028986503673961 0.95965946
DontCare -1 -1 1.3203808526184897 609.27 162.19 626.76 178.40 1.4970272633998107 1.624479484996333 3.840267181523242 -1000 -1000 -1000 2.105779016015938 0.62222654
DontCare -1 -1 -1.3662481317904334 743.78 158.36 762.54 185.41 1.541664524358363 1.5740514912368202 3.553624378644028 -1000 -1000 -1000 -0.5808499683929851 0.80018556
DontCare -1 -1 1.5636533727545778 848.33 156.45 910.44 181.59 1.5529358874826145 1.6880140893818283 4.200862573586502 -1000 -1000 -1000 2.349051536152026 0.939698
