Car 0.93 0 1.596215791129742 0.00 206.71 108.47 374.00 1.6113988909690093 1.716386272823944 3.858046760792942 -5.93 1.89 5.46 0.7695767577016785 0.9962054
Car 0.70 1 -1.9433418671276907 842.82 188.18 1241.00 374.00 1.625202618893833 1.559067621147766 3.6908961852417375 2.93 1.66 4.75 -1.3906304229661275 0.99999917
Car 0.00 1 1.965115443864141 66.94 197.70 304.72 326.25 1.433649570104332 1.5038667612434768 3.4546543230638886 -5.93 1.87 10.50 1.4510094021432873 0.9999926
Pedestrian 0.00 2 1.3717702339079718 820.87 149.53 853.54 245.09 1.8464635251465988 0.6955280545440388 0.6634376166174316 4.74 1.49 15.25 1.6731235382955596 0.9912674
Pedestrian 0.00 2 1.217854873338018 854.66 143.84 889.66 240.82 1.7791143445674134 0.6272185649064255 0.2580894348928833 5.34 1.37 14.83 1.5634820854470304 0.71600825
Car 0.00 1 -1.9913034598019461 748.08 183.86 936.35 303.96 1.481397685018034 1.6981058486462974 3.5657040943727876 3.05 1.57 10.29 -1.7031487506003047 0.9092055
Van 0.00 1 -2.2466997067120413 298.71 174.22 408.14 216.42 2.1608436196227885 1.9339149357830716 5.19752549921875 -12.40 2.04 34.94 -2.5877278590866166 0.91784817
DontCare -1 -1 2.14667804638413 0.00 209.64 81.15 373.00 1.6802308264939498 1.5501951344968223 4.304560618601837 -1000 -1000 -1000 2.9320762097815782 0.8813096
DontCare -1 -1 2.798104361691747 699.10 111.32 1004.07 186.00 1.5030689708708238 1.627803952685132 3.6714418848381425 -1000 -1000 -1000 3.5835025250891954 0.92101264
DontCare -1 -1 3.1198837319996695 1024.50 148.83 1127.65 181.47 1.6803839955298614 1.7668071680427933 4.826192455493011 -1000 -1000 -1000 3.905281895397118 0.9680494
DontCare -1 -1 1.8752705613758902 262.45 182.47 294.44 195.70 1.4441908601491165 1.6511472121538067 4.214392798148193 -1000 -1000 -1000 2.6606687247733385 0.9740536
DontCare -1 -1 -1.295168058076177 408.00 175.36 445.17 190.53 1.3653840128152084 1.6179890197427416 3.8257239071057225 -1000 -1000 -1000 -0.5097698946787288 0.8084233
