Car 0.00 0 1.7285328517344336 400.60 188.83 505.71 252.59 1.423726179060192 1.6589773812056923 3.7959654388354207 -3.99 1.86 18.90 1.5204767149434077 0.9999944
Car 0.90 0 2.231297449269567 0.00 206.67 127.30 374.00 1.3781961802212905 1.5364631109596634 3.3197036554441834 -6.50 1.99 6.40 1.4381475031599118 0.8086003
Car 0.00 1 1.709362224736486 245.59 195.43 379.87 267.42 1.4902386892406654 1.5763195895315552 3.8237115313635255 -6.95 2.02 17.19 1.3251503062470165 0.99998593
Car 0.00 1 -1.5805741903048496 630.76 177.70 666.56 208.39 1.499378381651492 1.6445627615512752 3.708546908699074 2.00 1.82 38.84 -1.5291263247033846 0.9999629
Car 0.00 2 1.6154971244421343 472.74 185.80 528.00 225.15 1.4606440443365287 1.5975307293893242 3.882292179517546 -4.29 1.95 28.39 1.4655222236702488 1.0
Car 0.00 1 -2.821053103604589 727.48 165.76 842.87 201.32 1.5466970860777807 1.6383418694795513 4.010756047569313 7.61 1.20 31.75 -2.585805951111419 0.94563
Car 0.00 2 -1.9777412871506552 721.51 157.82 820.03 199.38 1.5483872167585802 1.6522737473906421 3.985653357707062 7.67 1.23 34.83 -1.7609883390537877 0.63904196
Van 0.00 2 1.3581883321192603 933.61 143.92 1038.88 181.61 2.165363022603593 1.9233445027922822 4.994483923369693 21.48 0.47 41.37 1.83709094648407 0.6554524
DontCare -1 -1 1.0473683635380606 528.97 177.30 559.67 196.35 1.5131955904705834 1.622192262923851 3.800436211876669 -1000 -1000 -1000 1.832766526935509 0.765976
DontCare -1 -1 -1.083659098544393 577.48 173.42 593.95 188.59 1.5204446412442636 1.6487678655148887 3.800727481149235 -1000 -1000 -1000 -0.29826093514694474 0.9861946
DontCare -1 -1 -2.1541475216534476 672.57 166.95 716.85 197.65 1.5353975541709375 1.5348761521936798 3.7368892972693826 -1000 -1000 -1000 -1.3687493582559993 0.9999943
DontCare -1 -1 -1.5552093629401664 603.36 175.36 628.24 191.83 1.5097148310212802 1.6518251162679338 3.8134616447017575 -1000 -1000 -1000 -0.7698111995427181 0.9594348
DontCare -1 -1 2.363640264668737 852.40 151.42 930.97 181.47 1.488770082947464 1.6209678587229395 3.9880209436045075 -1000 -1000 -1000 3.149038428066185 0.94102484
