Car 0.00 0 -1.6421690667655806 697.78 166.52 853.84 286.11 1.4798729870288085 1.6340096893445992 3.3945518304930116 2.69 1.70 12.90 -1.4365879478147543 0.9987576
Car 0.54 0 -1.6484725336220603 0.00 185.52 212.03 348.81 1.4614534158079338 1.5730158232809448 3.5780168046579743 -6.49 1.68 7.63 -2.3533088942796168 0.91838104
Car 0.19 3 1.3705796311285834 0.00 184.80 334.04 309.31 1.4070452604262542 1.6015452586771393 2.865196721755066 -6.44 1.71 9.98 0.797522201554294 0.8251256
Car 0.00 2 -1.605498687424932 98.20 185.86 369.88 280.62 1.4666798937885475 1.6598410413326168 3.475525157652893 -6.40 1.74 12.44 -2.080654739729689 0.98157984
Car 0.00 2 -1.410425485172544 190.61 181.71 392.39 259.98 1.4882442097930622 1.652426145291462 3.7923650090918923 -6.54 1.70 14.93 -1.8232926119064532 0.988632
Car 0.00 2 -1.3467211435225348 273.39 164.91 463.75 242.20 1.5381773657916498 1.6071986772776985 3.8820664306507493 -6.44 1.78 19.42 -1.6669261040958183 0.99984217
Car 0.00 2 -1.3065663139012198 258.17 176.29 422.60 251.00 1.5158170725969982 1.6557449579895878 3.8319547494278337 -6.37 1.77 17.16 -1.6620119756438783 0.8904331
Car 0.00 2 0.7973831454899649 677.52 183.29 770.37 246.67 1.5049727227358531 1.6140697666169548 3.4416335394010926 2.76 1.72 18.35 0.946672794634348 0.9887573
Car 0.00 2 -1.0225914875653128 318.22 166.59 452.41 232.42 1.5541241768567275 1.641962872138753 3.5587172379122163 -6.73 1.72 21.72 -1.3230627394082934 0.999617
Car 0.00 2 0.9129788438465933 357.86 174.58 487.87 223.98 1.5563767481414985 1.6048818894387626 3.7964939345941926 -6.85 1.81 26.54 0.6603903815927169 0.99377054
Car 0.00 1 -1.5304076756027083 641.59 179.10 681.01 210.30 1.4883635643689346 1.6711740226210499 3.786010297142067 2.47 1.78 35.80 -1.4615224269788578 0.9584382
Car 0.00 2 -1.8296567360546927 663.45 178.46 728.46 229.71 1.5568303543894004 1.6595343493582153 3.398789899550476 2.71 1.74 23.77 -1.71613763199988 0.8996245
DontCare -1 -1 1.3948843340065817 488.86 170.18 639.88 211.23 1.4694022726087284 1.6845553212524795 4.154382007323303 -1000 -1000 -1000 2.18028249740403 0.98704404
