Car 0.73 0 -1.3461395362999777 0.00 198.78 130.84 374.00 1.5209321979253005 1.442667185580864 3.5669738521204377 -6.87 1.86 7.12 -2.113669694410367 0.6738014
Car 0.29 3 -1.3691098252919058 0.00 201.89 260.47 331.66 1.5407825823692989 1.5716590427519226 3.431684361897507 -6.58 1.84 9.12 -1.9941142888761014 0.9898638
Van 0.00 2 -1.2483309368279318 48.43 164.80 376.02 299.00 2.2187585695763445 1.9766045907592011 5.059024705381739 -6.21 1.85 11.54 -1.74201389446586 0.99818856
Car 0.00 0 -2.6982498923924307 821.36 176.48 1005.61 251.12 1.448289908823223 1.7137414582730675 3.9948349614963914 6.45 1.53 15.77 -2.310005250122938 0.9590871
Car 0.00 0 -1.6887818882849555 641.78 185.20 699.17 224.93 1.4962231669394683 1.62053544006361 3.4842301478014375 2.24 1.90 27.96 -1.6088381822115776 0.9999999
Car 0.00 2 0.9532683054592948 217.95 194.27 394.09 265.68 1.4745457287697505 1.7498574548126602 4.168319152794876 -6.94 2.02 16.60 0.5572800935566664 0.8669721
Car 0.00 2 -1.7495462457325797 255.10 191.50 417.03 253.16 1.4346358034579467 1.6251806200207615 3.955626735590496 -7.14 2.00 18.92 -2.110400487475819 0.8593331
Car 0.00 2 -1.4752138937499861 333.97 191.15 470.42 238.57 1.4941482882766437 1.6600751832784557 3.843624471813538 -6.80 2.08 23.74 -1.754181035134554 0.8859129
Car 0.00 1 -1.5712846080448966 621.30 186.34 662.57 216.12 1.4899944964616012 1.5972696424187565 3.556865560017624 1.59 2.15 37.78 -1.5292236696000163 0.5990487
DontCare -1 -1 -2.945244268574987 473.98 176.00 613.35 222.22 1.463203441706152 1.6857585900188827 4.288610296450653 -1000 -1000 -1000 -2.1598461051775386 0.70138204
