Car 0.00 0 -1.5174599448826651 571.39 175.03 616.33 216.01 1.4512122649519157 1.6769692220450783 3.6851954033003236 -0.61 1.20 30.29 -1.537595882652672 1.0
Car 0.99 0 1.5745149681486676 0.00 199.11 84.26 375.00 1.5640008043317508 1.5545465715886497 5.0681888033972164 -5.02 1.62 3.69 0.6375892292722747 0.818701
Van 0.23 1 1.648146935799394 0.00 167.63 215.61 298.94 2.1678654211690045 1.9339666688894463 4.554321823471832 -8.31 1.53 11.70 1.0305705904725038 0.8351195
Misc 0.00 0 1.2736730436470847 218.07 132.25 411.53 299.73 1.4945756070135545 1.655425980007782 3.479424851141968 -4.31 1.52 10.91 0.8974408212892251 0.98951495
Van 0.00 1 -1.9908190528538565 329.41 135.11 478.78 261.24 2.2649222384323693 2.028646881327553 5.6998714188278194 -4.32 1.42 15.97 -2.2550035653229825 0.7786369
Car 0.00 2 -2.2619464556362967 200.96 189.83 319.83 249.02 1.5430978428392124 1.665023177182808 4.257760571442642 -8.75 1.46 18.32 -2.7075303763740797 0.79660404
Car 0.00 1 -1.58337853761879 461.88 171.92 519.41 216.73 1.4430788982479286 1.6298656400950098 3.709784062706032 -4.98 1.24 30.95 -1.742915778232615 0.9999999
Car 0.00 1 -1.5787898563456277 500.62 179.91 535.74 205.47 1.4505515772669029 1.654159381306305 3.993280904494324 -5.34 1.14 43.05 -1.7022012931006958 0.99998474
Van 0.00 1 -1.2247983972218375 520.59 161.47 552.97 196.32 2.204098667495451 1.9263721505259706 5.351952640169906 -5.40 0.78 55.39 -1.321981805410749 0.8842547
Car 0.61 3 1.5394954989340643 0.00 188.28 112.81 270.24 1.5388587251125287 1.666823941534891 3.8482469312251593 -11.88 1.54 14.03 0.8368872083185527 0.99170613
DontCare -1 -1 1.0571867982533316 0.00 296.73 28.09 374.00 1.5954269174306106 1.6974583261371994 3.883372927211323 -1000 -1000 -1000 1.84258496165078 0.94783616
