Car 0.00 1 -1.7464226792242865 669.55 179.47 745.33 237.35 1.4572965655295562 1.6945549615384483 3.7489649226293946 2.77 1.76 21.57 -1.618702614392894 0.99999535
Car 0.74 0 1.6826523775842528 0.00 217.53 308.26 374.00 1.5826823677687358 1.7751340412260437 3.9722990115509416 -3.84 1.84 5.39 1.0636324711679714 0.90231764
Car 0.00 0 2.6611127416279654 888.59 162.44 1171.31 243.17 1.5400096237479162 1.625082719391718 4.276222186289825 8.20 1.31 14.45 3.1772726758742658 0.99914765
Car 0.00 2 2.145866529145513 847.54 144.37 1061.75 228.82 1.6422214139072608 1.6636753149987602 4.356025206051864 8.23 1.28 17.60 2.583271027815574 0.81872314
Misc 0.00 1 -1.3587766895678381 364.44 206.30 432.11 241.73 1.4946959711430978 1.5634945177198791 3.884921783708134 -6.35 1.96 21.70 -1.6434553628975124 0.9809465
Car 0.00 1 -1.4206883023169379 400.45 184.28 471.24 234.53 1.5562090616492938 1.6440327160717392 3.700439142190018 -6.19 2.06 25.88 -1.6554585879549628 0.99188846
Car 0.00 1 -1.1338099996235709 227.10 196.04 375.53 280.01 1.4606325667171192 1.2932854436994934 3.464820938311615 -6.21 1.95 14.83 -1.5303713677014028 0.94281214
Car 0.00 0 2.5956610004093985 783.44 162.12 933.08 215.01 1.543706829082818 1.6314799443544292 4.250924395524063 8.03 1.32 23.69 2.9224684017141835 0.98984027
Car 0.00 1 1.7138843248274664 464.39 182.97 509.96 214.99 1.4954407125531148 1.5780487202764892 3.6875476410017396 -6.29 2.07 37.13 1.5460727122484044 0.9999933
Car 0.00 2 1.3616842935469489 1085.49 148.64 1222.72 192.84 1.4746192958025646 1.6441665750653887 3.5804667641744996 22.48 0.79 29.95 2.005559254063897 0.67388296
Car 0.00 2 2.044902936616216 1037.23 150.51 1167.26 186.27 1.463679828104229 1.6324181140126133 3.6206764002666856 22.56 0.59 33.23 2.641330173386092 0.77872676
Van 0.78 3 -1.5998880165305476 1193.81 129.97 1241.00 194.88 2.21358475602468 1.9013629896645976 5.16786242073183 22.44 0.68 23.68 -0.8413697607678366 0.99994993
DontCare -1 -1 0.8852579156544547 510.85 176.65 570.01 208.64 1.440790497121067 1.6117703982354545 3.7065170576200868 -1000 -1000 -1000 1.670656079051903 0.64325565
DontCare -1 -1 -1.323374674716268 601.42 172.12 655.40 197.64 1.4782409187226009 1.6802037873031044 3.9253616427407647 -1000 -1000 -1000 -0.5379765113188197 0.8427279
DontCare -1 -1 2.053604737916265 702.33 163.07 767.96 186.65 1.410103842970581 1.582671064204111 4.320015208922424 -1000 -1000 -1000 2.8390029013137132 0.5165238
