Car 0.93 1 0.2987364093449454 0.00 217.35 167.87 374.00 1.6627041552035522 1.731768555259838 4.148275898896255 -4.94 1.83 4.83 -0.49792023433263166 0.91187507
Car 0.00 0 -1.772174627580915 685.04 188.28 774.85 248.34 1.5127106629131746 1.6185327333123827 3.309236781798401 3.05 1.83 19.33 -1.6156790148777622 0.9999589
Car 0.00 0 2.730537370839391 966.98 164.13 1157.71 240.87 1.4529135007230949 1.6870104067684555 4.163172023497619 11.28 1.57 18.18 3.285866781071495 0.7625616
Car 0.00 2 -1.6727744127300124 671.78 183.71 733.72 231.73 1.5806685950426769 1.677127859807148 3.2756094505415345 3.10 1.89 25.08 -1.5497937178972065 0.9383499
Car 0.00 0 1.6978038112309317 476.84 185.03 526.86 220.60 1.5116609096346807 1.6383783698738956 3.951148288451233 -5.18 2.19 34.79 1.5499963272805237 0.8408099
Car 0.00 2 -2.5761091272023062 852.42 175.97 1000.90 223.46 1.399759695288391 1.5732970603467369 3.8771348317490006 10.68 1.62 24.57 -2.1660710843343733 0.8450598
Car 0.00 2 -2.1130212108280997 910.28 174.99 1072.50 232.64 1.4094578254787635 1.705472513353958 3.7904202361927415 11.18 1.64 21.32 -1.6300523349715383 0.9835616
Car 0.00 1 1.6184839541700224 656.38 178.04 681.66 203.19 1.6259641874401283 1.6107261099578285 3.9207017888651277 4.37 2.18 53.88 1.6994129702273792 0.99905974
Car 0.93 0 -2.446915761628423 947.78 219.76 1241.00 374.00 1.4563558030693244 1.3671018027426147 4.177617685996093 3.52 1.71 3.90 -1.7126858333948944 0.8735552
DontCare -1 -1 -0.24066372314957185 274.10 185.71 373.37 211.23 1.5697954561381053 1.6821670115651035 4.162815021477737 -1000 -1000 -1000 0.5447344402478764 0.61252326
DontCare -1 -1 -1.5124307731774191 527.67 184.41 558.37 211.87 1.4923628106533002 1.6069643267156029 3.9252881576643373 -1000 -1000 -1000 -0.7270326097799709 0.6731222
DontCare -1 -1 2.3671740452435355 576.84 177.30 630.82 197.00 1.4262571487395477 1.5672171928645515 4.046348931394615 -1000 -1000 -1000 3.1525722086409838 0.87546504
