Car 0.88 0 1.521283065029655 0.00 130.34 105.73 374.00 1.5911070335476112 1.6282002546550178 3.7099456210956956 -7.29 1.75 6.30 0.6631656730789526 0.8287259
Cyclist 0.00 0 -1.4339420358326773 378.97 183.35 439.49 289.44 1.7387000546213542 0.5778155827133846 1.6128987772787475 -3.29 1.77 11.77 -1.7065094883176672 0.76178956
Car 0.90 0 1.6078016544368605 1098.85 186.11 1241.00 374.00 1.5259565234935295 1.4776232086779022 3.63476146956543 5.77 1.66 4.84 2.4806295224581327 0.5909582
Car 0.32 3 -1.4897267977383475 898.81 188.32 1241.00 348.59 1.544101361539812 1.6145451900274896 3.7837990691290284 5.51 1.64 7.74 -0.8710679136197867 0.9016002
Car 0.00 2 -1.3764089057829718 858.58 161.46 1200.67 302.79 1.7444583777157974 1.6528770842315101 4.255998509131469 5.67 1.65 10.12 -0.8657099815466669 0.9999865
Car 0.00 1 -1.415916503467832 202.45 182.89 413.59 249.96 1.4134467620222282 1.6092551865340614 3.4742990901098634 -7.23 1.76 17.47 -1.808307204652583 0.9999651
Car 0.00 2 -1.7370240847256522 275.25 183.21 443.61 240.81 1.4480221722094726 1.597568958318367 3.5952025820837403 -6.90 1.80 20.03 -2.0687757984197894 0.99971503
Car 0.00 2 -1.417442069449697 344.52 179.46 450.00 225.28 1.5140816945402336 1.6898312040330314 3.8467464066446806 -7.43 1.77 25.23 -1.703836814590854 0.99599564
Car 0.00 0 -1.7514437745001654 634.10 179.95 701.01 228.51 1.4926096278993797 1.6516730592311764 3.7866783310995484 1.73 1.65 23.34 -1.6774573913463953 0.9804326
Car 0.00 2 1.3345727185395102 414.64 177.21 499.35 210.29 1.5182029100885999 1.7066279344917679 4.21342693468193 -7.33 1.75 34.62 1.1259267327506657 0.71881384
Car 0.00 1 1.7537851939585547 618.62 175.98 652.22 204.42 1.5406096301792573 1.6506551739485407 4.03261570831398 1.28 1.62 38.38 1.7871235407060788 0.8136614
Van 0.00 2 1.4950064430621008 600.00 165.17 617.62 186.05 2.1953890044358886 1.8388671526765061 4.620742140167999 -0.14 1.51 84.39 1.4933474802517448 0.6562367
DontCare -1 -1 1.2301360527661185 0.00 209.64 96.03 373.00 1.5653233308164787 1.5807637267471695 3.8592123533702503 -1000 -1000 -1000 2.0155342161635668 0.8281052
DontCare -1 -1 2.21765656868485 504.39 163.07 597.19 197.00 1.4983346335409593 1.5888050527037525 4.074938671790161 -1000 -1000 -1000 3.0030547320822985 0.99468106
