Car 0.70 0 -1.5979000656541924 0.00 212.25 302.67 374.00 1.499939393606634 1.5792714946628952 4.123891906939544 -3.87 1.85 5.62 -2.2009421855910327 0.7193917
Car 0.00 1 -1.2062368849900107 224.18 198.78 440.30 327.02 1.4338810894458007 1.6378309608162784 3.420741783581772 -3.75 1.82 10.35 -1.5538437447459126 0.5368019
Car 0.68 0 -2.2739868322995047 820.26 184.01 1241.00 374.00 1.735720321890564 1.7290556200505638 3.972480924926796 3.01 1.56 5.33 -1.7599065308484847 0.9990619
Car 0.00 1 -2.7574067870762686 741.52 175.35 918.31 294.45 1.6504985842673492 1.5755780630470657 3.913279404990473 3.03 1.53 10.77 -2.483158671279847 0.9999088
Car 0.00 2 -1.9992380003121237 1019.96 138.76 1234.29 226.25 1.576162703689785 1.6131980561376953 3.592737006150284 12.74 1.28 18.07 -1.3851401797228444 0.9978861
Car 0.00 0 -1.7555069933321814 645.17 176.99 697.10 213.14 1.5132670331566047 1.6091502674580955 3.7253540774212266 2.65 1.72 32.28 -1.6735964984957281 0.99965787
Car 0.00 0 -1.7016250352051596 589.64 180.41 628.88 202.77 1.4908962867973756 1.6289525341899538 3.5093674232588197 -0.11 1.89 47.13 -1.70395900083771 0.9997713
Car 0.00 1 2.0209103981640677 549.55 177.53 593.30 196.41 1.4975406922219705 1.6210647945017957 3.725876437626877 -3.31 1.98 62.08 1.9676425383375042 0.9110442
Cyclist 0.00 0 1.8814535299923758 484.85 178.39 498.47 203.59 1.7578197284955834 0.6265480087309074 1.8503938122118377 -7.90 2.02 48.05 1.7184993122556966 0.98617065
DontCare -1 -1 2.171626583733831 702.98 168.24 740.15 187.29 1.461305048671217 1.6375438880832338 3.7378939410076524 -1000 -1000 -1000 2.957024747131279 0.8439301
