Car 0.04 1 1.1042654971268515 774.42 193.55 1075.10 374.00 1.4714220505027484 1.6658890017033958 3.9510233645663644 2.96 1.73 7.73 1.4699647895556074 0.9956839
Van 0.00 1 1.4869579012182097 672.35 125.80 796.66 249.43 2.2237812276115037 1.9309884967362119 4.983672698789882 2.86 1.63 18.45 1.6407474335417258 0.5087085
Car 0.00 0 -2.9858182231572012 235.89 176.22 400.44 246.65 1.5249485828733456 1.6794539087177658 4.047559471927681 -6.94 1.68 17.25 -3.368322000988891 0.74265295
Car 0.00 2 -0.5485292235997061 290.47 174.23 458.77 239.59 1.5204693096509587 1.7098605253459358 4.049534740053215 -6.43 1.75 19.87 -0.861497447768396 0.7478648
Car 0.00 2 2.3807854811337332 319.78 176.60 475.95 230.02 1.5142999364814174 1.6552437276305103 4.083064513407745 -6.45 1.67 22.16 2.0975459742013394 0.5732993
Car 0.00 2 0.8313127319004874 448.79 179.83 538.54 210.67 1.5187690887885552 1.6392590191872263 3.869693893134692 -5.96 1.88 37.12 0.6721111594641829 0.9745281
Van 0.00 2 -1.1725380281594138 433.88 154.47 545.61 208.80 2.3057464878191567 1.9492048943494988 5.527525154703903 -6.58 1.91 39.74 -1.3366255681060288 0.5102721
Car 0.00 2 1.7258491526034216 644.54 181.54 684.39 212.33 1.4821632023720455 1.6208793234737062 3.8932511714623357 2.61 1.85 35.73 1.7987674984009163 0.6178032
DontCare -1 -1 2.407559589543615 547.73 170.83 635.35 197.00 1.4676637168793392 1.6400603384436512 3.846803466916182 -1000 -1000 -1000 3.192957752941063 0.9824011
DontCare -1 -1 2.2812261144307 0.00 173.42 19.70 297.27 1.5504555910645437 1.7130926542641067 3.6173933168278123 -1000 -1000 -1000 3.066624277828148 0.75137365
