Car 0.99 0 -1.2019989351418356 1011.70 167.57 1241.00 374.00 1.4353831711976242 1.625475703990593 3.424028473101654 3.36 1.42 2.71 -0.3099232690678463 0.98499006
Car 0.40 0 2.2693541208889823 0.00 202.03 282.70 374.00 1.5542089383868885 1.6499328457476043 4.161994354926147 -5.61 1.89 8.20 1.66934762715668 0.99835473
Car 0.00 1 -1.9335152069714407 775.55 173.67 1077.61 338.83 1.5225266319519293 1.6124978915513897 4.4769300987348934 3.26 1.50 8.44 -1.5649130294173856 0.93326813
Car 0.00 0 1.8148591677334647 389.61 175.94 471.00 229.30 1.5246462643897545 1.655906661665573 3.787010761104622 -5.70 1.68 23.14 1.5733406984094256 0.9998286
Car 0.00 1 -1.7454031715777258 694.19 170.05 800.44 242.61 1.5376084860233974 1.590182955628767 3.163633959494629 3.06 1.48 16.97 -1.5670020282514974 1.0
Car 0.00 2 -1.692288720109735 678.15 169.44 753.21 223.31 1.488864843156786 1.6995719291926765 3.0217350890264894 3.16 1.46 22.42 -1.5522654921693892 0.99999774
Car 0.00 2 -1.6749435300615172 438.72 176.73 492.51 216.98 1.4870466630725574 1.6609162346185589 3.4987336268053437 -5.60 1.63 28.15 -1.8713141500584776 0.9287482
Pedestrian 0.00 2 1.8198525766518454 725.76 153.76 741.76 200.84 1.6799066825214577 0.5784564445999336 0.8730192841747904 5.14 1.17 30.57 1.9864331580517742 0.99958795
Pedestrian 0.00 2 2.274570004143987 744.45 154.29 756.78 201.41 1.756880088188107 0.7559740524080467 1.1982141850302124 5.77 1.18 30.16 2.463598894563675 0.86148024
DontCare -1 -1 0.8316525379803519 153.13 174.71 280.86 198.29 1.4439710754720878 1.6412575796903515 3.8698573625982786 -1000 -1000 -1000 1.6170507013778002 0.94798595
DontCare -1 -1 1.2616252462056021 794.98 152.10 881.48 188.60 1.4657158594398212 1.6096691668690586 3.8736903473139788 -1000 -1000 -1000 2.0470234096030504 0.74260914
