Car 0.00 0 -1.5510734329607825 570.93 179.11 604.05 209.29 1.4889473806886386 1.6629383296431446 3.3108100463972474 -1.16 1.27 40.43 -1.5797571294937922 0.9999999
Car 1.00 0 1.5767964362774531 0.00 224.09 220.19 375.00 1.5293424677854788 1.6231497370363617 4.058132710062065 -3.36 1.65 2.54 0.6532998704698614 0.70507216
Car 0.00 0 1.7053570310261588 27.18 190.22 263.24 292.67 1.4514663372008514 1.543128705835476 3.6622705479488755 -7.82 1.57 12.59 1.1495470089781124 0.75701094
Car 0.00 1 -1.0764293233540396 231.33 189.02 342.31 245.53 1.5483876935957384 1.5742870264412308 3.0770292451010133 -8.74 1.50 19.79 -1.4923070105987717 0.99999964
Car 0.00 0 -1.4300156841662268 343.16 188.77 461.06 254.59 1.4799425754515838 1.6297928143949652 3.6102070083246613 -5.02 1.50 18.05 -1.701276820208585 0.99999857
Van 0.00 0 -1.3773569474604468 461.03 151.31 526.95 220.66 2.264267973147831 1.9416272105728818 5.42960563098793 -4.89 1.38 31.60 -1.5308860131341078 0.99135524
Car 0.00 1 -2.529632524647985 507.88 183.39 540.54 209.01 1.478289060649128 1.6918250613571548 3.59313737054924 -4.92 1.32 42.53 -2.644803630922024 0.8593766
Car 0.28 3 -1.6264986331251006 0.00 181.94 152.98 262.34 1.615654982980938 1.695897205984726 4.002201380334892 -12.81 1.57 16.77 -2.278813844055361 0.99995875
Car 0.00 1 -1.4188532392170767 259.57 181.53 346.06 226.54 1.567408390697689 1.694966241037979 3.9186414313838864 -11.61 1.46 27.55 -1.8176839612840958 0.9952656
DontCare -1 -1 0.9664489467951913 357.26 175.22 456.44 184.56 1.543083260190339 1.6360420745523119 4.6981111337767025 -1000 -1000 -1000 1.7518471101926396 0.83807886
DontCare -1 -1 1.3456731299546103 540.82 173.93 567.61 194.26 1.495942799728961 1.622883907771244 3.7524186839685822 -1000 -1000 -1000 2.1310712933520586 0.69841605
