Cyclist 0.25 0 -1.9814706603672843 137.31 156.93 341.11 373.00 1.7725547249783133 0.5771773287265491 1.803796344476428 -2.47 1.53 5.08 -2.4340340044082343 0.89690125
Pedestrian 0.00 0 2.5686423937466483 846.75 142.72 896.92 271.67 1.7247715773436976 0.5970256681826782 1.0180251864502334 3.73 1.22 10.35 2.9145400651743483 0.8760777
Pedestrian 0.00 0 -1.6532039950278143 573.01 158.05 613.07 250.63 1.7221253080669594 0.6928504350867939 0.8981770170638466 -0.37 1.32 14.33 -1.6790182176524426 0.9603078
Pedestrian 0.00 2 1.0482470552113394 411.69 160.69 446.02 253.21 1.6851875422898484 0.6947376820531559 0.5983215091535949 -3.43 1.34 13.83 0.805140730322083 0.79160154
Pedestrian 0.00 0 1.7592220167305808 513.27 158.01 543.31 241.25 1.7107261246446324 0.6472695506450605 0.3557576654264831 -1.75 1.31 16.16 1.651350303672693 0.91143686
Pedestrian 0.00 2 1.5015773634102683 737.35 144.74 770.78 237.54 1.7319937454912615 0.6075818109598827 0.669607576520195 3.01 1.13 15.12 1.698082451545379 0.83154684
Cyclist 0.00 1 1.5062525207784514 533.12 164.55 560.37 227.26 1.735566244496063 0.577951637765665 1.6079309536541366 -1.55 1.23 20.34 1.4301949956690667 0.9606601
Pedestrian 0.00 0 1.6265168311682086 553.79 160.22 569.03 208.52 1.8276959075037194 0.7460270206716728 0.9394106460521126 -1.49 1.01 27.43 1.572250076203171 0.8172284
DontCare -1 -1 -1.1173526803639273 649.13 158.77 686.82 188.08 1.5009108394204091 1.6285447061718845 3.811520809434452 -1000 -1000 -1000 -0.33195451696647904 0.97406775
DontCare -1 -1 1.750367716946874 455.69 178.76 506.27 238.37 1.5154246998770546 1.5681966983438873 4.0167442431078335 -1000 -1000 -1000 2.5357658803443224 0.8807635
DontCare -1 -1 -1.870240286984716 493.73 163.29 503.69 172.61 1.4813461903302383 1.6233282827497864 3.9987365325317765 -1000 -1000 -1000 -1.0848421235872676 0.5507062
