Car 0.99 0 1.18641392985848 945.13 177.69 1241.00 374.00 1.6029288250772666 1.5923739329637432 3.2944351007566834 3.05 1.57 2.76 2.021684644699603 0.9519442
Car 0.62 1 -0.9196178476002554 0.00 199.64 230.34 374.00 1.511842957120986 1.579984232103958 3.636947082482376 -5.83 1.97 7.48 -1.5816783100979799 0.7310241
Car 0.00 0 2.0038567344334464 330.46 186.13 442.08 254.34 1.4510320875613403 1.679286494171753 3.7518927102313424 -5.67 1.90 18.63 1.7084158972897263 0.9999852
Car 0.00 2 1.516989086815391 400.85 186.02 477.97 233.93 1.5945100862352561 1.6415715099038029 3.307460086546936 -5.61 1.88 24.00 1.2873620371971886 0.92375296
Car 0.00 2 -1.3141962746765952 443.01 183.76 497.49 222.72 1.4943262956856203 1.66559448770298 3.4669645895586396 -5.56 1.88 28.90 -1.5042615646485469 0.6547528
Car 0.00 2 -1.5500569316234927 471.31 182.89 518.51 214.39 1.514948285073639 1.6709179871441269 3.9122968224213506 -5.52 1.90 34.82 -1.7072781496653162 0.9997465
Car 0.00 1 2.527791098752294 782.77 154.41 889.68 195.34 1.5029573947010946 1.668178382581606 4.160085277758636 9.45 0.91 30.42 2.8289904807745856 0.99629277
Car 0.00 2 1.415804878869329 756.29 156.10 835.90 191.90 1.5621208216814708 1.5706362643004799 3.923881577454605 9.03 0.90 35.29 1.6663098190496273 0.948618
Car 0.05 0 -1.2401845912125449 1107.58 133.23 1241.00 173.32 1.5204228333948564 1.6044436872662449 3.813610294960537 23.15 -0.01 29.57 -0.5759651987489136 0.99976593
Car 0.00 2 2.352006630101476 1065.54 135.26 1196.74 175.01 1.55553513055727 1.7314730726839447 3.7392261569724465 23.20 0.07 32.27 2.9753272696682087 0.73921955
Car 0.00 2 1.7972963909294943 1036.70 140.17 1164.17 173.82 1.4521120268671226 1.620401737532153 3.6757982095108415 23.84 0.01 35.23 2.392210275188391 0.7248353
Car 0.00 2 0.980782882371221 1011.22 141.36 1128.71 173.61 1.4803960177867126 1.6538207598687553 3.9763095175252343 23.80 0.01 37.48 1.5465447149007545 0.96458864
Car 0.00 1 1.6899248073485236 501.92 180.86 540.94 206.64 1.4905708864150953 1.5868532837094211 3.9091114831493283 -5.20 1.91 42.55 1.5683186484708436 0.9994703
Car 0.00 2 -1.2617553631451468 665.64 171.65 705.02 202.59 1.5159328583447647 1.6168552295030498 3.801426665984192 3.74 1.44 36.62 -1.159978263759469 0.99614775
DontCare -1 -1 -1.3851119885828833 547.08 174.71 578.42 196.35 1.5321285448788118 1.5806993984342956 3.7762440015898133 -1000 -1000 -1000 -0.599713825185435 0.7909811
DontCare -1 -1 -1.2386835376408438 616.94 168.24 659.28 197.00 1.4711389135389041 1.6332335018278503 3.8238210921512032 -1000 -1000 -1000 -0.45328537424339554 0.9842407
DontCare -1 -1 1.8961761454727988 733.38 172.77 752.43 188.59 1.4710068668989849 1.581395640289917 4.004548641048469 -1000 -1000 -1000 2.681574308870247 0.92025083
