Car 0.92 0 -0.6375301639225821 0.00 196.69 322.31 369.00 1.7005992386309814 1.3640520118833923 3.678408311806717 -3.21 1.65 3.84 -1.3338033583306057 0.99496573
Pedestrian 0.00 0 -1.0198612372067313 806.45 145.86 878.09 281.52 1.7574377632144642 0.6905459854093265 0.5596922753164673 3.36 1.37 9.94 -0.6938912985670855 0.89575905
Pedestrian 0.00 0 -1.6016675877061228 468.98 155.21 540.28 297.49 1.7600642591159594 0.6533268763956499 0.6816915241787338 -1.36 1.45 9.05 -1.750827688756206 0.56802684
Pedestrian 0.00 0 0.5854153196003775 472.84 148.11 538.25 306.50 1.7311993850771141 0.6801283079472256 0.8478685492435598 -1.09 1.44 8.39 0.4562223625063502 0.5818984
Cyclist 0.00 2 1.7844812432911734 982.04 146.35 1017.14 213.50 1.6832413371075248 0.5886145361869526 1.6482243044699096 10.62 0.84 19.08 2.2923803880248435 0.64546335
Pedestrian 0.00 2 -0.9233209649708609 90.71 174.52 132.39 274.27 1.934221783131714 0.47919251576931 0.5847822246858978 -8.53 1.62 12.53 -1.5210213431745179 0.7593336
Pedestrian 0.00 2 -2.485081092515264 81.95 182.13 120.49 280.57 1.7461018985513401 0.6137334759619903 0.6000203309366607 -8.65 1.66 11.96 -3.1112374169425574 0.9241809
Cyclist 0.00 0 -0.8999036709454398 522.62 157.99 640.85 271.60 1.687806095497713 0.5574837827294064 1.7919800812775755 -0.41 1.36 11.19 -0.9365271450737923 0.9842664
Car 0.00 0 1.6642874563720564 450.08 168.11 483.40 192.29 1.6674670729605865 1.7658334814669037 4.124671267472305 -8.75 0.70 45.04 1.4724058393579966 0.9998355
DontCare -1 -1 -1.1478694836285452 642.42 156.45 686.04 172.66 1.4466028887598228 1.6688128479482078 3.8473478845656897 -1000 -1000 -1000 -0.36247132023109696 0.80329514
DontCare -1 -1 -1.5411223574217896 753.98 149.44 767.64 180.95 1.4999814875243616 1.655097252941265 3.8840520383195067 -1000 -1000 -1000 -0.7557241940243413 0.9407868
DontCare -1 -1 1.9888425628331046 1164.50 144.97 1221.97 184.77 1.5255748311808717 1.6193153255344772 3.665864052377739 -1000 -1000 -1000 2.774240726230553 0.8541776
