Cyclist 0.11 0 -1.368939415612493 183.69 189.18 337.97 374.00 1.7898197281528567 0.46342440854599 1.432437758001175 -3.11 1.75 6.50 -1.815208265409053 0.92346203
Car 0.68 3 -1.8573309640076499 1013.29 147.46 1241.00 374.00 1.6286704692809295 1.6537895680130863 3.0486870576963807 5.77 1.58 6.12 -1.101360803972008 0.99999964
Car 0.00 1 -1.81867511669663 95.06 184.02 373.12 270.77 1.483241446670742 1.6742565178038025 3.1205127408132936 -7.03 1.73 13.70 -2.2927783423548287 0.99995613
Car 0.00 2 -1.8412385443833212 207.57 183.26 419.31 254.74 1.42096059804842 1.5698212452889824 2.658468501769104 -6.62 1.74 16.27 -2.2276651398856573 0.9999529
Car 0.00 2 1.4242941300061087 310.02 179.10 435.73 233.16 1.5551061037747573 1.7338680916191482 4.01954020758728 -7.04 1.73 21.46 1.107304110915504 0.99547887
Car 0.00 0 -1.813056961694036 650.94 177.73 733.60 237.06 1.515091514569373 1.648482240057125 3.748252214990654 2.06 1.56 19.46 -1.7075915674601212 0.8786853
Car 0.00 2 -1.4520179192211966 399.14 178.88 494.82 216.07 1.512632869538517 1.6017834015847587 4.098985957108535 -6.96 1.79 30.84 -1.6739803896212133 0.80563974
Car 0.00 1 1.8313333253052573 630.14 172.92 668.01 204.75 1.5307413976459217 1.6393223453970098 3.9461592157707597 1.79 1.46 34.48 1.8832009161214134 0.8949222
Van 0.00 2 1.683789343633924 610.61 161.80 629.39 183.72 2.2136223926325655 1.8345703059887124 4.974349347704696 1.08 1.19 80.55 1.6971963615097572 0.96069914
DontCare -1 -1 1.0456040064480643 500.50 165.01 606.88 195.71 1.484879661705942 1.6811510578454876 3.859268107461841 -1000 -1000 -1000 1.8310021698455126 0.6424223
