Car 0.90 3 1.2771983007576804 1176.80 152.25 1241.00 304.64 1.5958975482551765 1.6365872167707824 3.5839367081747437 8.29 1.34 7.44 2.1165808327362003 0.798062
Car 0.00 0 1.964388714232717 113.62 199.73 357.75 316.21 1.4902130368916702 1.7831466489197159 4.115713553629913 -5.75 1.92 11.64 1.5055636651584599 0.99999416
Car 0.53 0 -2.1681975285199027 845.69 184.00 1241.00 374.00 1.4962439894495916 1.5723818980814361 3.3254706432447816 3.27 1.58 5.71 -1.648108907483659 0.9973463
Car 0.00 1 -1.97519709269074 743.50 177.64 925.37 301.01 1.5798148106603336 1.5839941234053516 3.8297595885918523 3.22 1.66 11.31 -1.6978319036857894 0.9994011
Car 0.00 1 1.9562919000771384 313.35 191.11 425.46 262.74 1.5381677061139059 1.6747620993019485 3.747208261989155 -5.71 1.96 17.41 1.6393738934943536 0.9995672
Car 0.00 1 1.3508481393244605 690.67 180.99 773.34 236.34 1.4418609890906524 1.5080509328009033 3.657153161369362 3.42 1.70 21.05 1.5119111163774674 0.99957806
Car 0.00 1 1.865100191035543 420.98 186.09 494.89 231.09 1.4754429351358127 1.6849138133884811 4.005411433182754 -5.54 2.00 26.60 1.6597648528890903 0.9999901
Car 0.00 2 1.5833880082380514 669.93 181.87 734.25 224.97 1.5531237613229465 1.7211157747270012 3.434531973801651 3.31 1.81 26.86 1.7060014031890545 0.6793762
Car 0.00 1 1.6524861762907843 492.51 180.06 528.92 208.70 1.4941142000077676 1.6183251284719848 3.72059312661747 -5.70 1.99 41.59 1.516282554760801 0.99981636
Car 0.00 1 -1.6474036509778838 653.84 177.61 697.61 210.39 1.4839191552071285 1.5976107262731933 4.033445255957641 3.14 1.76 35.39 -1.5589097517768842 0.8780708
Car 0.00 0 -2.0924872318890433 543.03 175.08 590.63 192.10 1.5666243549256038 1.6345424012006664 3.8936233465896035 -3.97 1.73 65.73 -2.1528125480457567 0.8958297
DontCare -1 -1 -1.5901623825219016 0.00 188.94 77.27 251.98 1.5214980732469272 1.647563816300168 3.756509656213322 -1000 -1000 -1000 -0.8047642191244533 0.9993119
DontCare -1 -1 -3.0247727195408682 259.22 174.71 354.60 198.94 1.4200067821709823 1.6054881208301925 3.679183842741051 -1000 -1000 -1000 -2.23937455614342 0.90523857
DontCare -1 -1 1.255960033335958 675.16 148.19 755.67 176.30 1.4826383072702598 1.636247318489983 3.905243171505728 -1000 -1000 -1000 2.0413581967334062 0.9561453
DontCare -1 -1 -1.5959019559111933 230.76 175.36 240.76 184.06 1.4739721458224964 1.5923619896830463 3.9013953042552854 -1000 -1000 -1000 -0.810503792513745 0.8659198
