Pedestrian 0.00 0 1.8380105654385428 453.31 161.41 468.64 199.60 1.7762102982405377 0.6127915735629272 0.5338416514704132 -7.30 1.31 35.67 1.6361442570290499 0.9581426
Car 0.00 1 1.441566870608602 409.82 154.03 466.82 197.37 1.5822213705448818 1.6926524259807014 3.8030989972279454 -9.36 1.28 39.00 1.2060218898877386 0.99999404
Car 0.00 1 -1.8462501923230032 450.25 163.36 506.48 195.59 1.4902571890322875 1.6622657396556282 3.5835638811216737 -7.59 1.26 41.20 -2.0284308581607746 0.99999917
Car 0.00 1 -2.0905680815365653 499.34 163.59 565.43 191.46 1.452876232918949 1.6533500210107708 3.771970341108837 -4.66 1.06 42.42 -2.199983195906954 0.9948849
Van 0.00 1 1.421685622134481 649.83 153.45 714.72 188.70 2.3049342031707383 1.9047003282313777 4.971759972924041 4.54 0.99 46.19 1.519660596457784 0.97386533
Car 0.00 2 1.5413765730944018 683.57 161.64 732.00 185.38 1.5160129371850204 1.681063778019085 3.8741440941915894 6.50 0.83 48.39 1.674902592461645 0.85970247
Car 0.00 1 -1.384281844892774 723.89 159.22 776.45 184.46 1.5319788720278453 1.6357388806255007 3.5068077911959077 9.73 0.80 50.36 -1.1934246387017144 0.9865644
Car 0.00 1 2.289556876817022 752.41 164.77 811.96 184.72 1.4705762941209983 1.6565675318898105 3.9193924052045728 12.91 0.88 54.37 2.5226866218586315 0.92572
Car 0.00 1 2.0144856135037283 789.20 164.45 833.31 184.56 1.5697621930210304 1.6157986142398262 4.006008478008308 15.24 0.88 54.78 2.2858278546936637 0.56018716
Car 0.00 1 -1.8043036619809012 811.24 165.78 860.37 184.75 1.611299746093006 1.6737145998240852 3.4797989596949006 17.32 0.91 55.51 -1.5018599278052274 0.9873956
Car 0.00 1 1.087445274987493 832.82 162.98 890.40 182.80 1.5353338479815435 1.6666754253865623 3.7630170231089974 19.58 0.76 56.36 1.421810446985408 0.9989489
Van 0.00 3 -2.498021320500646 876.49 153.59 937.76 181.19 2.1434065732290364 1.862947291330023 5.0520131549031015 24.48 0.67 59.58 -2.108174270576686 0.9919848
Car 0.00 1 1.5639603757907192 902.07 161.52 956.53 180.22 1.500848565605135 1.645192445507779 3.716357873879471 26.90 0.60 60.89 1.979957775355895 0.8467732
Car 0.00 2 1.585948932976697 927.63 162.46 975.41 179.60 1.5026064611791086 1.6923884072066688 3.97623457213501 29.39 0.56 62.17 2.027548466330172 0.9783943
DontCare -1 -1 1.329655305543218 593.01 155.95 616.59 167.24 1.4618261348275852 1.6203511518151903 3.8493021029383923 -1000 -1000 -1000 2.1150534689406664 0.6202486
DontCare -1 -1 1.068119661011968 307.09 153.36 405.71 164.65 1.3907439116208267 1.6115538210333729 3.9775670712218667 -1000 -1000 -1000 1.8535178244094164 0.8732832
DontCare -1 -1 -0.3886027773234506 983.07 132.02 1197.48 178.24 1.4598907533852767 1.6874599449993515 4.416938023768463 -1000 -1000 -1000 0.39679538607399767 0.93821114
DontCare -1 -1 -1.2156158546593527 1221.80 145.60 1240.00 166.59 1.4257191497652244 1.6156181239248657 3.048852281771698 -1000 -1000 -1000 -0.43021769126190446 0.99922776
