Pedestrian 0.00 0 1.5607954553004841 310.84 161.18 331.17 205.74 1.7847554380450201 0.6771866734412384 0.7086749790022278 -12.13 1.38 30.63 1.183727427752073 0.55118984
Car 0.00 1 1.3805014053967337 280.18 153.25 345.69 203.55 1.6224537197320175 1.6354426269145155 3.784785950683155 -14.02 1.38 33.86 0.9879352096105322 0.8206192
Car 0.00 1 -1.811741099753652 328.95 164.12 393.76 200.86 1.5164896192780148 1.6498646487207556 3.743914323054352 -12.59 1.36 36.32 -2.1454203355504173 0.99999964
Car 0.00 0 -1.9332258264210562 386.87 164.82 461.60 196.17 1.5044694211153697 1.7018564783693695 3.833985515065589 -9.85 1.18 37.88 -2.187623557831068 0.9999485
Van 0.00 1 -1.6703911955144743 556.45 155.58 626.35 193.74 2.2258553202380753 1.8711570041333867 4.868057517164993 -1.18 1.20 42.78 -1.6979671861713166 0.64542234
Car 0.00 2 -1.5476345951345305 593.15 163.68 645.23 189.11 1.493852602672429 1.6272389919222736 3.7232713421211625 0.52 1.00 45.24 -1.5361408484195 0.82563144
Car 0.00 1 1.5564686647292714 635.16 161.09 690.07 187.73 1.501400892045946 1.6991760127903366 3.76149592002491 3.42 0.97 47.58 1.6282241983079473 0.959415
Car 0.00 1 2.404006795087133 665.30 166.64 725.50 187.40 1.4801639694540214 1.6283004407496595 4.073161604009666 6.10 1.04 52.02 2.5207363039437105 0.9233259
Car 0.00 1 -2.0179730812695365 703.30 166.67 747.33 187.55 1.4771173674432945 1.6541684374870205 3.908883502833643 8.38 1.06 52.71 -1.8603094784559866 0.7548975
Car 0.00 1 -1.5159843797471861 724.62 167.39 774.73 187.09 1.5350883364497137 1.664893868631258 3.5820712616072083 10.30 1.04 53.45 -1.3256144654245712 0.61323863
Car 0.00 1 0.7313160459187369 745.85 165.63 803.68 185.91 1.5226065580552828 1.6566359654725933 3.8110118267462636 12.43 0.98 54.75 0.9545636966824442 0.8501084
Van 0.00 3 -1.5646684361298124 787.67 155.60 847.65 183.56 2.122248589538536 1.8140062639569474 4.994189536029148 16.83 0.85 58.62 -1.285084994046185 0.99342644
Car 0.00 1 1.7214581529286246 814.10 164.26 867.00 183.06 1.486378915962429 1.6336519972146892 3.742966534696617 19.20 0.83 60.22 2.0301002817638865 0.8323993
Car 0.00 2 1.101933435597692 835.53 163.46 881.37 180.63 1.5538691844610881 1.5602284961105728 3.6668832321987535 21.31 0.65 61.99 1.4330430374518397 0.6049965
DontCare -1 -1 -1.870983169474874 497.92 159.18 522.15 171.76 1.3823375258414459 1.6398166001500034 3.828919708855548 -1000 -1000 -1000 -1.0855850060774257 0.7832874
DontCare -1 -1 -0.5527995387699942 168.01 154.01 272.45 176.30 1.3091940883366775 1.6755965792299652 3.7402828132138635 -1000 -1000 -1000 0.23259862462745406 0.72927153
DontCare -1 -1 -0.3258524696019034 885.40 151.42 967.20 179.53 1.5952907804219436 1.6642644361318493 4.2448989619837185 -1000 -1000 -1000 0.4595456937955449 0.8488799
DontCare -1 -1 -1.403975592055593 1138.30 150.78 1173.52 175.01 1.4779673185019206 1.6345053792656803 4.711463706694641 -1000 -1000 -1000 -0.6185774286581447 0.98718727
DontCare -1 -1 0.9724213043835501 1176.50 155.30 1240.00 164.65 1.498262923565359 1.6488353249342584 3.832901222758093 -1000 -1000 -1000 1.7578194677809984 0.90340006
DontCare -1 -1 -1.496782668926988 1077.30 152.10 1111.72 164.64 1.4776709940104198 1.515882774508133 3.844232257582345 -1000 -1000 -1000 -0.7113845055295398 0.8756267
