Car 0.95 1 1.3869737396624426 0.00 224.12 114.25 374.00 1.4682655561535072 1.5575062104226494 3.5024062564001466 -5.90 1.91 5.30 0.5480553078056791 0.9898018
Car 0.70 3 2.159476892152105 1104.34 150.47 1241.00 297.01 1.3844852302043151 1.3921218060614013 3.3715249468908692 8.24 1.32 8.57 2.9252464048845077 0.9957728
Car 0.00 0 1.994549767174993 164.21 198.18 376.25 302.21 1.5177641817188274 1.8246398412348175 4.149328367911377 -5.75 1.93 12.73 1.5702922186571626 1.0
Car 0.14 0 1.3354205350067954 814.44 183.36 1214.89 374.00 1.516006740164609 1.5897643298567676 3.4506629874334718 3.27 1.59 6.85 1.7808026446386223 0.5931288
Car 0.00 1 -1.9510651091721396 733.07 177.24 891.10 287.19 1.546505185198636 1.5958289273740196 3.9168739338741685 3.22 1.66 12.44 -1.6977816162165782 0.99126536
Car 0.00 1 2.0435758093979697 333.37 190.80 435.78 257.63 1.5429778866289567 1.6531125076772117 4.056691588960685 -5.70 1.98 18.52 1.7450009937627633 0.9999974
Car 0.00 1 1.522035447010074 687.30 180.77 764.58 232.99 1.5103596322058153 1.6290114049525404 3.6622700711117173 3.43 1.71 22.19 1.6753958442591863 0.9987204
Car 0.00 1 1.8219033638623099 429.21 186.10 498.93 229.13 1.5088290128676605 1.6965741657377624 4.092140527568855 -5.55 2.02 27.72 1.6242996874701685 0.9999994
Car 0.00 2 -2.0685349265721182 667.45 181.64 728.63 222.87 1.5980063084332656 1.5728371583582306 3.3421107699499513 3.30 1.81 27.96 -1.9510526760465272 0.9099312
Car 0.00 1 1.6074471297350268 495.95 180.82 531.18 208.70 1.4854956012038898 1.6397493884624386 3.641926573716202 -5.69 2.04 42.71 1.47500295446139 0.9999994
Car 0.00 1 1.543049200498734 652.37 178.45 694.57 210.18 1.4973435349582147 1.637645977801218 3.5425338019953156 3.13 1.81 36.51 1.6285700312951126 0.98907065
Car 0.00 0 -1.7842410812762122 550.92 174.87 595.85 191.68 1.4968567251978826 1.6447806649567032 4.173383342228927 -3.43 1.72 66.71 -1.835612422836883 0.9980895
DontCare -1 -1 1.1856723288681845 671.28 151.42 713.62 172.41 1.4452464286057662 1.6183629401685142 3.9227057342753793 -1000 -1000 -1000 1.9710704922656328 0.5025409
DontCare -1 -1 -1.4164153496411185 0.00 186.35 101.85 222.22 1.3939202878443908 1.6845068999291801 4.025625797115364 -1000 -1000 -1000 -0.6310171862436702 0.5396348
DontCare -1 -1 -2.6846520463612418 283.15 180.53 358.48 197.64 1.4702810089854907 1.6000680246116066 3.8153872845099355 -1000 -1000 -1000 -1.8992538829637935 0.5913675
