Car 0.80 0 0.8611734072354178 0.00 178.95 143.67 374.00 1.5892588127224159 1.5840098702074432 3.8552668161095167 -6.11 1.66 5.90 0.058291596701438686 0.99551195
Car 0.42 3 1.6936537409808974 0.00 166.64 275.58 329.70 1.4744387198059272 1.7146351777674103 3.773867743216553 -6.55 1.69 8.53 1.0388085028783824 0.98262364
Car 0.00 2 1.7312078485873084 47.76 180.46 302.82 291.46 1.4672931324510288 1.4925228797556305 3.564738707743683 -6.70 1.72 11.26 1.1944532533741783 0.9828541
Car 0.00 1 0.21974904934433503 212.27 174.36 422.35 249.04 1.455847882088871 1.670637625521555 4.094720127187767 -6.53 1.63 16.20 -0.1634151994596051 0.99563676
Car 0.00 1 -1.7690736959364752 317.02 164.54 466.82 233.35 1.5614327791897964 1.621400966560974 4.172178464137115 -6.32 1.69 21.03 -2.0610102949662 0.9999269
Car 0.00 0 -1.7155739376929144 683.50 182.80 776.34 250.03 1.4851262535719585 1.669363401150837 3.464567320548096 2.79 1.71 17.71 -1.5593200279879296 0.9999865
Car 0.54 0 -1.9851631681111197 817.84 191.98 1241.00 374.00 1.5490959681390237 1.3994660370708847 3.02884413500885 2.94 1.73 5.59 -1.5009802025638093 0.99998343
Car 0.00 1 1.7425501654532294 656.36 173.83 709.98 219.15 1.4685282748012256 1.4824838482500458 3.0687320401297 2.79 1.72 28.54 1.839998064455742 0.9889712
Car 0.00 2 -0.9217170039799552 388.19 177.31 505.09 219.77 1.4943790681479883 1.6699978516162777 3.9077312519178773 -6.47 1.80 28.74 -1.1431473566788497 0.53903574
DontCare -1 -1 1.0114947716381888 499.86 166.95 652.17 208.00 1.4825724515883636 1.6781266511143589 4.297579275570907 -1000 -1000 -1000 1.796892935035637 0.9743726
