Car 0.00 0 -1.496294998624597 571.15 179.94 605.92 211.63 1.4478886876074981 1.5952824757160091 3.373027132950821 -1.05 1.33 38.61 -1.5234833245887294 0.99896765
Car 0.00 1 -1.2078651646759848 40.73 196.02 268.08 296.89 1.4791639189986896 1.5900664546252632 3.324698345862427 -7.62 1.63 12.48 -1.7560255377744212 0.99857926
Car 0.00 0 -1.3650957802918295 219.11 197.06 453.12 335.57 1.4135725054709625 1.6953350000740433 3.8591523086755584 -3.41 1.59 9.81 -1.6996349188250903 0.9999366
Car 0.00 2 -1.5577079272505383 283.83 186.72 388.04 242.10 1.5491434097109746 1.6516708259196424 4.024471255146064 -7.99 1.52 21.40 -1.9150439517871325 0.98524284
Car 0.00 0 -1.3232029090311865 426.19 187.22 498.22 231.55 1.4088709059922409 1.7226219766498947 3.640934812031784 -5.09 1.48 25.55 -1.519845683717634 0.9996055
Van 0.00 0 -1.4201150397446494 491.01 158.11 539.35 211.61 2.255798190378151 1.9023879790758325 5.223634524101066 -5.08 1.33 40.08 -1.546189300680445 0.99592364
Car 0.00 2 -1.6240521455791335 44.00 194.07 200.17 253.80 1.573986195382328 1.7360586070181274 3.9777507950888062 -12.69 1.61 19.03 -2.2121760053404875 0.9992005
Car 0.00 1 -1.3530712286618094 197.55 181.99 300.36 231.17 1.5352465010999155 1.6129524179459953 3.682392196856537 -12.99 1.53 26.27 -1.8122934125620496 0.9999813
DontCare -1 -1 -1.5132146487620215 395.39 179.10 410.55 194.26 1.4814398553042125 1.6501025736988926 4.006481768690147 -1000 -1000 -1000 -0.7278164853645732 0.9655853
DontCare -1 -1 1.7038527290013175 443.87 167.46 477.13 185.20 1.4874271753995132 1.638860565862193 3.8640933019445325 -1000 -1000 -1000 2.4892508923987657 0.8187139
DontCare -1 -1 1.6044875579562525 539.53 175.22 565.03 205.89 1.4656916748552036 1.6697722480358028 3.648134710393944 -1000 -1000 -1000 2.389885721353701 0.5933156
