Car 0.48 0 -0.9503378430989127 0.00 204.17 378.01 374.00 1.5280334240576636 1.5528225146891022 4.2330882718191525 -3.49 1.86 6.37 -1.4515524892080278 0.97402364
Car 0.59 0 -2.1369066397335867 806.95 184.59 1241.00 374.00 1.5938712958066177 1.5386477105976486 4.524639980994262 2.68 1.58 5.07 -1.6506419831249648 0.9970475
Car 0.00 1 -1.9569807211544852 711.11 183.75 910.64 301.98 1.416189760324211 1.6432418686063432 3.7430533637628938 2.71 1.57 11.02 -1.715849014899912 0.9589921
Car 0.00 1 1.8604790131237845 288.84 198.79 473.04 309.57 1.5277424025169026 1.656038603997364 3.8209016156719113 -3.61 1.90 12.06 1.5696309076067325 0.66151637
Car 0.00 2 -1.4065601984646658 402.19 188.53 492.89 257.38 1.5620915185479831 1.626832082188263 3.771839054428139 -3.89 1.87 17.59 -1.624205603242612 0.99869484
Car 0.00 2 1.4325176934388022 451.61 188.65 523.99 240.13 1.5378897491662216 1.6036823683143997 3.886686040215292 -3.71 1.91 22.23 1.2671501816852657 0.99611866
Car 0.00 2 -1.9303350011494498 689.67 180.03 796.33 250.91 1.6077200997440528 1.687662801957264 3.341546611987152 2.98 1.64 17.28 -1.7595610314865193 0.993789
Car 0.00 2 -1.8251691917565207 678.93 178.99 746.79 230.59 1.5112153984425973 1.6627198748947525 3.801203420512476 3.11 1.68 22.61 -1.6884771961066725 0.9218346
Car 0.00 2 -1.629145530113254 866.04 158.30 978.75 209.99 1.5054322596459102 1.6004448414505863 3.6247036327944184 12.85 1.50 29.96 -1.2239717927340188 0.9887581
Car 0.00 0 -1.5264383117344718 637.44 179.52 674.96 205.56 1.4907171618013095 1.6579366803826237 4.07584707637886 2.76 1.93 44.14 -1.463991292993811 0.5388875
Car 0.00 0 -1.7447872469809393 595.84 182.32 626.17 200.12 1.4620698097912979 1.5778382562757873 3.466036008797684 0.04 2.17 58.76 -1.7441065118920809 0.8701645
Car 0.00 1 1.3944326053049902 561.76 180.02 598.73 195.89 1.461955592390747 1.6128262945176506 3.965024972461262 -3.04 2.31 73.96 1.3533524305383593 0.52251685
Cyclist 0.00 0 1.2729748944428305 530.02 178.84 545.61 196.81 1.7279443522338127 0.6225464285521698 1.6324967546785736 -6.72 2.21 67.08 1.1731291254108354 0.7168491
