Car 0.36 0 1.153853760161672 0.00 177.69 263.69 318.09 1.574004743602724 1.6342220895649338 3.48061712285141 -6.95 1.74 9.47 0.5207387924527372 0.5143608
Car 0.00 2 -1.84813450376061 7.15 150.11 335.42 287.87 1.639646306988449 1.6413429372669601 4.176704751454391 -7.17 1.76 12.07 -2.384156280122082 0.99418044
Cyclist 0.00 0 1.628865827867065 476.48 176.75 505.08 236.73 1.8689932297338103 0.5750341803937149 1.9735595835770035 -3.34 1.71 20.07 1.4639595551018596 0.9199639
Car 0.80 0 1.2722331742432456 1080.65 191.04 1241.00 374.00 1.4185425270168495 1.5304843106032753 3.206916587554016 5.79 1.63 5.61 2.0734194993765183 0.5523442
Car 0.22 3 -1.8915264765408377 969.63 186.20 1241.00 338.69 1.557317071017475 1.58725817433609 2.5938515832052613 5.86 1.67 8.20 -1.271046310054611 0.983853
Car 0.00 2 -2.096120015778814 848.12 183.31 1177.44 303.19 1.4609476443199825 1.6694600165547275 3.2830183674917603 5.77 1.75 10.70 -1.601565799423561 0.95652384
Car 0.00 2 -1.765935213365827 780.92 185.72 1043.41 271.21 1.487873889860363 1.503172709858551 3.7099360992536927 5.53 1.71 13.59 -1.3794802923183969 0.92749447
Car 0.00 2 -1.5595181324195604 771.23 170.29 972.62 256.65 1.522155556716622 1.692307628011837 4.547485010825195 5.66 1.74 15.99 -1.2193098571468295 0.99999726
Car 0.00 2 -1.935557142892156 305.64 182.43 459.20 232.27 1.3257679048745346 1.6936173208714866 3.7835608070121194 -7.27 1.83 23.20 -2.2392271908383194 0.85161346
Car 0.00 2 -0.8627249161389212 352.25 180.79 479.13 224.80 1.4016171697346878 1.6033151701749706 3.577501045666733 -6.93 1.79 25.87 -1.1244577400958955 0.9935684
Car 0.00 0 -1.7413589368250708 631.14 178.51 682.94 216.70 1.4937248382537078 1.620960599994793 3.9155613688156987 1.79 1.66 29.09 -1.6799032496184445 0.979676
Car 0.00 2 1.689775758483682 618.46 177.18 647.49 201.75 1.575088810530157 1.6389156982959652 3.952861579261818 1.35 1.71 44.16 1.720336892575967 0.99709225
Van 0.00 2 1.4449151615288596 602.99 167.79 619.45 187.29 2.2151205516537047 1.8990764996116591 4.961630528622913 0.14 1.76 90.15 1.4464681275571882 0.9973302
DontCare -1 -1 1.6712566624071936 510.85 168.24 598.47 196.35 1.4432894293038558 1.6306947686435127 3.5245357920751954 -1000 -1000 -1000 2.456654825804642 0.7843742
