Car 0.00 0 -1.5273770513620715 570.39 180.43 602.81 210.01 1.488605764117689 1.568660288369789 3.255017178259888 -1.23 1.34 41.26 -1.557179180058578 0.999995
Car 0.73 1 -1.2899622778084616 0.00 199.78 114.79 311.41 1.5802271853952121 1.6955699466825866 3.3414313366041566 -8.58 1.62 9.62 -2.0182796587996457 0.8779028
Car 0.00 0 -1.3018148402359824 31.73 197.26 362.49 349.14 1.4216657433478546 1.6511037752689266 3.4945431818590547 -4.86 1.60 9.34 -1.7816037830242542 0.99828595
Car 0.00 1 -1.36613725224999 241.78 184.92 359.86 249.68 1.468865484353752 1.5808806040049934 3.6341953595505143 -8.17 1.55 19.43 -1.7641764171678984 0.9990011
Car 0.00 1 -1.654564962783132 325.89 184.21 410.39 231.32 1.6019422638981056 1.5992391698719406 3.768714832268753 -8.37 1.48 25.37 -1.9732378753816764 0.99999833
Van 0.00 0 -1.4135519425061087 397.44 138.87 504.15 241.97 2.407668962620697 1.9684434557413293 5.685739753598022 -4.66 1.49 22.24 -1.6200962199994913 0.9991738
Car 0.00 1 -1.8345692614701132 485.29 184.02 528.90 216.64 1.4467761520116043 1.5991675772429848 3.47732322116951 -4.71 1.38 33.91 -1.972583321710156 0.9996086
Car 0.00 1 -1.5865695616838078 504.13 185.92 536.18 210.09 1.5022473636834335 1.636705638161435 3.755257042251625 -5.49 1.48 45.21 -1.7074112117518476 0.9777193
Car 0.00 2 -1.6493592644718031 123.60 182.28 261.14 245.69 1.431467108782978 1.6503670544089222 3.8125177716241265 -11.50 1.52 20.15 -2.167970762356536 0.99997866
DontCare -1 -1 -1.397664145627294 538.88 173.93 553.39 198.14 1.5231151579698932 1.6196596056879902 3.8766920307056094 -1000 -1000 -1000 -0.6122659822298457 0.7080983
