Car 0.09 0 2.0019084672119956 81.15 193.26 408.56 374.00 1.5284025165072095 1.6468649611534023 3.600034164391556 -3.54 1.78 7.76 1.5739225429393369 0.9999734
Car 0.14 0 -2.051038728156362 769.12 176.92 1149.05 374.00 1.728119448181839 1.6335098671452546 4.123569058381118 2.64 1.53 6.53 -1.6668413580506043 1.0
Car 0.00 1 -2.0289594988015036 696.82 175.69 863.15 276.22 1.460482236352415 1.6128343187929535 3.973480301104584 2.62 1.46 12.40 -1.8207318030559256 0.98114645
Car 0.00 1 1.7631689767029624 326.94 188.78 481.84 281.71 1.5112300164817285 1.5765657865168 3.759183475874462 -3.68 1.74 13.53 1.497604986491432 0.9396714
Car 0.00 2 -1.0991079668190817 415.43 182.38 497.41 244.18 1.4786076474754524 1.6669591844738865 3.8473103261889006 -4.00 1.72 19.05 -1.3060750227784756 0.9999207
Car 0.00 2 1.7236507097866873 459.89 179.56 526.67 226.25 1.4343046102492523 1.6022658788324737 3.7674319614992524 -3.78 1.62 23.64 1.5650944378989133 0.98557544
Car 0.00 2 -2.124800161519323 681.11 173.49 776.24 237.75 1.5571784082619857 1.623152735895052 3.412676679097214 2.91 1.50 18.82 -1.9713922896732483 0.6177312
Car 0.00 2 -1.8250483433392386 671.92 170.73 734.72 218.92 1.4826295453874778 1.612208745694294 3.553436594210663 3.00 1.44 24.08 -1.7011022631021329 0.94093484
Car 0.00 2 -1.7898828397181372 850.53 148.43 956.62 197.91 1.44868029689476 1.6264806084991836 3.545496331654587 12.66 1.05 31.40 -1.4066340385902074 0.98703617
Car 0.00 0 -1.5568909114834408 633.92 171.70 670.03 196.82 1.4873983751802158 1.6551874273182297 3.9592217450366403 2.59 1.47 45.62 -1.5001784462877792 0.60230917
Car 0.00 0 -1.6780535439637045 593.16 173.93 622.29 191.21 1.4568949941365432 1.5973107323707485 3.6821841319427873 -0.23 1.50 60.26 -1.6818703193227524 0.98909247
Car 0.00 1 0.863484458127294 559.76 172.56 595.99 187.84 1.5373494479624938 1.634313289328053 3.9899145086632157 -3.35 1.54 75.52 0.8191544092482722 0.85005903
Cyclist 0.00 0 2.27415527502564 533.59 172.07 549.02 189.41 1.7540235570986127 0.6032914423554134 1.7145076832199955 -6.60 1.58 69.32 2.1792307995735993 0.8490036
