Pedestrian 0.00 0 -1.3762001256134848 786.78 169.82 848.12 344.55 1.7886338433626843 0.6804185453143787 0.864226566233685 2.22 1.65 7.78 -1.098240025169177 0.9963081
Pedestrian 0.00 0 2.7240479747441153 305.89 170.66 368.89 336.40 1.743124518022294 0.651258883931942 1.1701118169138336 -3.15 1.67 8.30 2.361322150410603 0.80049
Pedestrian 0.00 1 2.1334886709835867 186.23 172.69 258.56 328.43 1.8689608289304924 0.6466379369881821 0.8122300548264885 -4.64 1.65 8.60 1.6387155861482172 0.99197376
Pedestrian 0.00 0 -1.2565700272705893 1058.01 156.08 1149.34 346.56 1.8074825009707165 0.6303603927877617 0.7154266504356765 4.62 1.45 6.79 -0.6591114407951925 0.8411416
Pedestrian 0.00 0 -1.8503852943566184 979.83 164.84 1061.17 351.52 1.72973548755085 0.6581595055100393 0.547923844845047 4.07 1.59 7.11 -1.330482177983689 0.9919774
Pedestrian 0.00 0 1.5061481753971915 644.56 171.22 673.56 251.26 1.7948616831008148 0.6467902063664865 1.2405689773867035 1.21 1.64 17.61 1.5747513077236723 0.5941902
Pedestrian 0.00 2 -1.678340465822492 770.20 182.56 836.15 326.23 1.748086578157152 0.6393270883050632 0.7414136348078155 2.45 1.70 8.93 -1.410572979301636 0.8160412
Pedestrian 0.00 0 2.2336983839657645 718.49 182.31 762.16 305.81 1.7179740941528034 0.612402880498476 0.9790968937585258 2.00 1.72 10.44 2.4229760409637384 0.6450473
Pedestrian 0.00 1 -1.4973247061159949 698.92 181.87 736.92 289.67 1.7426286176223111 0.6946411337044907 0.8345654612193012 1.84 1.73 11.96 -1.3446753777207296 0.9948697
Pedestrian 0.00 2 1.6000514897194247 771.35 171.81 832.73 276.89 1.7209834767881584 0.6546516287413311 0.7178060082504654 3.53 1.64 12.82 1.8687440062896563 0.5613885
Pedestrian 0.00 0 -1.6121232705798487 730.99 183.43 769.99 289.84 1.7984132556620789 0.656203044512577 0.6521448610136413 2.44 1.67 11.51 -1.4032263009154438 0.6356762
Pedestrian 0.00 2 1.6322052786734442 789.64 163.08 837.83 248.39 1.7993293939534378 0.6618936973896694 1.0538220224687957 4.67 1.44 15.96 1.9168653343133897 0.96266764
Car 0.00 0 1.740761281051908 542.49 180.66 595.43 221.69 1.5821409936814022 1.596584982490673 3.819822775326767 -1.29 1.55 29.97 1.6977447904983864 0.9999987
DontCare -1 -1 -1.7510349313404898 605.93 176.83 613.96 194.53 1.522231694199742 1.6438254669965648 3.78595242103199 -1000 -1000 -1000 -0.9656367679430415 0.5034469
