Car 0.74 0 -2.17175413767365 795.65 200.04 1241.00 374.00 1.5949966389505577 1.76164859465374 5.261948363982238 2.73 1.65 5.11 -1.6810860794855793 0.9998337
Car 0.59 0 -0.8064053813603262 0.00 207.12 378.43 374.00 1.453690447267742 1.6302061726064825 3.908568063877621 -3.58 1.78 6.16 -1.332863343015233 0.6741894
Car 0.00 1 1.8366203467038016 279.21 196.48 442.72 310.19 1.4919733464537572 1.5738920413614654 3.5459590425119782 -3.85 1.88 11.60 1.5161634526462895 0.9968675
Car 0.00 1 1.602732547619615 386.05 196.74 496.52 271.29 1.4824144098727416 1.6031671606661224 3.57413096924881 -3.72 1.98 16.34 1.3788856544942136 0.99990714
Car 0.00 1 -1.988264755406652 728.64 187.17 921.50 307.27 1.4708513174025726 1.5738025747896576 3.9746949692593003 3.05 1.71 11.38 -1.7264048465528965 0.9996463
Car 0.00 1 -1.436309383311544 701.31 185.81 798.30 258.81 1.5696005116967868 1.577206208622589 3.8152511847541715 3.09 1.80 16.74 -1.2537761925813133 0.9969482
Car 0.00 2 -1.8149486939099173 926.73 158.45 1075.54 223.36 1.4302517998783302 1.691405280745163 3.8052878250704194 12.84 1.62 23.98 -1.3233478416069233 0.74094635
Car 0.00 0 -1.8008032302048544 640.72 184.23 684.11 214.76 1.5978776443569374 1.642964522606268 3.5490638484583283 2.70 2.13 38.24 -1.7303135179042706 0.98161787
Car 0.00 0 -1.6410435373571257 594.03 187.67 628.91 207.84 1.5179495526297402 1.6232706115306759 3.6151586343870545 0.05 2.50 52.98 -1.6400997852779349 0.99964523
Car 0.00 1 1.488018744685922 556.65 184.61 597.34 202.03 1.4728003334073734 1.6436871879459762 3.659946100913086 -3.11 2.69 68.14 1.442409070735852 0.9595533
Cyclist 0.00 0 1.2436664859440665 503.75 182.88 523.42 203.86 1.7264499399233912 0.59574787851264 1.701768043490734 -7.74 2.46 57.83 1.1106166129368307 0.5622221
