Car 0.91 0 1.3896066109326224 0.00 200.54 179.41 374.00 1.7185476723878097 1.6005847149254226 3.9204612803981687 -5.03 1.88 5.10 0.6111185053688828 0.99965465
Cyclist 0.00 0 1.669778467216764 368.12 171.26 440.20 284.53 1.7386126965638553 0.6248497457413864 1.8897523610318565 -3.66 1.84 12.85 1.39230126099218 0.9474782
Cyclist 0.00 0 -1.5937044537302594 422.67 175.51 478.01 277.94 1.6753018121589278 0.5790106986819696 1.694331402930107 -2.96 1.82 13.34 -1.8120558888988845 0.75614583
Car 0.00 2 1.7487775991347174 365.38 187.01 466.50 245.28 1.4992415889917325 1.67510511285676 3.784492591522732 -5.61 1.91 21.35 1.4918228027542244 0.6605386
Cyclist 0.00 0 -1.6042674231019358 502.68 174.73 526.52 224.03 1.7824037257004832 0.5728398074566317 1.761461162048068 -3.60 1.86 27.08 -1.7364319210686368 0.99899215
Car 0.00 1 -1.5514826672759394 489.92 182.18 538.33 209.80 1.4906766827969264 1.6501040563644314 3.8965579402969266 -5.29 1.96 40.16 -1.6824517675351185 0.98163795
Car 0.00 1 -1.391020149984632 638.92 175.76 672.43 203.28 1.439047836121769 1.666198647833004 4.005768956743278 2.67 1.70 42.07 -1.327639503028147 0.9999738
Car 1.00 0 -1.6265778029945235 988.55 158.97 1241.00 374.00 1.5751113857893657 1.6316125944913769 3.719746114812889 2.59 1.56 1.58 -0.6035496288091007 0.51082736
DontCare -1 -1 -1.0689538280155997 615.65 168.89 637.94 186.65 1.4550240937440109 1.6109073080779457 3.8891115133986855 -1000 -1000 -1000 -0.2835556646181514 0.97507405
DontCare -1 -1 -2.329237894215856 706.86 160.48 724.62 210.58 1.4873889315693092 1.5593832873464966 3.8349042796866084 -1000 -1000 -1000 -1.5438397308184078 0.9039128
DontCare -1 -1 2.168754235902105 675.16 174.71 681.28 194.41 1.4342790249554824 1.5754778825403595 3.6882942934856797 -1000 -1000 -1000 2.954152399299553 0.51548105
