Car 0.84 0 -1.944541678824697 858.65 180.42 1241.00 374.00 1.6727891418902587 1.663143932140007 4.012032332025566 2.93 1.57 4.18 -1.333173762991012 0.99926764
Car 0.86 0 1.2002966860916953 0.00 220.07 161.06 374.00 1.584964372572155 1.6424741253913784 3.2675851752386476 -6.08 1.90 6.42 0.4420918177876636 0.99372756
Car 0.00 1 1.8635510067131857 213.27 178.61 383.75 280.00 1.446763605233879 1.5998052277327919 3.687561350070038 -6.08 1.87 14.53 1.467245920598352 0.99999523
Car 0.00 0 1.606318769105945 521.79 179.29 562.36 206.22 1.5259499846777331 1.5312642746330642 3.6911092867479707 -3.77 1.78 40.37 1.5132026524753233 0.9990577
Car 0.00 1 1.6505651781943182 339.54 180.80 438.94 242.55 1.504116045665593 1.642949083140626 3.759359488390484 -6.34 1.85 21.02 1.3576250936429424 0.9997316
Car 0.00 1 1.1590635339405875 433.11 184.27 488.56 219.53 1.4571437168686103 1.698743178761139 3.9011175540612126 -6.57 1.96 31.94 0.9561950029346764 0.9948338
Car 0.00 1 -1.6970240483668189 633.18 173.18 658.33 195.05 1.5196177709201735 1.6334366148994708 3.8627661914900924 2.60 1.60 53.67 -1.648617696008333 0.9999957
Car 0.00 1 -2.7307031909611563 697.96 166.59 775.05 190.64 1.4220185506908607 1.6452497795881176 3.941749097906151 8.09 1.11 46.52 -2.558521448214108 0.9972748
Van 0.00 2 -0.6154108802464346 859.26 151.25 933.90 178.97 2.185844569711513 1.899300360687597 5.172907007688331 22.18 0.45 56.00 -0.2382957837575823 0.98987293
DontCare -1 -1 -1.430919543900762 494.04 179.24 518.91 203.47 1.5763767812220764 1.6028614745201015 4.00809705456356 -1000 -1000 -1000 -0.6455213805033138 0.9733979
DontCare -1 -1 -1.3153132955220084 586.54 172.12 601.71 183.41 1.4685178030101966 1.5888203934492016 3.8227739763782407 -1000 -1000 -1000 -0.5299151321245601 0.9966432
DontCare -1 -1 -1.1938413242485861 611.77 171.48 627.59 186.00 1.5362408090202522 1.6273995705605888 3.60767372151474 -1000 -1000 -1000 -0.40844316085113785 0.87997186
DontCare -1 -1 -1.5552821914341788 1027.10 150.13 1240.00 176.95 1.4499653506843757 1.6501575701595688 4.082361268006363 -1000 -1000 -1000 -0.7698840280367305 0.64637816
DontCare -1 -1 1.8802460292961936 787.07 160.48 855.29 178.89 1.4778264503745746 1.6187594135017538 3.925957979761162 -1000 -1000 -1000 2.665644192693642 0.72118455
DontCare -1 -1 2.110207096734319 660.28 166.95 693.56 184.71 1.5238051236426842 1.572599589145317 3.794435495637455 -1000 -1000 -1000 2.8956052601317674 0.6182201
DontCare -1 -1 -1.7756101946022849 552.27 177.10 571.06 192.77 1.5382929168461275 1.6000942841829204 3.779820310078659 -1000 -1000 -1000 -0.9902120312048366 0.9606799
