Car 0.12 0 2.1704446832325797 0.00 196.39 333.17 374.00 1.6041517484752845 1.6016998060704613 4.059674607716598 -4.72 1.78 8.05 1.6401332746374395 0.6973924
Car 0.98 1 1.431263686218534 1041.05 204.42 1241.00 374.00 1.418501168843956 1.5525749915005111 4.268617140255966 3.74 1.68 3.14 2.3036510663599605 0.72290516
Car 0.00 1 2.048397527137075 272.62 189.36 434.44 280.94 1.4256507683365058 1.6026845269562149 3.6753530671224977 -4.69 1.77 13.64 1.7172194949759172 0.9999747
Car 0.00 1 -2.061120824017797 815.88 185.96 1088.59 346.32 1.5153025545930874 1.603816523468628 3.717685671649971 3.72 1.67 8.65 -1.654973983308712 0.99909174
Car 0.00 1 1.8022513250496726 372.68 186.62 483.60 247.96 1.493069392052145 1.6110332415164852 3.80059711088995 -4.68 1.78 19.06 1.5614743178696804 0.99952424
Car 0.00 1 1.590434412532721 736.03 178.47 883.44 271.20 1.5036628901778173 1.5896831148029709 3.967978039883175 3.59 1.62 13.87 1.8437081283314147 0.99998474
Car 0.00 0 1.6458839337017874 501.23 179.60 545.32 211.46 1.485049922373743 1.6686031066538238 3.680399956308403 -4.17 1.79 34.86 1.5268283066106911 0.96503776
Car 0.00 2 0.7068506638195853 712.48 178.00 801.80 242.11 1.6700586829154205 1.604546337640419 3.1564996411428834 3.71 1.66 18.90 0.9006824468822431 0.98793113
Car 0.00 2 -2.0663179318096976 701.17 176.48 763.96 225.02 1.5454933330236387 1.6105727323056602 3.3381449749098207 4.03 1.65 24.41 -1.9026975939586317 0.95501375
Car 0.00 2 -1.8290027836945395 686.90 176.56 740.58 215.34 1.5415438324032735 1.6078714535297298 3.20217736264328 4.20 1.66 29.96 -1.6897235241576931 0.9991148
DontCare -1 -1 2.530982391038213 546.43 170.83 629.52 204.11 1.416392460819931 1.7004014991880798 4.134276257954635 -1000 -1000 -1000 3.3163805544356615 0.56119406
DontCare -1 -1 -0.9192150394108634 655.11 170.18 681.93 191.82 1.4508330378501129 1.6422793523134136 3.7754223888144876 -1000 -1000 -1000 -0.13381687601341508 0.95498073
