Car 0.32 1 -1.8623683313515524 0.00 171.33 110.51 229.66 1.501153990980835 1.5797469609142685 3.2384605576620484 -19.03 1.76 23.87 -2.5354210365746237 0.99974173
Car 0.00 1 2.3015180389073233 266.47 171.51 370.87 204.00 1.491860097628684 1.6667112589539432 4.050822096072235 -15.82 1.61 39.22 1.9181136282817093 0.5405903
Truck 0.00 1 -1.4059314439680914 216.50 160.43 281.57 198.76 3.1745554930153084 2.6946669118941116 12.039818692419434 -29.30 2.02 58.81 -1.8681497046365574 0.99689734
Car 0.00 0 -0.58744873205689 751.04 169.62 820.13 195.10 1.517555516102017 1.654482557690277 3.92761002679924 10.70 1.33 44.17 -0.34978128458436675 0.9147913
Pedestrian 0.00 2 1.3440158824112753 868.69 164.16 879.75 189.94 1.8378040133420182 0.6968190799740028 1.07109914401268 19.19 1.24 52.74 1.692984785216225 0.55989903
Car 0.00 1 -1.480755136409078 828.31 164.89 867.47 187.58 1.4976847790001344 1.6266685959608698 3.737295890353718 19.08 1.16 58.07 -1.1632986215312895 0.99892586
DontCare -1 -1 1.7116440693524222 880.22 164.36 935.50 185.35 1.5387555941759061 1.6220216986448908 3.896072263024845 -1000 -1000 -1000 2.4970422327498705 0.8809002
DontCare -1 -1 2.4733053604748587 994.07 154.01 1240.00 185.35 1.4652906473545741 1.7020689987303161 4.007776709400215 -1000 -1000 -1000 3.258703523872307 0.99057966
DontCare -1 -1 2.2828366637190403 732.09 155.30 940.03 160.77 1.4509070370166015 1.5908385731936836 4.164779352150955 -1000 -1000 -1000 3.0682348271164885 0.75231224
DontCare -1 -1 -0.9440874616291861 393.77 161.77 418.00 180.82 1.4988950345484924 1.5653277777792358 3.7742900048718835 -1000 -1000 -1000 -0.15868929823173783 0.58881897
