Car 1.00 0 -0.9979583779957633 0.00 198.52 349.60 373.00 1.56982871552989 1.561520620501175 3.6014262606726075 -2.74 1.69 2.50 -1.829126081188762 0.98471886
Pedestrian 0.38 0 1.3649898777392249 1114.43 124.01 1237.00 373.00 1.788476695716734 0.6720930747029257 0.781878363878479 4.77 1.39 5.68 2.063525822542257 0.997413
Pedestrian 0.00 0 -1.5537376953896622 677.91 172.36 696.58 226.70 1.8729018880430413 0.696876821973629 0.9182940577874088 2.58 1.44 23.39 -1.443878259019999 0.8473948
Pedestrian 0.00 0 -1.5629761815678815 704.76 169.68 722.42 226.51 1.7387020936611843 0.6881807911482525 0.9926998583385849 3.37 1.44 23.39 -1.419882239444284 0.9515199
Pedestrian 0.00 0 1.483339519300733 541.51 169.03 563.84 227.32 1.6870310841504288 0.6511773634043407 1.2007155833551788 -1.78 1.40 22.50 1.40439283194903 0.8528741
DontCare -1 -1 1.3251993070032935 979.91 185.21 1027.91 222.25 1.4474336135952186 1.5380306684137726 4.034058647357025 -1000 -1000 -1000 2.1105974704007417 0.5278656
DontCare -1 -1 -1.478664138415132 854.82 167.16 874.45 195.82 1.535611981880517 1.5675756179453277 3.9016570096240426 -1000 -1000 -1000 -0.6932659750176837 0.9180181
DontCare -1 -1 -0.9799063960697989 727.15 169.74 744.85 191.95 1.4957825675426435 1.631652438333764 3.8937795927153016 -1000 -1000 -1000 -0.19450823267235062 0.6784686
DontCare -1 -1 -1.7701296816256384 610.44 172.96 675.21 204.84 1.435027629491539 1.5762239389778518 3.573255973063507 -1000 -1000 -1000 -0.9847315182281902 0.85111016
DontCare -1 -1 -1.191153691211019 441.50 186.50 455.98 211.29 1.4599996808736038 1.5526408844353103 3.8941017818973447 -1000 -1000 -1000 -0.4057555278135707 0.65565926
