Car 0.74 1 -0.8911817828801016 0.00 211.33 232.70 374.00 1.2689027640788269 1.6356599733890438 4.095626624427833 -5.07 1.85 6.30 -1.5688195883792226 0.97427046
Car 0.00 0 -1.8407971123841147 665.32 187.08 744.90 241.72 1.49210481194839 1.5989484705687904 3.3820711245165254 2.62 1.82 20.96 -1.7164421178373532 0.98848176
Car 0.00 1 2.2649006406452994 920.92 166.22 1089.74 235.15 1.4112198803393554 1.5638513111235046 3.9530937319026376 10.86 1.60 20.00 2.7623536908619655 0.9384751
Car 0.00 2 -1.6383201042797904 652.36 182.97 708.36 227.68 1.5716029446391773 1.5698956244350815 3.1274855901823426 2.49 1.89 26.73 -1.5454344012485337 0.9944342
Car 0.00 0 1.6534115533020834 467.39 184.45 514.41 218.43 1.5520664773701143 1.7102906175614738 4.148561017714538 -5.96 2.18 36.27 1.4905439346380192 0.99966955
Car 0.00 2 -2.508078829446111 824.52 176.24 961.81 220.51 1.4434643689362716 1.669225043869152 3.9360726495609666 10.20 1.64 26.24 -2.137334675186937 0.8515379
Car 0.00 2 -2.6396232406285147 876.23 176.57 1022.73 229.30 1.4281251061527442 1.599612674927845 3.6538478304968263 10.80 1.69 23.12 -2.2026172929543018 0.6783995
Car 0.00 1 -1.6698911870506148 636.82 176.77 661.24 201.13 1.5120696652500343 1.5728235386968994 3.7323636730537797 2.99 2.10 55.59 -1.6161563132602104 0.9987338
Car 0.65 0 -2.2730344096806387 853.17 210.05 1241.00 374.00 1.5814658667711925 1.6469775133491897 3.988764019809761 3.34 1.72 5.52 -1.7288935018151956 0.99971586
DontCare -1 -1 -0.10438878933456941 266.98 187.00 359.78 209.93 1.406759478506298 1.6478775770129108 3.9372608383522416 -1000 -1000 -1000 0.6810093740628789 0.9976236
DontCare -1 -1 -1.573033913099442 516.03 184.41 544.14 209.93 1.4941983096121263 1.624324835157528 3.820374785117903 -1000 -1000 -1000 -0.7876357497019937 0.7114493
DontCare -1 -1 1.457526640095983 561.31 177.30 616.59 197.00 1.502259752136321 1.6892714270116234 4.125887261830368 -1000 -1000 -1000 2.2429248034934313 0.53346306
