Car 0.00 0 -1.5610001925986747 573.37 173.84 611.39 208.50 1.461284503695221 1.6181414735229158 3.432224558793106 -0.78 1.07 35.46 -1.5829932618378149 0.9994649
Car 0.54 0 -1.2107453803208212 0.00 178.35 159.96 308.67 1.6008296612469863 1.627527348017826 3.574596183501282 -8.41 1.53 10.30 -1.8954695473677077 0.99533147
Car 0.00 0 -1.226679311194692 209.12 188.85 410.74 297.37 1.5462379924772691 1.6848950006724739 3.8827408423052217 -4.68 1.52 11.86 -1.6025250753875024 0.99901175
Car 0.00 2 -1.636608519652162 217.16 185.44 348.18 245.85 1.511744801309557 1.61701418577744 4.064154820643463 -8.53 1.43 19.20 -2.0546878656638783 0.99997675
Car 0.00 0 -1.44164136151341 409.04 184.75 490.62 235.98 1.4845493327645969 1.540596670723095 3.264735536776581 -4.60 1.35 21.26 -1.6547254447392459 0.99998236
Car 0.00 1 -1.2290429035809378 346.78 181.11 413.70 219.60 1.471243970450611 1.5909418829442405 3.63760316570858 -9.17 1.29 29.15 -1.5338213763299673 0.99998784
Car 0.00 2 -1.1438953737404685 443.82 178.68 501.36 218.17 1.4505852613417816 1.6881759904981994 4.369470136366882 -5.48 1.24 29.40 -1.3281752114153798 0.98020613
Misc 0.00 0 -0.5620511333134512 493.28 163.99 536.74 210.16 1.5098884202359628 1.6152283840538406 3.5448662509546662 -4.66 1.20 36.24 -0.6899365633247788 0.78556675
Van 0.00 1 -1.9222881654885153 541.14 167.89 561.49 191.37 2.270839847170315 1.8724228056227399 5.031383665108728 -6.28 0.64 80.69 -1.9999603171168354 0.9877368
Car 0.00 1 -0.7309839884426932 97.09 178.77 239.45 242.54 1.5606063123612117 1.645790751344099 3.7961366084740544 -12.13 1.43 20.09 -1.2741804473745575 0.9994567
