Cyclist 0.00 0 2.131182567277227 311.89 185.47 400.98 325.30 1.7601436465401505 0.45353535722782135 1.5568184508407974 -3.22 1.76 9.16 1.7931468077372388 0.8483415
Car 0.72 0 -1.8905248204853873 993.49 190.44 1241.00 374.00 1.4243009019462776 1.5090066634775543 3.8217756544576074 5.57 1.59 5.75 -1.1210263772008702 0.9886559
Car 0.29 3 -1.6244715201344828 918.72 156.13 1241.00 335.13 1.503218453731985 1.6906616979004288 3.657947989307442 5.72 1.61 8.12 -1.0107762474148192 1.0
Car 0.00 1 -2.0210149149086813 154.21 182.37 394.78 258.02 1.5195420392608654 1.6109230213524246 3.312756912909546 -7.15 1.72 15.57 -2.4515067497311724 0.9997998
Car 0.00 2 -1.5637457608853023 245.09 183.11 432.88 246.96 1.4712659273116302 1.5541617640019798 2.8814070393667603 -6.75 1.77 18.13 -1.9201569461521375 0.96125436
Car 0.00 2 1.0148589769986014 328.69 179.29 443.43 228.89 1.4795083816914272 1.6633884825469398 3.961190806828537 -7.23 1.75 23.35 0.7145854510710976 0.99880755
Car 0.00 0 -1.7316576401379447 641.83 178.95 715.67 232.36 1.5751818794576835 1.637782763010397 3.885623892895975 1.90 1.61 21.40 -1.6431047873243358 0.96835214
Car 0.00 2 1.6486873040583472 404.71 177.01 494.66 212.02 1.5205174268974375 1.6845423944951439 4.085184814535179 -7.27 1.73 32.74 1.430180065815596 0.53406215
Car 0.00 1 1.69860735634831 622.30 172.64 657.94 202.67 1.581715617683382 1.551417655563488 3.9614446630106355 1.45 1.45 36.44 1.7383778128866323 0.83669436
Van 0.00 2 1.584799986393426 604.25 163.08 622.30 184.47 2.14161388158103 1.901302715398891 4.8851082006633755 0.35 1.30 82.47 1.5890439284173015 0.978088
DontCare -1 -1 1.4704638505962233 499.86 164.36 603.01 197.64 1.4575323093502235 1.5818364613415146 3.8314732221291448 -1000 -1000 -1000 2.2558620139936716 0.8506413
