Car 0.00 1 -1.6053540791061263 455.98 178.23 538.96 207.45 1.4475334886281204 1.6571815938414478 3.642331766091385 -5.96 1.79 38.36 -1.7594918513688977 0.99999976
Car 0.00 0 -1.4068586836245398 658.18 175.79 701.19 212.01 1.4557350802986335 1.6207344506592893 4.163953678809204 3.31 1.81 35.19 -1.313073806596261 0.99961805
Car 0.00 0 1.6783387968924384 542.23 182.21 584.22 215.56 1.5884532857505989 1.6063825928331756 3.607945995532074 -2.03 1.78 31.54 1.6140647380727444 1.0
Car 0.00 2 -1.321791828670774 340.97 177.67 488.20 228.24 1.5268238176411402 1.596869438207283 3.50826804538826 -6.11 1.66 22.75 -1.5841716803308035 0.99999845
Car 0.00 2 -1.7566165337946753 270.32 182.32 456.54 252.74 1.4868680801062297 1.6117261492372894 4.185602681838073 -5.62 1.75 16.54 -2.084159927086693 0.99642134
Car 0.00 2 -1.0422393242504935 179.98 177.02 436.86 267.58 1.5765308517782401 1.7173308499814415 4.007957907520332 -5.66 1.68 13.78 -1.4319700719843698 0.9994947
Car 0.00 2 1.8388587097313742 41.34 172.58 317.61 281.92 1.5043926447449636 1.6383414019556188 3.560217039786377 -6.59 1.57 11.19 1.3066270877588029 0.6138469
Car 0.31 3 1.3082701424744467 0.00 149.33 314.22 327.44 1.4613569307892036 1.7711655192734146 4.002835305534401 -5.96 1.65 8.55 0.6995092753828274 0.7550858
Car 0.00 1 -1.7001806209471564 701.57 190.74 802.80 257.70 1.554389730450363 1.638184734872117 3.5897413959131623 3.07 1.72 16.52 -1.5164412682551849 0.8697286
Car 0.13 0 1.30541987816361 765.56 202.55 1104.32 374.00 1.4877737577824306 1.4971783154369736 3.682812692724266 2.82 1.70 7.43 1.6681669634110547 0.98453516
DontCare -1 -1 1.609838412204061 609.18 169.53 654.75 196.35 1.5192180831270676 1.6460321482927942 3.8329911233262206 -1000 -1000 -1000 2.3952365756015093 0.9663735
DontCare -1 -1 0.22798581520584627 526.38 169.53 572.60 178.23 1.4295381460158538 1.6079532907070064 4.028452621899643 -1000 -1000 -1000 1.0133839786032945 0.7478074
