Car 1.00 0 2.513272718587194 0.00 221.09 260.66 373.00 1.6822863820759963 1.6182565756799125 4.072404774032631 -2.25 1.65 0.72 1.2521793363347535 0.8635691
Pedestrian 0.00 0 1.820835099616323 744.00 167.14 799.00 279.63 1.786266911253686 0.687883397498436 0.9840907050082588 2.48 1.44 10.83 2.045947381098275 0.9046556
Pedestrian 0.00 1 1.3180356184628348 272.27 182.68 304.60 271.08 1.8050659610334587 0.7421605046179962 1.1136923996517563 -6.20 1.68 13.85 0.8971348148463729 0.954476
Pedestrian 0.00 0 1.2130973498013358 430.72 175.88 452.72 238.19 1.7634250870350552 0.6814898419466686 0.9911409808108711 -4.83 1.61 20.92 0.9861937714284054 0.9321413
Pedestrian 0.00 2 -1.1258954564717154 421.38 179.66 437.38 232.58 1.7586249941404712 0.6543834963154864 1.2624566970178985 -5.59 1.61 22.94 -1.3649163061675316 0.78483385
Pedestrian 0.00 0 -1.075408981242452 525.26 176.87 541.93 217.27 1.77491086483037 0.6676483917322826 0.9246464377055073 -3.24 1.57 32.06 -1.176127534533619 0.66490644
Van 0.00 1 1.281111971535955 601.71 127.43 707.34 248.70 2.1480169627000905 1.985244559690876 4.6602821329772945 1.12 1.41 18.25 1.3424049632302657 0.8270453
DontCare -1 -1 1.1148607889798026 375.09 175.54 393.43 214.52 1.527332642004491 1.6684145026565933 3.824732808522978 -1000 -1000 -1000 1.9002589523772508 0.5184209
DontCare -1 -1 1.9206012348320822 0.00 287.09 188.57 372.00 1.4390571791498374 1.5748360299230957 4.103384854398765 -1000 -1000 -1000 2.7059993982295305 0.86783457
DontCare -1 -1 -1.4581447849657874 484.71 178.76 504.34 217.09 1.485077306982727 1.66639643094553 3.7802393605337525 -1000 -1000 -1000 -0.6727466215683391 0.9746934
DontCare -1 -1 1.1920117000725607 553.70 177.47 597.19 208.71 1.4964426703570795 1.6510663379640722 3.7716162001119042 -1000 -1000 -1000 1.977409863470009 0.9365937
DontCare -1 -1 0.8838191787388663 1172.10 156.19 1236.00 372.00 1.5567806552915286 1.6254055306972408 3.868277016222575 -1000 -1000 -1000 1.6692173421363146 0.928062
