Car 0.00 0 -1.4439103017237525 449.89 174.43 578.58 268.06 1.4812405597238254 1.651099824598565 3.584425615273514 -1.66 1.52 13.60 -1.56536832809373 0.99711084
Car 0.00 0 -1.8920261720803122 763.42 168.23 953.50 308.93 1.5187028128473472 1.6473661672980928 3.7404669021592523 3.25 1.60 10.34 -1.587490141135215 0.99999046
Car 0.00 1 -0.9551938335087637 511.07 175.89 618.72 239.64 1.5254818600422155 1.607932227915659 3.6957164128647233 -1.08 1.55 18.69 -1.0129145573187346 0.99986887
Car 0.00 1 -1.7334529469397406 707.87 174.66 756.18 211.31 1.5375754892645788 1.6212126903892898 3.762495773039856 5.25 1.59 31.67 -1.5691748587454286 0.99995744
Car 0.00 2 1.1277096132424216 738.50 180.80 841.96 254.26 1.5377899430511903 1.639410554683342 3.688306855164566 3.82 1.60 16.02 1.36179032785188 0.9710651
Pedestrian 0.00 2 1.156473890939031 505.89 164.53 524.89 231.06 1.7717169424895 0.6659143547800255 0.9850078714797401 -2.67 1.61 20.12 1.0245409689691256 0.87788296
Pedestrian 0.00 2 1.7098287949946265 510.62 165.70 523.40 221.94 1.7765886368606043 0.5971100013044548 1.1161265043327713 -3.06 1.59 23.47 1.580180903642773 0.9461228
Car 0.00 0 -1.621672191717897 615.14 172.32 645.04 198.99 1.5732266682951164 1.6217508476884508 3.6602313389406587 1.29 1.59 45.63 -1.5934088454433661 0.7782476
DontCare -1 -1 1.484280833103929 680.98 165.01 703.27 197.00 1.5589311089186382 1.6470982779474401 3.760937327645817 -1000 -1000 -1000 2.2696789965013773 0.99762565
DontCare -1 -1 -0.5947391549733023 648.64 169.53 656.70 187.94 1.5289677035814535 1.6339433316798353 3.7899303307161714 -1000 -1000 -1000 0.19065900842414596 0.97684366
