Car 0.49 3 1.6209937269475798 0.00 180.19 221.38 350.53 1.3711377683846664 1.427567287600174 3.9536048193798448 -6.54 1.73 7.92 0.9307430795633831 0.9934267
Car 0.00 0 -1.954523460068975 728.76 186.18 963.03 327.33 1.4795849513082218 1.6576780670048141 3.9957342614756013 2.77 1.63 9.62 -1.674165626143505 0.9999789
Car 0.00 1 -2.226978794732366 170.52 186.95 429.44 272.60 1.5404971375881147 1.604559592223301 3.838832216464081 -5.73 1.76 13.49 -2.6286453637467457 0.9869912
Car 0.00 1 1.5211543711510043 683.57 181.15 770.30 235.28 1.5079405134363484 1.7030652456642532 3.9146977645681287 3.14 1.60 20.36 1.6741727576930803 0.99387383
Car 0.00 2 -1.7071727077153067 236.25 178.85 424.75 253.31 1.4871859442262363 1.8132547729374313 4.120659338437118 -6.15 1.69 16.03 -2.073510211545359 0.5449138
Car 0.00 2 -1.6219806830075125 289.43 168.64 436.42 239.12 1.5528248533426237 1.6699179515899563 3.4788662662134553 -6.30 1.62 18.52 -1.9498740634679836 0.999949
Car 0.00 1 -1.672979132333074 652.88 170.94 692.76 204.91 1.549740298074336 1.626208900725975 3.751362847291031 3.39 1.69 39.89 -1.5881991357573362 0.8493309
Car 0.00 2 -1.9109792272236685 440.67 176.50 523.06 209.44 1.514545982592405 1.647603783077135 3.949597509704628 -6.17 1.72 34.77 -2.0866028695143655 0.7487267
DontCare -1 -1 -1.3976451168444495 490.80 169.53 542.84 204.75 1.4224381822912406 1.5650340907932663 3.728983866177597 -1000 -1000 -1000 -0.6122469534470012 0.9999206
DontCare -1 -1 1.11523632804421 544.49 168.24 650.22 199.58 1.4092270064918708 1.6377351985038662 3.8122274262235547 -1000 -1000 -1000 1.9006344914416582 0.9992562
