Car 0.00 0 -1.532411833354507 571.57 179.60 603.91 209.08 1.4382655102579307 1.5906459645093822 3.0882145335302735 -1.17 1.29 41.35 -1.56069932820889 0.99909115
Car 0.80 0 1.7667389521983008 0.00 205.28 265.73 375.00 1.5926382172672462 1.7077874758006477 4.2825194468126675 -4.80 1.63 5.92 1.085440726910452 0.994786
Car 0.00 1 -0.9701922694828848 136.22 185.78 306.39 270.44 1.4808990735380363 1.4974236332537079 3.676812784873047 -8.07 1.57 15.36 -1.4539454442580144 1.0
Car 0.00 1 -1.2087137858059744 270.44 185.03 380.49 242.16 1.4501578364340972 1.6289288832531714 3.608178677164116 -8.26 1.51 21.33 -1.5781789618585353 0.99986434
Van 0.00 0 -1.1453647772457938 352.25 128.59 490.38 255.86 2.268299363099537 1.921444746301098 5.495371935719299 -4.56 1.50 18.58 -1.3860331222388438 0.9979814
Car 0.00 1 -1.63608164439467 473.31 184.34 522.96 220.68 1.4861760478286457 1.6599884100915336 3.6341528614387895 -4.64 1.40 30.68 -1.7861827081891652 0.9999968
Car 0.00 1 -1.487636120119367 498.19 184.20 533.39 210.22 1.5044184200285386 1.6437394165159607 3.953478293620148 -5.33 1.38 41.87 -1.6142538866718619 0.9999089
Car 0.00 2 -1.626338885226522 39.41 183.65 212.98 258.82 1.526456735917033 1.610283817416563 3.4248219599352265 -11.44 1.57 17.36 -2.209005360126496 0.99999976
DontCare -1 -1 1.5757758431744318 534.36 172.63 565.68 201.36 1.5329897947429132 1.6382997941882753 3.5663996805773164 -1000 -1000 -1000 2.36117400657188 0.99206513
DontCare -1 -1 1.3981925855067114 511.74 175.87 530.13 182.63 1.4412409368722152 1.5915670723379993 4.003571855031051 -1000 -1000 -1000 2.1835907489041597 0.66747737
