Car 0.00 0 -1.8359347442772727 700.81 188.73 814.25 268.45 1.518915570229889 1.6146168087334776 3.5592574348078156 2.87 1.47 14.67 -1.6427375328907516 0.9996562
Car 0.16 0 -0.8315980593350272 0.00 180.48 219.26 296.92 1.527838147134186 1.5057744228006744 3.494462030135193 -8.12 1.51 11.67 -1.4395004746990203 0.91192776
Car 0.00 0 -1.321606875458036 247.01 188.39 446.58 308.53 1.5159085186949384 1.6232967667938614 3.5520990063772584 -3.76 1.54 10.98 -1.6515316347104747 0.9996947
Car 0.00 0 -1.600782054537211 436.42 180.28 514.05 237.64 1.4282759655086708 1.5815997042418861 3.08486379881958 -3.91 1.43 21.50 -1.7806764842576297 1.0
Car 0.00 0 1.3315034667637686 652.44 180.99 706.82 221.30 1.4771197404532146 1.595101117408409 3.4581114818678285 2.73 1.30 28.40 1.4273357763414993 0.8558459
Car 0.00 1 -1.2791849235680441 481.23 182.82 534.90 221.96 1.4954638279794168 1.625070163300767 3.696969391904869 -4.06 1.39 29.61 -1.415451034043819 0.9999975
Car 0.00 2 -1.2692948142674307 381.83 183.33 441.44 218.75 1.5696275349526119 1.5931467891396427 3.819616289936104 -8.40 1.34 30.97 -1.5341529265837432 0.99999964
Car 0.00 1 -1.684328326084886 437.23 183.28 478.75 210.07 1.5474054872809362 1.6190732394070768 3.7602791657076264 -8.44 1.32 40.66 -1.8889968284434189 0.9998901
Car 0.00 1 -1.3723804215576987 527.94 182.82 554.32 202.62 1.4905842676578474 1.6462492079199695 3.844025991052487 -4.81 1.20 52.18 -1.4643015600117764 0.9836016
Car 0.00 0 -1.6537826965239386 586.33 179.69 610.84 202.70 1.5685265477566432 1.6596838191808605 3.9433877935037995 -0.67 1.19 51.75 -1.6667288331107475 0.99999857
Car 0.00 1 -1.2874770323422293 626.82 180.85 648.39 200.05 1.5658138807682704 1.660254909908905 3.817797107748785 2.30 1.11 56.22 -1.2465891254098167 0.7366675
Car 0.00 1 -1.440278218188558 617.06 180.70 635.70 197.40 1.5275391553348314 1.6228293304057264 3.525026517115631 1.71 1.09 67.03 -1.4147727850472824 0.7534654
Van 0.00 3 -1.2764037112381796 230.09 161.47 301.27 199.31 2.1691657542367793 1.8607681641434861 4.753800449723053 -22.24 0.84 46.99 -1.718457705857297 0.54602283
DontCare -1 -1 -1.7787899384882788 555.69 166.17 598.00 195.55 1.4803014922706794 1.6070010431767845 3.7180505265818025 -1000 -1000 -1000 -0.9933917750908305 0.981574
