Car 0.77 1 -1.0154319564488272 0.00 218.42 194.83 374.00 1.5168607136054348 1.6890702389837646 3.7624872421250726 -5.93 1.96 6.86 -1.7282448069871403 0.8360847
Car 0.00 1 2.266190961995397 127.21 202.22 336.53 315.87 1.510676812735052 1.6127884120406055 3.8397680317387963 -5.93 1.97 11.73 1.7981201086196916 0.95719653
Car 0.00 1 1.9019223610546927 294.93 195.85 420.03 265.64 1.5109131805418443 1.6257150464416885 4.113083200655975 -6.02 2.01 17.57 1.5718287344491664 1.0
Car 0.01 0 2.3019293705609183 968.80 136.47 1241.00 232.69 1.5046720824955415 1.6315827567787313 3.8057797869072343 9.02 1.03 13.39 2.894742107084056 0.91309404
Car 0.00 2 2.08326251904038 935.10 138.79 1104.84 221.95 1.5951457399694633 1.66183601996912 3.7371358220801736 8.96 1.02 16.00 2.593750840957156 0.5863005
Car 0.00 2 1.5395031171527247 871.84 145.04 1039.27 215.60 1.5616235140530776 1.7108341448666 4.09274931450943 8.64 1.03 18.32 1.980186565862356 0.99870455
Car 0.00 2 2.2180739800122122 814.87 154.84 963.03 211.92 1.4492103759019088 1.6265334908576154 4.177585469685592 8.05 1.09 21.13 2.5820726165250028 0.9786084
Car 0.00 1 1.8678096691754202 399.97 188.66 480.02 235.21 1.4429382685391616 1.6715708964229965 3.6159540136680985 -5.85 2.01 25.15 1.6392691683107101 0.9998227
Car 0.00 1 -1.9893432120468955 687.47 175.61 777.51 237.15 1.5349438454775524 1.599580484694376 3.708772765599289 3.14 1.57 19.40 -1.8288791247570988 0.9963194
Car 0.00 2 -1.6408377299692969 672.91 173.57 734.09 223.54 1.6141697171895217 1.6535574265481376 3.5799914767370606 3.11 1.62 24.95 -1.5168280563105903 0.6379006
DontCare -1 -1 0.9077671329167227 481.10 178.59 551.90 222.87 1.4912085145531606 1.686819455838337 3.858553926005126 -1000 -1000 -1000 1.693165296314171 0.84431154
DontCare -1 -1 -1.4938439885762076 636.35 174.71 670.93 211.88 1.5395708609192085 1.6473950438858413 3.872061836660006 -1000 -1000 -1000 -0.7084458251787593 0.6972175
DontCare -1 -1 -2.0533156553891043 587.83 172.77 617.88 191.82 1.5646531436412048 1.6267121874452972 4.3462390770540615 -1000 -1000 -1000 -1.267917491991656 0.9866803
