Car 0.12 0 -2.0085352520134787 828.51 201.54 1196.86 374.00 1.455814406630249 1.5872401700080776 3.7536968534217263 3.64 1.75 7.53 -1.5582558305769867 0.6956148
Car 0.00 1 -1.6377015570786337 756.84 188.00 907.61 288.28 1.4341761249868583 1.5817685567499542 3.7384741251693154 3.82 1.81 13.23 -1.356608887879856 0.9995059
Car 0.00 0 1.7269391725447516 439.80 185.05 520.09 239.69 1.5385609626589727 1.5946494594873333 3.6105574836359406 -4.13 2.00 23.27 1.5512865336330077 0.999941
Car 0.70 3 -1.6172886314478259 1113.54 179.21 1241.00 267.79 1.6264908168284606 1.5791615091921234 4.261375384532013 11.44 1.60 12.51 -0.8765371883538532 0.98233
Car 0.00 2 -1.2958368519928793 480.60 183.66 542.99 228.55 1.5148471490299713 1.654879647559061 3.662093998991051 -3.83 2.06 28.50 -1.4294224863200593 0.9990011
Car 0.00 0 1.5334111238506178 693.44 176.69 729.20 209.32 1.6317301545111846 1.6507055566371822 3.5597922970877076 5.82 2.02 42.10 1.6707827201963503 0.98072594
Car 0.00 2 1.7583187083390097 510.83 187.66 558.65 220.61 1.535649177041502 1.637691247528925 3.9113689382896806 -3.46 2.11 33.44 1.6552166945680824 0.9880215
Car 0.00 2 1.336225182810102 529.44 185.04 572.66 215.05 1.4990602921514224 1.6313736562342787 3.785573313139477 -3.09 2.13 38.18 1.2554687702487777 0.9219136
Car 0.00 2 -0.27000923553970857 166.67 187.64 300.44 229.36 1.5916070047585678 1.6905225657583618 3.9208478723988915 -14.64 2.11 28.18 -0.7491485628649552 0.9984849
DontCare -1 -1 -2.0105350176480155 345.25 178.59 395.35 205.41 1.466459349152298 1.645853895014658 3.7501409297213937 -1000 -1000 -1000 -1.2251368542505672 0.6597349
DontCare -1 -1 -2.7908328334477286 594.30 176.00 656.69 198.29 1.4193153012363624 1.6681395315290832 3.9603100811467553 -1000 -1000 -1000 -2.0054346700502803 0.67243075
DontCare -1 -1 -1.5644205520537238 660.28 172.77 668.98 187.94 1.5437796808598947 1.6439414129318142 3.6233042200432206 -1000 -1000 -1000 -0.7790223886562755 0.9474916
