Car 0.00 0 -1.986516879000936 744.03 171.72 1011.05 345.81 1.4977804407297086 1.584888710892334 2.718300717078247 2.92 1.68 8.96 -1.6714776332356165 0.9999999
Car 0.00 2 -1.265443936982427 99.13 172.56 359.54 271.26 1.412000552174301 1.605515874242916 3.568425433836975 -6.80 1.66 13.07 -1.745180018083996 0.99953187
Car 0.16 3 -1.7833390543845038 0.00 175.84 294.76 295.72 1.3068655434815597 1.5925245427252197 3.327792303763428 -7.10 1.67 10.65 -2.371341657932071 0.9999939
Car 0.00 2 0.37346382538345857 249.20 180.17 446.36 255.10 1.4544583935110282 1.6817159385146045 3.80319878285388 -5.67 1.70 15.77 0.028312484808473426 0.92358434
Car 0.00 2 1.6740307892349104 358.57 177.76 463.19 224.81 1.500550544243903 1.6024373576702022 3.4830546547994996 -6.96 1.76 25.27 1.4052691251418483 0.75474614
Car 0.00 2 1.4553650180485587 379.99 180.43 481.72 220.33 1.4946520555584144 1.7096357562304878 3.5637686421499635 -6.77 1.74 27.32 1.2124544260793544 0.9999801
Van 0.00 2 1.6788407425072531 397.32 166.81 510.17 216.39 2.231738641404114 1.9277607338582707 4.898888138884353 -6.40 1.73 29.74 1.4668749694287175 0.99847215
Car 0.00 1 -2.5796331922200064 705.51 177.76 779.34 209.80 1.4377086240617942 1.6239112236262703 3.711520569525757 6.20 1.68 34.25 -2.400550603234594 0.85581887
Car 0.00 0 -1.6643366004016737 623.44 177.66 656.30 200.62 1.5175323140627157 1.6242295049787903 3.909879176072874 1.86 1.73 46.43 -1.6242977039219224 0.9999975
DontCare -1 -1 0.950449482598577 513.44 167.59 617.88 201.52 1.4839189950196456 1.6682391979457283 3.9873340894804383 -1000 -1000 -1000 1.7358476459960253 0.5321416
