Car 0.07 3 -1.281806812682424 0.00 213.56 251.18 363.44 1.4882996346621227 1.582601252263918 3.8233035450206185 -6.32 2.07 9.69 -1.8597402288526426 0.9905634
Car 0.00 0 -1.59637709061173 565.09 189.33 629.36 234.25 1.513527067732663 1.5566167079569244 3.1912152936087037 -0.57 1.99 25.31 -1.6188940271736274 0.9999964
Car 0.00 1 -1.4617390344527106 766.98 169.47 890.73 222.12 1.5501065611659002 1.6019219451309585 4.124514477454223 7.68 1.66 25.50 -1.1692032589520411 0.9318784
Car 0.00 2 -1.5697605257763083 555.37 187.07 602.48 225.73 1.4968537822185468 1.6634026237489128 3.657050551973381 -1.43 2.13 31.03 -1.6158123773789852 0.99999464
Car 0.00 0 1.6527042920377593 385.16 190.67 428.69 222.53 1.5808585848478984 1.6561649285913849 3.929507920645275 -11.04 2.59 39.33 1.379044970955669 0.99979085
Car 0.00 1 1.6663393984225134 699.71 179.17 807.55 215.09 1.4800557460455608 1.6625849523307228 3.766528675459423 6.26 1.79 31.72 1.861187347624846 0.99333847
Car 0.00 1 -1.4805412823942046 542.33 183.26 566.01 206.11 1.5529928061930847 1.6050601520301246 3.942094514273205 -4.67 2.65 59.70 -1.5586067677270572 0.89174694
Car 0.00 0 -2.0386516312744956 678.75 198.78 899.71 327.26 1.4400588203041267 1.5843201645375633 4.002392562233009 2.22 1.77 10.18 -1.8239385256861331 0.9995722
DontCare -1 -1 1.8009798983719687 1000.50 154.01 1239.96 373.00 1.4874480742780876 1.5718613036633873 4.058235200248756 -1000 -1000 -1000 2.586378061769417 0.9063815
DontCare -1 -1 1.7258676896479468 432.58 183.12 520.85 216.40 1.458427384850235 1.651677823877468 4.15922571917633 -1000 -1000 -1000 2.511265853045395 0.8555197
DontCare -1 -1 -1.3890791247275214 185.48 195.41 255.64 211.88 1.493218860012145 1.6677095138193512 4.119183020792999 -1000 -1000 -1000 -0.6036809613300731 0.9765563
