Car 0.00 1 1.8876734832909445 354.07 194.64 440.81 250.24 1.5507984109042596 1.5938442566157722 3.8300502543673898 -6.20 2.10 21.26 1.6039154986400752 0.9999839
Car 0.00 1 -1.527587660649095 664.82 175.39 729.18 223.41 1.5318478070019197 1.6411566895158434 3.8428708604873205 2.88 1.62 24.89 -1.4123908258979347 0.9935545
Car 0.00 1 1.478021108606134 409.09 190.63 476.78 232.53 1.4404816035000991 1.6260986805619144 3.5352425446138764 -6.12 2.05 26.69 1.2526182577840728 1.0
Car 0.00 1 1.660856739678655 459.28 180.32 508.11 218.54 1.5153118440701079 1.6640217446447754 3.9396400322542573 -6.12 2.11 35.17 1.488569931683567 0.99998534
Car 0.00 2 1.764262975254331 481.47 180.60 521.08 210.07 1.5403759389935445 1.601410365915432 3.6234990825281526 -6.28 2.07 41.85 1.615314605509922 0.9994407
Van 0.00 0 0.9966921369221549 1069.40 130.47 1187.45 182.33 2.2229509870638466 1.9774811068629456 5.204350111836242 24.63 0.44 34.56 1.615873335037885 0.99140644
Car 0.29 3 -1.3987870524313788 0.00 207.84 85.28 249.05 1.495179674011321 1.5482080348493004 3.163584845267334 -23.52 2.90 29.20 -2.076860204914141 0.8856264
Car 0.00 1 -0.9879700700428824 14.10 203.39 142.01 249.01 1.398219786938877 1.609026356852188 3.5313979556188966 -20.82 2.78 28.45 -1.6197277041863354 0.7018794
DontCare -1 -1 2.89401371876267 527.03 174.06 647.00 202.82 1.4237085584370803 1.7173867814899826 4.1019431670532605 -1000 -1000 -1000 3.6794118821601183 0.9421023
DontCare -1 -1 -1.649388880529676 1161.60 115.84 1238.87 173.06 1.5187077632924926 1.6419964630813741 3.8185997029171372 -1000 -1000 -1000 -0.8639907171322276 0.98808974
DontCare -1 -1 -1.2419174770500998 743.73 159.83 780.90 175.65 1.4539744857518386 1.6415266462327385 3.979947822295227 -1000 -1000 -1000 -0.4565193136526515 0.9173046
