Car 0.00 0 1.977220402159963 381.15 186.27 485.40 251.54 1.6033911261527252 1.6709083833457374 3.8241386805997277 -4.47 1.84 18.60 1.7413704318182037 0.99999964
Car 1.00 1 1.4758958304908614 1086.38 220.84 1241.00 374.00 1.4677863161830615 1.7093065746785545 3.909003028772869 3.83 1.70 2.70 2.4326445267914214 0.94005626
Car 0.00 0 -2.1052991906788687 828.15 179.81 1117.60 350.80 1.3806608620850753 1.5185827606083298 3.345387118063965 3.90 1.68 8.48 -1.674238316418952 0.99599624
Car 0.00 1 -1.7785750637438635 760.25 182.66 900.23 274.38 1.5035587757645559 1.6428741992176914 3.709875168405571 3.94 1.67 13.64 -1.4973729361090395 0.99967086
Car 0.00 2 1.6901748041298728 444.20 183.56 519.06 230.70 1.5193640509440016 1.6107796684564495 3.8182591555045033 -4.26 1.81 24.26 1.5163492653144364 0.9999852
Car 0.00 2 1.4414730230954031 724.00 178.90 812.35 241.58 1.6439392048685264 1.6144789077998543 3.777466507755318 4.04 1.66 19.09 1.650025020247157 0.96946007
Car 0.00 2 -1.127081231274877 478.47 182.70 539.37 219.76 1.489884905871601 1.6060004488290691 3.7087358852253343 -4.11 1.81 29.70 -1.2645917284760517 0.7121606
Car 0.00 2 -2.3345510522511344 699.85 177.83 768.42 226.77 1.5258322114875924 1.6590983413816833 3.648923086129227 4.07 1.68 24.41 -2.169335942896128 0.99777216
Car 0.00 0 -1.6032638671484332 542.75 178.58 575.18 202.69 1.446088411268444 1.5590867393375778 3.268552916251221 -3.21 1.83 45.55 -1.6736195605215023 0.99933666
DontCare -1 -1 -1.4530545706537108 642.82 170.83 699.39 213.82 1.486878157016487 1.6294464993016267 3.9813475032673264 -1000 -1000 -1000 -0.6676564072562625 0.7793532
