Car 1.00 0 0.8442211310055594 1232.83 196.20 1241.00 374.00 1.5379001315502834 1.6623421900631332 3.8144860771820928 3.04 1.59 0.65 2.2043734617750577 0.658345
Car 0.00 0 -2.0304076532509665 716.56 183.18 931.58 319.07 1.4181293401686859 1.674679077482357 3.6337554623709107 2.56 1.60 9.57 -1.7690249768580295 0.9998721
Cyclist 0.00 0 -1.5724521693217124 320.97 177.55 393.08 302.17 1.6754820081759547 0.6201307566075516 1.7755980380276704 -3.90 1.84 11.13 -1.9094871327504919 0.9798647
Car 0.00 1 -1.3308555046704154 211.89 200.59 375.12 299.47 1.4680606987147045 1.6698196151019478 3.743950644634762 -5.35 1.89 12.57 -1.7332482573265888 0.99815077
Car 0.00 1 -1.4291192452099661 634.87 175.66 748.37 259.67 1.542360486817212 1.6359519430161857 3.808810984842577 1.70 1.78 16.62 -1.3271873446474751 0.8350555
Car 0.00 2 1.8224882344391684 293.88 189.55 408.42 261.47 1.4865306656627368 1.6713209815980339 3.5529596378431703 -6.24 1.92 17.78 1.4849618824992927 0.9522523
Car 0.00 0 -1.6596229309823851 575.44 183.20 631.45 224.25 1.565415885653944 1.6744010516168022 3.3414974381552125 -0.36 1.91 28.55 -1.672231719844417 0.9817353
Car 0.00 1 -1.8244970301773886 406.86 188.68 451.04 221.47 1.5115746002464008 1.643440733915701 3.7915163581595803 -8.43 2.16 33.69 -2.0696852051386063 0.9999733
Car 0.00 1 -1.6399281928923468 553.09 183.80 589.02 213.19 1.5284419915458571 1.6333148193271303 3.8870036659167195 -2.15 2.07 38.60 -1.6955701804528835 0.9960996
Pedestrian 0.00 1 -1.431225554147039 406.63 177.87 418.74 209.02 1.748040540088321 0.6579678821650219 0.9659731728742027 -11.59 2.10 42.26 -1.6988986539195818 0.7924123
Pedestrian 0.00 0 -1.7435041526940207 397.13 182.97 407.90 214.25 1.717880961895342 0.7229440938022804 1.3953863499472046 -12.13 2.39 42.10 -2.0240297924720143 0.959335
Cyclist 0.00 0 1.3820838342097144 393.42 183.18 448.78 282.24 1.7745341840554332 0.61500752877285 1.7101054368937874 -3.53 1.89 13.45 1.1254189771227925 0.6110829
DontCare -1 -1 -1.4823285723712782 452.64 183.12 476.87 210.58 1.5339497647999238 1.6119997867108726 3.790849434338608 -1000 -1000 -1000 -0.69693040897383 0.5280594
DontCare -1 -1 1.5006204853442053 505.68 178.59 553.20 204.76 1.5075631126581144 1.6568877876461887 3.9051188511178876 -1000 -1000 -1000 2.2860186487416536 0.9925073
DontCare -1 -1 1.6388156423952918 486.92 179.24 498.21 195.71 1.522003547177316 1.5891307436586761 3.8849403654561425 -1000 -1000 -1000 2.42421380579274 0.94541407
