Cyclist 1.00 0 -1.8843682269242148 1218.90 192.93 1241.00 374.00 1.6871048356760596 0.5911484227686119 1.6606469257200622 2.72 1.66 2.00 -0.9475946197927402 0.7185177
Car 0.00 0 1.9123937348511557 284.44 179.15 486.25 293.30 1.434744671341629 1.5517358922125244 3.823199680201807 -3.24 1.55 11.06 1.627419562328314 1.0
Car 0.00 1 -1.926456050076757 406.29 160.46 541.26 257.34 1.5673802163271617 1.6183128201128387 3.587613659106293 -2.76 1.58 15.41 -2.1036814350264765 0.990978
Van 0.00 1 -2.4063373963024954 882.73 107.60 1138.87 216.79 2.1370904254843808 1.8960004342799617 5.166881931775856 10.53 1.09 19.33 -1.907534527220934 0.5644267
Car 0.00 0 -1.6441183845188956 719.98 169.87 793.95 218.15 1.5490264281450223 1.6001464196206474 3.2296312024221803 4.72 1.39 23.87 -1.4488990120936833 0.999946
Car 0.00 1 1.7100677351143698 513.73 165.30 581.96 220.82 1.4911280296562623 1.6519042693735504 3.9635043462143327 -2.07 1.52 24.61 1.6261531081751783 0.99998593
Car 0.00 1 1.374243558445249 702.76 160.38 763.97 206.98 1.3867859843938064 1.735131829297676 4.08340656956295 5.00 1.33 29.98 1.5395004141372557 0.9895083
Car 0.00 2 -1.6245470168676714 544.22 164.96 590.86 208.65 1.6053873527614784 1.6912002258659744 3.714220570527115 -1.72 1.40 29.57 -1.6826486099826363 0.67442995
DontCare -1 -1 -1.0443996349957327 593.01 163.07 615.94 189.89 1.4777505252330017 1.6118951284052276 3.829758597664633 -1000 -1000 -1000 -0.25900147159828446 0.87174803
DontCare -1 -1 -1.450466209152017 651.23 161.77 679.34 180.18 1.5994886610476684 1.6732478358508491 4.451931195460357 -1000 -1000 -1000 -0.6650680457545688 0.94480747
