Car 0.00 1 -2.2974974075939993 1005.53 139.01 1196.09 198.38 1.5166692397376906 1.537383451378479 3.627696307502785 13.56 0.44 19.51 -1.6901160276579712 0.9314092
Car 0.00 0 -1.4776044795897345 502.90 173.34 548.39 207.23 1.6603318307368469 1.649461311540141 4.342148291073837 -3.72 1.18 33.62 -1.5878046325617012 0.9993962
Cyclist 0.00 1 -1.6102047162738184 679.21 162.29 713.86 195.04 1.7202838319707965 0.5899264157920074 1.754126896190133 4.96 0.77 38.33 -1.48151727129884 0.81600714
Cyclist 0.00 0 -0.9242312471058707 619.37 166.41 651.75 198.72 1.7160925246198033 0.5425411478786659 1.9269164456451797 1.80 1.05 41.56 -0.8809474221329675 0.65782064
Cyclist 0.00 0 -1.5387408631530146 357.66 177.26 389.20 216.26 1.7400609087553178 0.5608940475790691 1.8415981335962677 -10.42 1.56 31.85 -1.8549238616019625 0.9848496
Pedestrian 0.00 0 1.9642684022572379 440.51 173.23 468.38 209.46 1.7344576655331803 0.6502267140236568 0.8311660704920196 -8.08 1.54 37.95 1.7544891050712097 0.6197963
DontCare -1 -1 2.21694012085465 840.63 159.74 896.84 179.82 1.451884515938015 1.6456653636605882 4.038532080255546 -1000 -1000 -1000 3.0023382842520983 0.56474406
DontCare -1 -1 2.6754183332112174 906.27 155.25 979.64 176.12 1.4603285569517326 1.608487635171547 3.901624987028637 -1000 -1000 -1000 3.4608164966086656 0.5378196
DontCare -1 -1 -1.5960510997709374 553.65 169.20 573.69 192.11 1.511721387860031 1.5900967300595188 3.6910287906752015 -1000 -1000 -1000 -0.8106529363734891 0.97250956
DontCare -1 -1 -1.5082336972143988 740.12 159.64 756.33 184.46 1.5124733647151303 1.6033184558810138 3.736075224481621 -1000 -1000 -1000 -0.7228355338169505 0.9743998
DontCare -1 -1 1.8005175600436072 340.77 183.10 349.27 211.34 1.5180615893384826 1.6742302060784244 3.8084342685864354 -1000 -1000 -1000 2.5859157234410555 0.9155691
