Car 0.00 0 -1.9065494696286063 748.94 190.95 967.69 330.44 1.4645314331917476 1.5727244385243797 3.730666937433281 2.89 1.66 9.26 -1.6040335822343683 0.99942917
Car 0.58 0 1.7341148714211325 0.00 185.30 213.40 366.93 1.5908346105186653 1.6431986086727524 3.79377777328352 -5.85 1.62 6.72 1.017818917690002 0.87560713
Van 0.13 3 -1.336350874104772 0.00 168.07 296.18 319.52 2.1701972796698428 1.8918757909988595 4.565672991627502 -5.91 1.67 9.00 -1.9173984120567293 0.9992465
Car 0.00 1 -1.2138029793885092 168.53 176.19 379.57 268.62 1.4241416383354377 1.7233696647645378 4.042746039234199 -6.37 1.71 13.87 -1.6443345845525532 0.9831307
Car 0.00 2 -0.5912497202542166 790.97 191.87 990.75 255.16 1.53946260212049 1.5983640097738647 4.09097655316452 6.30 1.81 16.61 -0.22872363213941937 0.9984205
Car 0.00 2 -1.993653611340795 774.81 177.31 922.31 241.95 1.5183103509532672 1.6338136347667718 3.9620093201623345 6.19 1.77 19.13 -1.6807106303881045 0.8905141
Car 0.00 2 1.353554100790296 711.87 170.81 841.20 220.73 1.5410270824848127 1.6972428329945946 3.897903887681761 6.13 1.72 26.98 1.5769666209326347 0.99414045
Misc 0.00 2 -1.5657455009084682 367.52 189.46 450.62 229.58 1.4687932994036388 1.6375729006440782 3.6718337108717347 -5.80 1.58 20.81 -1.837559589247421 0.752309
Car 0.00 2 -1.4201340983298163 320.66 150.52 464.32 223.97 1.5438172876654577 1.6565707915188217 3.9137339202092076 -6.91 1.56 23.07 -1.7111533953213778 0.75415933
Van 0.00 0 1.4785547191884856 633.92 155.92 682.73 206.13 2.0393156106700516 1.7827597955321504 4.508665798062133 2.34 1.58 36.88 1.5419188042143288 0.94135773
Car 0.00 2 1.0849654833462576 404.31 173.52 507.13 207.69 1.5369630794791889 1.5936321236850166 3.9862097223625566 -6.95 1.52 32.64 0.8751697363021786 0.9991128
Car 0.00 2 2.0696694115784506 440.75 169.72 528.44 206.00 1.6021619144646835 1.5955140285850906 4.284827428065338 -6.54 1.67 37.75 1.8981270691418035 0.88378817
Van 0.00 2 1.292232976355825 623.49 157.01 654.87 193.68 2.1773580885609007 1.92240997646801 4.749378112906265 2.11 1.50 54.36 1.3310288059223254 0.78705347
Van 0.00 2 -1.055065886178289 507.03 161.01 564.53 189.24 2.1656936700572587 1.9781597727989388 5.302108866924095 -7.74 1.68 75.61 -1.157077957086054 0.91646975
DontCare -1 -1 1.4901200542834143 570.35 166.41 602.07 180.78 1.5029459189443302 1.6316945899934912 3.8283831944094087 -1000 -1000 -1000 2.2755182176808626 0.63994104
DontCare -1 -1 -1.7127251933005194 605.48 171.66 618.70 181.60 1.4824005927710246 1.6263336197198772 3.92034821411232 -1000 -1000 -1000 -0.9273270299030711 0.62126625
