Car 0.00 0 -1.2449821392681937 301.67 178.58 480.40 290.82 1.4926170915184926 1.6057390005053425 3.7011639495716477 -3.28 1.49 11.49 -1.5230518867932774 0.99998665
Cyclist 0.49 1 2.2277569929745535 1154.66 125.54 1223.00 216.66 1.7703302498329734 0.6206385956316185 1.9240550799692535 11.88 0.69 13.77 2.9396038658834622 0.92000395
Cyclist 0.00 1 -1.654103503623281 1051.40 134.72 1135.78 204.80 1.7447764776069974 0.5876855121164513 1.846207189413395 13.31 0.64 19.33 -1.0510919810913966 0.9994006
Pedestrian 0.00 0 1.285098866620336 573.64 156.19 607.42 228.70 1.825470679849739 0.7058757822302055 0.8800792578393721 -0.41 1.22 18.29 1.2626859992048858 0.5919815
Cyclist 0.00 1 -2.160159067311559 822.32 152.35 868.76 194.04 1.7496150895376061 0.5309565791099262 1.6734789936269188 10.10 0.55 29.72 -1.8325653394405308 0.98243195
Pedestrian 0.00 2 0.3820287744191031 398.78 155.99 427.38 238.76 1.7706828745458079 0.7359048183348846 0.7196388212749862 -4.31 1.27 15.79 0.11556238597234958 0.9539407
Cyclist 0.00 0 -1.8969637612488608 871.27 149.48 900.58 197.51 1.7542136083711242 0.5353578643112373 1.8346119812155628 10.45 0.61 26.30 -1.5187539680253743 0.98917156
Pedestrian 0.00 1 -1.797203735509191 183.54 177.52 219.29 238.73 1.7686447700861645 0.6039952020433617 0.7034699139902496 -11.65 1.64 20.24 -2.3194834702614244 0.9133609
Pedestrian 0.00 1 -1.4357743273165564 166.62 181.26 197.83 240.47 1.7798083866391134 0.6583631689933014 0.8817882887805009 -11.67 1.65 19.71 -1.9703538221026604 0.99876803
Cyclist 0.00 1 -1.4839056963708739 285.42 167.79 370.43 244.82 1.691524534987316 0.614401520898838 1.5612123562420273 -6.44 1.42 16.38 -1.8585037227371823 0.9596571
Pedestrian 0.00 0 -1.453991905846868 206.30 177.25 237.60 238.82 1.7229212871197415 0.6395742687669468 0.8177256664047146 -10.10 1.53 18.83 -1.946316743162404 0.99148023
Pedestrian 0.00 0 -1.7266637245800833 167.37 172.47 208.05 249.66 1.7907726480070305 0.6560387722489309 1.1187333283731842 -9.98 1.62 17.01 -2.2572565996844145 0.78139573
Pedestrian 0.00 2 -2.10431166092423 305.13 163.59 328.19 239.67 1.709768728763218 0.5999071653273773 0.6296472815582657 -7.50 1.52 18.48 -2.489845928629232 0.87283623
Car 0.62 1 -1.6232761154558997 1161.86 134.30 1223.00 176.25 1.5051189198909711 1.6441149257780456 3.837873753286996 24.42 -0.19 27.33 -0.8940506794384979 0.6755207
Car 0.00 1 0.013237758478846118 1048.54 149.10 1184.21 184.86 1.4718577604560565 1.6867873810888672 4.074751513205566 19.58 0.13 27.21 0.6369896749159457 0.741868
DontCare -1 -1 1.6247054348376135 470.45 169.20 496.22 189.24 1.5572049323289108 1.6720428050221348 4.048842491708793 -1000 -1000 -1000 2.410103598235062 0.99429107
DontCare -1 -1 -1.8336814800885062 622.50 162.51 654.01 174.90 1.4685249555675697 1.619696223428979 4.040611224375763 -1000 -1000 -1000 -1.048283316691058 0.9363239
