Car 0.96 0 -1.8569485704090933 0.00 234.42 146.91 374.00 1.484327212330551 1.6740776666165733 5.0067277123556515 -4.79 1.87 4.46 -2.678007285578932 0.76510817
Car 0.00 0 1.5244324477997164 741.11 153.76 1054.80 362.81 1.4637383822171401 1.549166842615738 3.986674757801094 2.68 1.56 7.81 1.8549916598453344 0.9933385
Car 0.00 1 1.9675611416485648 27.52 199.23 337.67 358.55 1.3332817110984039 1.6129794672788524 3.894243167840042 -5.22 1.89 9.53 1.4664516601343238 0.9994986
Car 0.00 0 -1.8201510469105582 625.13 180.25 711.44 240.45 1.5324178136704873 1.6244166989536428 3.288724141322174 1.47 1.71 19.94 -1.746563003105048 0.99997056
Car 0.00 0 -1.498506718375955 400.80 188.79 467.50 232.78 1.4812684733240318 1.6993805684806251 3.714729519687691 -6.19 1.99 25.57 -1.7360180177678388 0.99962115
Car 0.00 1 -1.6083327206459384 597.58 180.05 642.64 217.93 1.534235472214074 1.6096943647326374 3.802680743984976 0.34 1.78 30.09 -1.5970337664743826 0.5059484
Car 0.00 1 -1.5016006315734725 433.11 179.42 484.58 217.82 1.5618561360804748 1.5679619603516006 3.4133616258726502 -7.23 2.05 34.71 -1.7069615058700771 0.99985206
Car 0.00 0 -1.4867013404753546 463.96 180.88 497.61 206.29 1.509047243167312 1.6655521535040283 3.957249859474697 -8.66 2.17 48.48 -1.663467309214347 0.99412173
Car 0.00 1 -1.58182332577673 581.90 177.12 614.03 203.79 1.5130831621406984 1.5786848955513382 3.3233050276861573 -0.83 1.90 45.85 -1.5999238569421292 0.9283495
DontCare -1 -1 -1.2106193462994437 525.89 178.27 540.41 192.80 1.452229507621975 1.5706954591633224 3.920671964190998 -1000 -1000 -1000 -0.4252211829019954 0.6466384
DontCare -1 -1 1.7501062313702445 552.09 176.33 561.76 192.80 1.4587987590400886 1.6081682027043247 3.7754675616846467 -1000 -1000 -1000 2.5355043947676927 0.9449281
DontCare -1 -1 -1.4472825909641127 562.77 173.42 577.29 186.00 1.514456815440805 1.612554623997345 3.7788865288124467 -1000 -1000 -1000 -0.6618844275666644 0.9110957
DontCare -1 -1 1.6864711279657225 503.58 182.15 521.02 193.76 1.4101432937948417 1.6150756210745716 3.698383422695198 -1000 -1000 -1000 2.471869291363171 0.93241525
