Car 0.00 0 1.8713747719910483 139.85 185.69 373.56 321.86 1.4346410933701705 1.6802601136924171 4.682085411749878 -5.00 1.83 10.74 1.4356655109508252 1.0
Cyclist 0.00 0 1.6877750242736678 477.98 173.50 510.79 237.62 1.7153542093355512 0.5568371487020445 1.3710620208109283 -3.53 1.88 21.92 1.528105744075746 0.9156922
Cyclist 0.00 0 -1.4466499323633055 508.65 175.12 533.83 234.30 1.7538898378033494 0.5542040576397371 1.703660282346096 -2.78 1.84 22.42 -1.5700166764356975 0.6873466
Car 0.00 1 -1.3665047595885138 430.37 181.79 501.40 225.68 1.5088761452405166 1.6665354476035976 3.887329394124546 -5.30 1.81 26.94 -1.5607574726433866 0.5449869
Cyclist 0.00 0 -1.5237076366927962 532.47 175.54 548.17 211.79 1.781989570276842 0.5878866368143749 1.80351447224864 -3.54 1.92 36.49 -1.6204178785335552 0.7329105
Car 0.00 1 -1.4514303589847426 640.38 176.84 669.76 200.97 1.4355048317281913 1.5957067453028106 3.720866026483574 2.96 1.79 47.70 -1.3894553204956257 0.99390066
Car 0.06 0 -2.0641956786301474 754.21 172.37 1074.42 374.00 1.3813765499560546 1.5304881327511215 3.3193530609236146 2.63 1.63 7.29 -1.7179602224733128 0.8972801
DontCare -1 -1 0.7524193684246878 701.52 166.62 715.07 205.40 1.5487195983348798 1.6007624298991108 3.7545561884866143 -1000 -1000 -1000 1.537817531822136 0.9008596
DontCare -1 -1 2.2870221892979483 620.01 171.48 637.45 187.95 1.6524677429167938 1.6355546836466932 3.925185429059067 -1000 -1000 -1000 3.0724203526953966 0.68992025
DontCare -1 -1 -0.8994199196484427 682.11 173.42 703.43 183.09 1.4653358835546684 1.612839206373825 3.758036458991566 -1000 -1000 -1000 -0.11402175625099442 0.526552
