Car 0.00 0 -1.5348584177580218 569.63 175.80 657.42 255.74 1.4296902719704818 1.6547428511740112 3.4152146746740724 0.11 1.41 16.44 -1.5281675200391867 1.0
Car 0.00 0 -1.2282335321095328 272.69 190.35 425.78 279.61 1.4813718426792335 1.6507261891575002 3.4322354962454225 -4.66 1.51 13.35 -1.5640739614622743 0.98225224
Car 0.00 1 -1.398882151642118 192.67 183.36 335.02 252.49 1.5277005889272701 1.5901866734684849 3.47989194294075 -8.38 1.47 17.84 -1.8380226390882313 1.0
Car 0.00 1 -1.4590033004668097 414.69 181.73 499.72 235.09 1.5845926482050132 1.6328662981004858 3.9526506086216355 -4.47 1.34 21.78 -1.6614266030805118 0.99998283
Misc 0.00 1 1.455994994440351 457.12 127.65 547.48 217.29 1.6284772906272125 1.6193317428888225 4.094562458001175 -4.63 1.20 33.94 1.3204146883200525 0.9527017
Misc 0.00 1 -1.4512732932951788 538.51 150.16 571.32 194.52 1.5752397145895671 1.6401308842660332 3.71616739233593 -4.99 0.77 69.98 -1.5224588947913729 0.63339674
Car 0.00 0 1.520176620283399 0.00 185.12 171.52 252.73 1.5316961318074178 1.519739671862259 3.36299775739769 -12.87 1.49 17.97 0.8986649071387884 0.7576659
Van 0.00 1 -1.626337812342916 342.23 169.26 402.84 207.93 2.2388004693319417 1.9253877202128602 4.886965496295738 -12.12 1.09 37.23 -1.941061586342042 1.0
Car 0.00 1 -1.4696642766383032 641.30 182.40 671.95 200.93 1.4800669181911659 1.6211852778406286 3.4103413095102693 3.94 1.20 57.65 -1.4014269343829788 0.99921715
Car 0.00 0 1.4842622066524367 698.69 184.36 721.25 198.72 1.5876417014567565 1.7117140286327743 3.7490089332089807 11.17 1.43 78.35 1.6258733529694767 0.9905013
