Car 0.00 0 1.8944501737740378 238.12 207.91 445.17 350.91 1.5966087136237335 1.567252821540966 3.7141530533657456 -3.65 2.10 10.43 1.5578180620533106 0.99999213
Car 0.70 0 1.3952013562109808 860.50 196.01 1241.00 374.00 1.5413773361413192 1.6238878586055183 4.31370444794754 2.97 1.67 4.74 1.9549376807291539 0.9577155
Car 0.00 1 -1.9418606917050223 723.92 194.87 941.71 344.91 1.5139349707221996 1.5230867185355568 4.0152168293819805 2.58 1.81 9.36 -1.672898622088166 0.9997843
Car 0.00 2 1.3262911299851279 676.83 196.33 798.78 279.19 1.5449927210627508 1.5321500145555877 3.9582579155788804 2.50 1.95 15.44 1.486815076865075 0.7317694
Car 0.00 1 1.6680338765170912 376.72 206.15 494.82 285.86 1.6722590777842712 1.6127289228798294 4.15452613135437 -3.82 2.24 16.36 1.4386473658173597 0.9980171
Car 0.00 2 -1.0352135459568839 438.90 203.27 506.89 259.61 1.5135380964545917 1.653878334230318 3.905868390701809 -4.15 2.45 22.04 -1.2213284299828244 0.99986136
Car 0.00 2 1.514932588734899 470.02 203.71 528.18 248.69 1.4843731749622535 1.6373692036332035 3.580385701857605 -4.03 2.59 26.45 1.3637324935042296 0.9741364
Car 0.00 2 -2.074993030228887 666.30 193.90 745.37 251.96 1.5295485634176444 1.6186213263036155 3.5415548553095246 2.71 2.14 21.64 -1.950410543221738 0.613414
Car 0.00 2 -1.7288380275156836 658.48 195.99 713.04 240.79 1.5062976781098556 1.5721563094021225 3.7275810261593247 2.74 2.39 27.00 -1.6277027778506112 0.99996066
Car 0.00 2 -1.883537040152822 824.79 173.61 919.59 218.30 1.6358451176254463 1.700880847191944 4.364756362639465 12.39 2.11 34.37 -1.5375488088914424 0.89867085
Car 0.00 0 -1.5991953584041934 625.95 194.96 659.68 219.63 1.607805975136013 1.5876657881499672 4.023430885873832 2.15 3.04 48.45 -1.554848807184091 0.9988716
Car 0.00 1 -1.6840528259661536 555.61 193.65 590.69 209.19 1.5321168064890813 1.5944404744268799 3.9843184818849946 -3.98 3.86 78.14 -1.73494306890175 0.68856853
Cyclist 0.00 0 -2.2714424888279776 541.53 196.22 557.51 212.92 1.7310660914872145 0.544873790553112 1.8530335603679084 -6.17 4.05 73.56 -2.355123719988932 0.5456617
DontCare -1 -1 1.5667995699357729 587.99 194.76 617.07 214.14 1.5932619053690147 1.637434900990262 4.0521999766455075 -1000 -1000 -1000 2.352197733333221 0.9201919
