Car 0.00 0 2.196866945424352 3.31 197.77 339.90 364.52 1.4545970339147758 1.5784153707982445 3.8638971151188994 -4.80 1.78 8.53 1.684310521624516 0.9968369
Car 0.96 1 0.9286212484028677 1006.78 204.92 1241.00 374.00 1.4932588249264669 1.6752903603674316 3.9009751995430375 3.66 1.72 3.52 1.733515548510761 0.95901346
Car 0.00 1 2.032195405164037 261.21 191.17 433.37 281.13 1.4442409727542114 1.618161845272913 3.8429609435946728 -4.86 1.78 13.91 1.6960650735846259 0.99994993
Car 0.00 1 -1.9921455840256552 787.70 183.69 1083.99 350.06 1.5543178248970222 1.5528191842795753 4.16402240296463 3.48 1.65 8.74 -1.6132183607526231 0.8493866
Car 0.00 0 1.6211123774435858 472.66 180.26 526.75 218.02 1.467617556807251 1.6580961898626232 3.4207889308557893 -4.51 1.77 29.68 1.470311803463335 0.99999404
Car 0.00 2 1.7057718197491507 736.81 181.66 875.38 273.68 1.5439858756779146 1.641747328704729 4.13008935948471 3.53 1.69 13.76 1.956896896852112 0.8061667
Car 0.00 2 -1.871408806243215 713.22 181.22 798.89 244.15 1.583783660438509 1.712329357183113 3.290100352965393 3.76 1.74 19.29 -1.6789029389873051 0.99692446
Car 0.00 2 -1.9168612221863608 693.08 180.84 761.52 228.27 1.5284879010921728 1.5587515749694252 2.6713249852285768 3.92 1.78 24.88 -1.760589596183092 0.9854702
Car 0.00 2 1.7981608370926718 494.94 180.37 543.21 213.90 1.4946557137934875 1.6888465502025032 3.9056338426993276 -4.30 1.86 34.36 1.6736625658078694 0.7481422
Car 0.00 2 -1.803720281520162 690.63 178.12 741.14 216.22 1.4115944061248016 1.6426505439640426 3.6931726356373216 4.36 1.73 30.35 -1.6610391304021799 0.9981974
DontCare -1 -1 -1.6731764460590224 548.21 179.24 568.56 190.85 1.4589112032024574 1.5815707289339447 3.2602648903952027 -1000 -1000 -1000 -0.8877782826615741 0.59517616
DontCare -1 -1 -2.4224413792279105 618.07 176.33 687.90 189.89 1.4484048340289306 1.66813699460639 4.1092775334940335 -1000 -1000 -1000 -1.6370432158304622 0.9616408
