Car 0.86 0 -1.9773149053242545 0.00 215.24 112.28 374.00 1.5210324385023128 1.6123446368338012 4.0374957342968365 -6.49 1.84 6.05 -2.797786399254928 0.6793011
Van 0.35 3 -1.5751772770334522 0.00 160.99 309.85 348.43 2.1871693749097503 1.8602511907076074 4.733466265553283 -6.06 1.85 8.43 -2.198449931501776 0.9536807
Car 0.00 0 -2.517765120663915 880.73 180.61 1129.85 278.60 1.5818125422863674 1.636051219208672 3.476109432183304 6.61 1.58 12.50 -2.0313438475647336 0.5318104
Car 0.00 0 -1.7236730168249945 656.56 185.11 722.87 230.39 1.5273883211246144 1.6637768701375866 3.757906289897957 2.62 1.84 24.75 -1.6182072119406135 0.99999595
Car 0.00 2 0.6304356614735465 130.16 196.52 354.98 285.73 1.4203739542333793 1.6778874763013267 3.9926695396528626 -6.78 1.97 13.47 0.16411901966467946 0.5346199
Car 0.00 2 -0.9375153938916068 191.97 194.45 390.28 269.10 1.4987708687601995 1.6459464889676714 4.035120638214149 -6.93 1.99 15.82 -1.3503899802688455 0.99645376
Car 0.00 2 -1.417390571036611 298.40 189.78 457.66 244.51 1.5639523047773551 1.7706768952967071 4.1421404947863 -6.58 1.95 20.60 -1.7265650116468771 0.78220063
Car 0.00 1 1.403613076606069 632.12 183.14 678.85 215.41 1.4299266714422416 1.5447580658556366 3.4050474037752534 2.09 1.93 34.59 1.4639617943346275 0.64428437
DontCare -1 -1 1.481625028946672 461.85 183.12 526.83 219.96 1.59053897893116 1.6529504948021316 3.673303352795639 -1000 -1000 -1000 2.26702319234412 0.99593264
DontCare -1 -1 -1.54156358825532 529.78 182.15 563.71 202.50 1.4810870628623676 1.6599865399958038 3.886516787238517 -1000 -1000 -1000 -0.7561654248578717 0.854436
DontCare -1 -1 1.1292059580471854 566.65 178.27 587.00 190.85 1.4441414329974365 1.6122980446280384 3.9342543875203515 -1000 -1000 -1000 1.9146041214446337 0.7797944
DontCare -1 -1 1.1343432227757315 591.88 179.24 604.46 186.00 1.4583124149410438 1.59158255836977 3.783519836269417 -1000 -1000 -1000 1.9197413861731798 0.6936256
DontCare -1 -1 2.069992379346166 607.48 179.28 622.48 194.38 1.5538487065403175 1.6551422693492317 3.7105076928959275 -1000 -1000 -1000 2.8553905427436144 0.9770824
