Pedestrian 0.00 0 -1.5170500735428671 575.74 164.50 607.41 252.27 1.7561980457421196 0.6936351041582298 0.7584559885570907 -0.36 1.40 14.69 -1.541551636369755 0.9963159
Pedestrian 0.00 0 2.134234801926885 648.67 156.79 686.34 247.99 1.7706655184183073 0.6190740521338653 0.8219027524599933 1.28 1.31 14.84 2.2202752228378566 0.96681976
Pedestrian 0.00 0 0.8022398511555533 320.43 165.58 350.43 245.33 1.804889210909958 0.7144109140423012 0.8371949871787929 -6.36 1.44 16.76 0.4395517289999523 0.8289766
Pedestrian 0.00 0 1.9442107836392264 616.78 164.86 647.45 253.94 1.7132668992880535 0.7151723261264038 0.9506493998477363 0.46 1.39 14.35 1.9762555596794418 0.86848134
Pedestrian 0.00 0 -1.0635134736683707 748.00 143.17 853.66 336.32 1.8067621453109932 0.6716047711011839 1.2121598837683105 1.78 1.42 7.08 -0.8172059076692952 0.9488663
Pedestrian 0.01 2 1.786446870365415 1161.47 133.81 1236.47 308.82 1.8602762608233643 0.6352852116611671 0.748681929499855 6.11 1.26 7.54 2.467463880812533 0.9921359
Pedestrian 0.00 0 2.1373148123410086 702.33 155.22 731.33 253.79 1.753153221393357 0.6258122231152725 0.7490517614195251 1.93 1.28 13.40 2.2803609315183175 0.957969
Pedestrian 0.00 0 -0.7440376440670828 866.61 156.23 940.28 311.52 1.8309483616057587 0.6923058572498035 0.9802532089660072 3.18 1.35 7.96 -0.3639645424908636 0.7434768
Car 0.00 0 1.8379381159928183 384.89 157.47 540.69 269.21 1.5997239950864028 1.6174497225047493 3.937815452121296 -2.50 1.43 13.98 1.6609816984088017 0.9820701
Car 0.00 2 1.5892869188126664 372.98 151.18 474.04 232.70 1.557340961304159 1.6625595644773388 3.8401594852433587 -5.08 1.32 21.10 1.3530250666421464 0.7646151
Van 0.00 2 -1.7197657386448721 432.31 156.86 494.38 216.76 2.1267462964286423 1.9130287306462956 4.986495097929287 -5.23 1.22 27.75 -1.9060491013634535 0.99995446
