Car 0.00 0 1.8663254539158682 279.17 183.18 426.70 277.45 1.3640145215956878 1.5796558701158905 4.244674669705429 -5.04 1.85 14.56 1.5330811528041957 1.0
Cyclist 0.00 0 -1.2303396622326712 508.02 171.46 531.84 221.14 1.7655167705733632 0.5653909609823418 1.5831415011013412 -3.51 1.81 28.00 -1.3550462896601974 0.9944674
Cyclist 0.00 0 1.4573964635517935 529.26 172.73 549.43 218.99 1.7651385642011022 0.5929729619233799 1.8398253573501968 -2.80 1.76 28.41 1.359156879449946 0.84555066
Car 0.00 0 1.5944016250458102 445.51 180.37 506.16 218.12 1.4976123500435066 1.6288131375522756 3.5718236138449098 -5.65 1.79 30.75 1.4126885937104987 0.9214654
Cyclist 0.00 1 -1.595108232521687 540.96 171.82 555.50 202.62 1.7551815021205996 0.5830284596591186 1.6704052044475937 -3.68 1.73 42.76 -1.680958436111661 0.9522495
Car 0.00 1 -1.436798826852117 636.35 173.79 663.48 196.09 1.459768437203617 1.533657773649826 3.708761396013298 2.83 1.60 51.48 -1.381881297796319 0.99910635
Car 0.00 0 -1.7649941901352744 708.89 170.59 881.07 297.01 1.4654987308947753 1.6425686546327019 3.4894054700956727 2.59 1.61 11.09 -1.5355627300245673 0.9999987
DontCare -1 -1 -3.086833075681005 692.79 163.71 703.43 196.67 1.5380518868385267 1.5457892187596702 3.5848182608709718 -1000 -1000 -1000 -2.3014349122835567 0.5102638
DontCare -1 -1 -1.8667387823250632 675.32 170.50 690.82 180.17 1.494174566474409 1.595137137240305 3.977194571994343 -1000 -1000 -1000 -1.081340618927615 0.66248757
DontCare -1 -1 -1.3847088674691062 619.04 170.50 630.65 183.08 1.4541150856582832 1.634975969112053 3.6172813346014405 -1000 -1000 -1000 -0.5993107040716579 0.7236621
