Pedestrian 0.25 3 1.673759744563375 1036.40 147.57 1152.94 369.00 1.7418306148055744 0.6722771766868305 0.8880845825905108 3.19 1.54 4.72 2.2680913775271443 0.8706105
Pedestrian 0.00 1 0.7378908554699759 821.11 145.09 872.85 294.19 1.7451993836466027 0.5130103434708786 0.5947494027922058 2.95 1.32 8.72 1.0641071994849687 0.99762756
Pedestrian 0.00 1 1.0838762382653098 842.92 146.13 889.17 289.88 1.746201486736889 0.6700694988754463 0.7893931461284065 3.31 1.29 8.81 1.4432687216630529 0.92813975
Pedestrian 0.00 0 1.5008435557272772 651.25 141.64 671.92 202.45 1.846142338067646 0.6251732501474094 0.8651391804004216 1.62 0.63 20.87 1.578311596080363 0.93902165
Pedestrian 0.00 1 -1.8441417972233634 280.61 138.11 320.27 259.52 1.7207158370319557 0.5970217938807678 0.5123595414469146 -5.00 1.25 11.60 -2.2511125825921345 0.9999465
Pedestrian 0.00 2 1.735737101235662 491.96 153.58 514.36 217.86 1.7313859662417126 0.6515600624767017 0.7209268031427765 -2.50 0.88 17.09 1.5904829807199257 0.81977135
Pedestrian 0.00 0 1.7058227519181113 515.91 149.55 539.91 218.28 1.789766484350319 0.6941247525897694 0.6610725639173889 -1.99 0.90 17.46 1.5923376617033504 0.9981628
Pedestrian 0.00 1 -1.6633144776013236 1049.87 151.03 1141.86 330.31 1.7786070941392136 0.6989125925389004 1.2002881882498169 4.86 1.37 6.97 -1.0544203661572866 0.8364469
Pedestrian 0.00 1 -1.5756913358953337 442.97 143.20 468.03 221.86 1.7214462733272267 0.5946445147779655 0.5363968727896118 -3.67 0.98 17.27 -1.7850836541045443 0.54931134
Pedestrian 0.00 1 0.6058500568058829 416.45 140.41 441.97 211.33 1.6348062394562912 0.6061488556948376 0.5097289500543976 -4.51 0.79 18.70 0.3691929768993599 0.80226904
Pedestrian 0.00 1 -1.3059822479870657 410.44 141.23 434.63 213.06 1.7421895837787342 0.6550789474782419 0.6777581242630386 -4.74 0.80 17.97 -1.563881100516956 0.7454155
Pedestrian 0.00 0 1.8035143772747855 621.37 140.64 636.21 194.66 1.8052216930690956 0.6466376072999906 0.9859856633255386 0.75 0.50 25.30 1.8331499670019944 0.9573074
Van 0.97 3 1.461903446414743 0.00 0.00 268.11 369.00 2.179463317163787 1.8070148775433732 5.154715461486625 -3.16 1.65 3.69 0.7537237025003066 0.9431124
DontCare -1 -1 -1.7189942906287055 550.75 143.52 580.07 183.29 1.496135803294034 1.6489011564017677 4.159310268364944 -1000 -1000 -1000 -0.9335961272312572 0.9454143
DontCare -1 -1 -1.4661480719831328 324.39 147.59 402.14 211.12 1.4805293235747528 1.7000061564804458 3.5326768626795197 -1000 -1000 -1000 -0.6807499085856845 0.9921084
DontCare -1 -1 2.6555702249195914 784.10 123.30 1222.00 156.72 1.426310949382038 1.691221303558483 4.364999132357635 -1000 -1000 -1000 3.4409683883170397 0.9711809
