Car 0.42 0 -0.6580780307438712 0.00 190.63 325.38 374.00 1.4436083067028236 1.6227847051532411 4.029923858247795 -4.55 1.79 7.15 -1.2248072482673775 0.9129218
Car 0.00 1 2.018613592782293 240.18 183.00 432.76 297.76 1.426897846516819 1.656321074134245 3.5094288458452607 -4.47 1.80 12.36 1.6715976575991665 0.99993277
Car 0.00 0 -1.6353373611953597 711.19 171.03 778.18 225.70 1.5781210068432998 1.6237144388915443 3.568603681527176 4.73 1.75 26.15 -1.456392615486133 0.8573144
Car 0.00 2 -1.6665079529073576 371.29 190.16 482.45 258.47 1.4564761597482871 1.6195906021357918 3.6790514310226823 -4.27 1.84 17.19 -1.9099803868569885 0.6977331
Car 0.00 2 -1.2115895013001303 434.09 183.67 516.73 237.89 1.4051350507704925 1.5505699359537506 3.677891196809807 -4.02 1.81 21.90 -1.3931301530227624 0.72199124
Car 0.00 0 1.5424961234119277 566.08 177.28 599.18 200.10 1.583718907442541 1.644656370645895 3.583793299399414 -1.83 1.78 48.71 1.504944496578178 0.9994381
Car 0.00 0 -1.573470754144017 616.20 175.20 635.18 189.57 1.5173549655644607 1.60939134216918 3.7262268533335114 1.65 1.72 75.37 -1.5515822509866695 0.95994896
DontCare -1 -1 1.24037100473908 663.68 172.45 676.26 184.06 1.495524267089219 1.6344225940020227 3.582577722273865 -1000 -1000 -1000 2.025769168136528 0.997115
DontCare -1 -1 -1.589720263206635 104.78 171.48 194.02 228.70 1.5087055288074922 1.624439680269494 3.8133630660698796 -1000 -1000 -1000 -0.8043220998091867 0.9991541
DontCare -1 -1 -1.5607123599064092 693.76 175.36 705.37 198.62 1.4779988940624904 1.5401422821642303 3.7120376547203446 -1000 -1000 -1000 -0.7753141965089609 0.7622063
