Car 0.00 0 -1.5271906974401812 577.65 178.48 611.18 209.04 1.470563184824438 1.6381047882796669 3.39462195535759 -0.76 1.24 39.96 -1.5462074237507009 0.9999982
Van 1.00 0 1.5071139941599707 0.00 0.00 158.80 375.00 2.1108604217996216 1.8861592063759995 4.867612315172004 -4.24 1.65 2.11 0.39807670448467425 0.75882447
Car 0.68 3 1.1030330220845084 0.00 193.97 146.24 316.35 1.57906873932168 1.7027544446946525 4.025183769069709 -8.40 1.61 9.69 0.38882446843459306 0.62680715
Car 0.00 0 -1.0069255391743521 124.76 181.40 303.00 267.91 1.4978874161659192 1.482398539102211 3.176398830615082 -8.48 1.57 15.87 -1.497667461036805 0.94639665
Misc 0.00 0 -1.3206862668183188 284.35 221.20 397.57 293.05 1.492631737497301 1.5989028506637954 3.8839004488066817 -4.15 1.58 11.20 -1.6755373099302993 0.9964127
Car 0.00 1 -1.2828332046654563 331.34 188.70 464.80 271.39 1.4243208322493743 1.665490678763523 3.5801941623316194 -4.18 1.52 14.81 -1.557919449755762 0.9999871
Car 0.00 2 -1.5528954016652445 304.19 189.81 392.73 232.05 1.5320956524281215 1.6607750498415375 3.794375570617714 -8.49 1.41 23.75 -1.8962127145271914 0.9999999
Car 0.00 1 -1.3731611678984503 447.01 184.16 510.21 227.34 1.5522612057445955 1.6454437722177648 4.194720672570266 -4.61 1.40 25.93 -1.5491091008617985 0.9999908
Car 0.00 1 -1.5741259626254926 400.04 181.67 451.88 217.76 1.4381096664635848 1.6688986711861038 4.206616686783828 -8.67 1.46 34.43 -1.8208123910161143 0.78878754
Car 0.00 1 -1.5252367677774767 482.96 183.00 526.73 213.80 1.5266149555152666 1.6001756556989097 3.618750812612572 -5.12 1.33 36.03 -1.6663954709827635 0.814673
Misc 0.00 0 -1.543991151326571 533.40 170.96 557.67 198.12 1.5495112374244642 1.6094502390087986 3.7665375789032365 -5.24 1.05 60.71 -1.630089744850604 0.9974753
Van 0.00 1 -1.365719155469213 279.76 172.08 360.98 220.36 2.2590645398130036 1.8657674329435063 5.321001259440231 -12.49 1.41 31.48 -1.743429180620453 0.9985655
