Car 1.00 0 1.9163806597378592 1164.45 188.11 1241.00 374.00 1.4085816819040489 1.6481032364727402 3.4117018749342347 2.98 1.57 0.93 3.18467430808758 0.9769067
Car 0.96 0 -1.617729009189878 0.00 189.22 189.96 374.00 1.4712412286369514 1.6399777729721212 3.8717127676458145 -4.29 1.81 3.95 -2.4443659152616286 0.9998293
Car 0.12 0 -2.1009787480023245 790.80 173.71 1212.68 374.00 1.460012700763197 1.5199375965358162 3.627983125053444 3.07 1.51 6.83 -1.6785510533481693 0.9889332
Van 0.00 1 1.5263416367259364 680.30 84.56 870.32 262.88 2.2314323890139676 1.9981545904730988 4.993944575840282 2.91 1.47 14.54 1.7238694542129247 0.8437194
Car 0.00 2 1.0235976139691214 669.71 164.10 741.72 229.78 1.5126465581177186 1.6400008567334556 3.7357687448487664 2.76 1.57 21.90 1.1489640714211231 0.70946157
Car 0.00 2 -2.087123886742864 658.69 172.62 715.73 216.74 1.5160163476882886 1.6369948883266592 3.841948902361193 2.81 1.55 27.28 -1.984480024424459 0.98741966
Car 0.00 1 1.5239132168379168 631.40 175.95 670.39 206.71 1.4890545312134933 1.617021524599328 3.77941604157547 1.97 1.62 36.08 1.5784599408509488 0.60719186
Car 0.00 0 -1.6989515284684042 479.81 181.88 516.39 208.60 1.5181772526173305 1.6407100868137026 4.031445847950973 -6.07 1.84 38.71 -1.8544919755717353 0.93826395
Car 0.00 1 -1.476864413419042 602.25 174.43 645.26 204.35 1.4962760139076423 1.6164237235398435 4.100635947786369 0.75 1.81 43.04 -1.45944052632556 0.9239835
Car 0.00 0 -1.9071468571808676 574.68 179.26 606.08 199.69 1.5130898490367841 1.6435753398300552 3.7729295735583688 -1.55 1.99 55.12 -1.9352599129524943 0.94002247
DontCare -1 -1 -1.683621116974626 540.45 178.27 574.38 192.80 1.453128099796028 1.649538609451189 3.635004403196373 -1000 -1000 -1000 -0.8982229535771777 0.9881258
DontCare -1 -1 -1.6911115507271628 458.94 179.24 464.73 191.82 1.4258631545870017 1.6563261219025993 3.954799952112236 -1000 -1000 -1000 -0.9057133873297145 0.88574713
