Car 0.00 0 1.3893514285471777 902.04 167.99 1034.44 245.96 1.4534292746154975 1.6442249969304943 3.4719913770780946 7.76 1.45 16.08 1.83897190150382 0.9999263
Car 0.00 1 1.7554966072228293 798.82 169.15 896.60 242.47 1.3950948718754959 1.670159603721037 3.7936416437254334 5.77 1.56 18.09 2.0642565533088244 0.58788264
Car 0.00 0 -1.7361706952240805 286.12 187.90 346.79 225.52 1.4478055391280364 1.6244663179577732 2.8200074603186036 -12.05 2.02 29.40 -2.125151445739416 0.99985445
Car 0.00 1 -1.4401358673956732 464.36 172.50 558.50 212.90 1.4783069569437217 1.7215283878804588 4.098989742003479 -4.43 1.75 32.42 -1.5759388625050752 0.99852425
Car 0.00 0 1.446339369812284 73.99 189.08 121.00 221.52 1.6440258551208686 1.6098448701859855 3.9379702304826165 -27.11 2.46 38.21 0.829265894191709 0.9998838
Car 0.00 0 -1.6617614636805396 241.67 180.84 266.76 203.62 1.5243394206097733 1.556101112878456 3.413517104588547 -29.29 2.45 59.40 -2.1198719559302126 0.9022732
Van 0.00 0 -2.163623527684484 526.46 151.03 841.27 339.35 2.2038730937172986 1.874213034853859 5.056219931522059 0.65 1.75 9.91 -2.0981270312813876 0.99997294
Car 0.00 0 -2.109947876134191 394.12 193.80 522.51 264.92 1.4983694240270566 1.5869473510147476 3.818812837950983 -3.59 1.86 16.39 -2.325578496623537 0.99998903
DontCare -1 -1 -1.0529748360302786 1017.80 162.74 1201.16 225.78 1.4664389010338497 1.6407317177118206 3.6087895353660966 -1000 -1000 -1000 -0.26757667263283036 0.9966009
DontCare -1 -1 -2.0757581750538687 126.13 187.00 144.54 210.26 1.4910793177603197 1.6188797664554262 3.718206526838341 -1000 -1000 -1000 -1.2903600116564204 0.68861204
DontCare -1 -1 1.1722137192871909 152.32 180.21 211.48 199.59 1.4399201575486373 1.630545941433444 4.019366251431503 -1000 -1000 -1000 1.9576118826846391 0.9933969
DontCare -1 -1 1.673485660054956 0.00 202.53 38.78 317.00 1.4920930158166599 1.7022259228588486 3.8445866407231475 -1000 -1000 -1000 2.458883823452404 0.8089867
