Car 0.00 0 1.8941323618080954 223.24 184.72 404.57 296.27 1.399261378106327 1.6753451742888832 4.351115720473327 -5.00 1.85 12.66 1.5179915776984751 1.0
Cyclist 0.00 0 -1.9800778488304953 495.55 171.07 523.15 227.05 1.7926376196909999 0.5970975325613213 2.0117917461717987 -3.50 1.81 24.96 -2.119393829601746 0.9445653
Cyclist 0.00 0 1.2969908575203757 520.31 172.41 542.60 224.33 1.764782262535796 0.5974978336303425 1.946999411138382 -2.79 1.75 25.42 1.1876723236324755 0.8062099
Car 0.00 1 1.661339902379785 438.49 181.04 503.92 221.63 1.4483363706438255 1.5665073089958572 3.6399279256687547 -5.47 1.80 28.85 1.4739627089193756 0.9057689
Cyclist 0.00 0 1.5663612886008362 537.06 173.53 552.12 206.83 1.7812560457159137 0.5433141158132744 1.7749446997583398 -3.61 1.83 39.63 1.4755193929387074 0.6678804
Car 0.00 1 -1.463568621375833 638.51 174.54 666.72 197.72 1.504359061252923 1.638628718695178 3.8442405808121944 2.91 1.65 49.59 -1.4049546526913597 0.9996804
Car 0.00 0 -1.9261258701470236 728.65 171.23 953.90 329.89 1.3901094946829986 1.589524663305416 3.1550132205114747 2.63 1.62 9.21 -1.6479696214377886 0.99982065
DontCare -1 -1 2.602267221608434 695.70 163.71 709.25 202.49 1.5202529419964563 1.54288361898674 3.47680174013237 -1000 -1000 -1000 3.3876653850058824 0.60578936
DontCare -1 -1 1.7222898314383368 620.01 167.59 638.42 182.12 1.542387972009034 1.6751222529174232 3.880669860296049 -1000 -1000 -1000 2.507687994835785 0.72037935
DontCare -1 -1 1.7991766492512564 677.26 169.53 694.70 180.17 1.4839863668946933 1.6495342620374107 4.049352692566909 -1000 -1000 -1000 2.5845748126487047 0.7556298
