Car 0.00 0 -1.50489537517098 543.51 176.24 594.60 222.82 1.4609746005205821 1.682076427406206 3.4075193574057008 -1.50 1.29 26.91 -1.5605791113357934 0.99999905
Car 0.00 0 -1.4260149906065802 339.53 180.21 477.10 279.68 1.4524701390235137 1.6760752082528019 3.271317737303772 -3.60 1.49 13.53 -1.6860652775100877 1.0
Car 0.00 0 -1.2075667540219168 153.49 186.77 310.35 261.76 1.4934659547923517 1.6035349585772896 3.9192627949045087 -8.31 1.49 16.27 -1.679782084832795 0.97615665
Van 0.12 1 1.5470099030670266 0.00 161.95 180.16 253.54 2.2274211528827763 1.9326389232730103 4.593442050570297 -12.94 1.47 17.98 0.9231920023396704 0.82926786
Car 0.00 2 -1.2802634994175772 414.34 184.66 482.71 235.36 1.5232331686472904 1.5762641050578499 3.260327236853638 -4.81 1.39 21.91 -1.4963697121561617 0.9993923
Car 0.00 1 -1.5515166456487517 306.72 184.62 386.09 229.27 1.5207931137463462 1.638911902225151 3.6143301298246766 -9.28 1.43 25.75 -1.8974159775059913 0.91830313
Car 0.00 1 -1.3151748637345175 218.45 183.96 298.18 221.76 1.490174554642887 1.6466001749695682 4.216163056098022 -14.07 1.36 29.12 -1.765270543467333 0.9976547
Van 0.00 1 1.6222734312203269 400.26 161.66 450.38 210.45 2.4121273453464127 1.677894289240761 5.304902998560714 -10.43 1.31 41.48 1.3759338389648563 0.99999976
Misc 0.00 1 -1.465924629071031 467.81 154.86 517.58 209.00 1.5346286654292058 1.652890376067295 3.958173209928074 -6.02 1.14 38.12 -1.6225534478856234 0.9999993
Truck 0.00 1 -1.6728487397220473 500.95 153.51 527.24 195.35 3.0914221028419924 2.6759359734595107 11.247958635378385 -10.18 0.92 78.07 -1.802512944868012 0.9989303
