Car 0.00 0 0.21809522708388762 702.65 188.95 862.74 257.78 1.5254948864510667 1.7011009373427772 4.472006814681091 4.16 1.98 17.83 0.44730943049314964 0.98382854
Car 0.27 0 -1.456126713254724 849.17 196.37 1241.00 374.00 1.6078573021857452 1.750234722411766 3.416375177107849 4.54 1.74 7.04 -0.8833547199882225 0.9999975
Car 0.69 0 -1.679327176013265 0.00 171.23 159.51 331.66 1.574935559537859 1.6146391772390747 3.762117104731598 -7.66 1.69 8.28 -2.4258490771765544 0.90360063
Car 0.29 3 1.821149275698934 0.00 198.61 256.13 307.50 1.5632686618535232 1.5443717383505249 3.559300439559021 -7.76 1.86 10.79 1.1976635550593941 0.7358148
Car 0.00 2 -1.1297993520882468 49.58 183.52 322.36 272.70 1.6552482101885986 1.732836044645443 4.289892779789962 -7.92 1.76 13.67 -1.6549122637017737 0.6001933
Car 0.00 2 -2.1973262588169913 208.06 190.86 389.06 255.52 1.5187702624878299 1.572057410395279 3.497054653368988 -8.00 2.02 18.70 -2.6015724673996368 0.8344318
Car 0.00 2 -2.0208676616337637 677.90 195.35 815.28 253.69 1.4063125405280303 1.622626149347558 3.3965432514772798 3.74 2.15 20.23 -1.8380577772541604 0.99999917
Car 0.00 2 -1.1447743634369711 264.17 183.97 401.53 240.33 1.4875871170131874 1.7315127619267845 3.9247873594389344 -9.02 2.09 23.67 -1.5088587254940702 0.96451837
Car 0.00 0 -1.5632161452111344 458.38 191.80 494.02 214.74 1.5587160590855789 1.5597796284319305 3.162649409972229 -10.50 3.17 56.31 -1.7475667337204022 0.99969435
DontCare -1 -1 2.2056152383473258 433.71 192.82 456.97 206.38 1.517302274592818 1.6292924464405918 4.0965767671690365 -1000 -1000 -1000 2.991013401744774 0.71994
