Car 1.00 0 1.1844257275250296 1121.09 207.70 1241.00 374.00 1.6505140665738296 1.6108671233714962 4.25652574201683 3.54 1.77 2.03 2.234556184404537 0.7802399
Car 0.00 0 1.7131274650481085 347.61 143.93 527.51 298.39 1.476127367821188 1.6777804636122131 3.113537328444519 -2.38 1.54 10.84 1.4969995613985816 0.9488528
Car 0.00 1 1.5711415937719888 739.03 186.93 879.07 269.13 1.497150808927269 1.6104037009836578 4.181301551066436 3.79 1.68 14.64 1.8244600795797312 0.80865043
Car 0.00 0 1.2210028926518302 827.50 190.29 1132.07 360.98 1.5453979842184495 1.6875351958633804 4.124093132220306 3.96 1.71 8.75 1.6459931619076607 0.999723
Car 0.00 0 1.5288521955397467 546.68 167.55 586.15 203.69 1.5839555006293964 1.6812450543702984 3.7209778149948503 -1.94 1.32 32.47 1.4691756791336752 0.9237832
Car 0.00 2 -0.42210550705460115 457.33 169.01 550.70 244.34 1.5980167243449401 1.651094894176855 4.04607053300003 -2.34 1.46 16.45 -0.5634067663424205 0.92925483
Car 0.00 2 -1.7837009886887412 730.88 178.52 816.07 239.60 1.5660802911786746 1.6016315177740001 2.9860493709669496 4.31 1.67 19.62 -1.5674618436485457 0.54448336
Car 0.00 2 -1.6719437251475195 702.86 174.79 764.22 218.17 1.4977887164621067 1.639576672828331 3.391448306046524 4.42 1.57 26.39 -1.5059963258580142 0.9998171
Car 0.00 2 -1.9500920633461813 686.88 176.24 737.24 212.93 1.5212594027450692 1.6060349785448456 3.473231481514969 4.31 1.64 31.16 -1.8126458178180858 0.8290671
Car 0.00 2 -2.023409412303243 678.71 172.69 719.04 201.77 1.4975225928990554 1.6217763212235117 3.8735923777670647 4.48 1.41 37.12 -1.9033006767363303 0.99572396
DontCare -1 -1 1.6880779872324805 604.49 166.62 677.23 185.03 1.4506728354661178 1.5693173252703094 4.122999237977066 -1000 -1000 -1000 2.4734761506299288 0.9786163
