Car 0.27 1 -0.9501807252552847 0.00 214.58 258.65 374.00 1.475402050074787 1.4987007223726654 3.795776469759741 -5.76 2.03 8.64 -1.5381833288028521 0.99305904
Car 0.00 0 -1.7444770942118506 603.53 188.95 671.04 236.52 1.5215951324260246 1.703667155718937 3.5024165680036927 0.78 1.95 23.97 -1.7119478968012376 0.9985215
Car 0.00 1 -1.7787244031813483 818.90 168.90 955.07 226.12 1.4883351553051185 1.6766807094873333 3.5323493053541566 9.01 1.65 23.65 -1.414727863635819 0.7817751
Car 0.00 2 -1.695831493535314 592.60 186.10 642.40 226.46 1.5892242047755432 1.6653777726651573 3.580897646151581 0.21 2.07 29.71 -1.6887632840833648 0.99719656
Car 0.00 0 1.6316834586348872 419.63 189.13 464.14 221.55 1.5847671929566574 1.5881972343386555 3.9236141090617562 -8.94 2.48 38.49 1.4034619745408135 0.98230964
Car 0.00 2 1.4132834384825568 744.26 178.11 860.36 216.43 1.534678245317788 1.6956684210063362 3.9805995171294595 7.90 1.73 29.89 1.671677270428809 0.63374627
Car 0.00 2 1.0433542291310172 784.25 176.75 906.97 221.77 1.4549573216407012 1.6887250237823868 3.590572105847397 8.66 1.72 26.68 1.3572131773434983 0.9584412
Car 0.00 1 -1.4386682222273688 581.18 180.90 604.26 204.04 1.507142003980131 1.6097905852557564 4.129126744471588 -1.43 2.44 58.54 -1.4630911068848569 0.98358524
Car 0.00 0 -2.0853800932553153 730.63 200.81 1008.73 358.84 1.438853562232704 1.5971145548583412 3.659574108325043 2.73 1.75 8.67 -1.7803294476011235 0.99995077
DontCare -1 -1 -0.6050542155888419 224.13 195.73 308.52 216.08 1.494513990712018 1.6339549247832441 3.98987624248127 -1000 -1000 -1000 0.1803439478086064 0.977918
DontCare -1 -1 1.4491869370129447 467.68 188.94 491.91 212.20 1.5213424925512087 1.6214157894910717 3.7931587566957856 -1000 -1000 -1000 2.234585100410393 0.9439055
DontCare -1 -1 -1.3730346272375922 508.43 184.09 540.42 200.56 1.4966659270046663 1.6401479777605676 3.8777841219083453 -1000 -1000 -1000 -0.5876364638401439 0.5112942
DontCare -1 -1 -1.5060642744090895 543.36 181.18 560.80 193.76 1.502400320377798 1.6085295968414688 3.815410358958044 -1000 -1000 -1000 -0.7206661110116412 0.976924
DontCare -1 -1 1.1001855293896536 1187.50 170.88 1239.98 249.31 1.5880466926662635 1.529001987791195 3.5563999285326386 -1000 -1000 -1000 1.885583692787102 0.9831209
