Car 0.00 0 -1.5419867365297417 570.34 179.69 602.79 209.27 1.3882389370171737 1.6272509389282608 3.039959209166565 -1.23 1.30 41.23 -1.571810537163969 0.99997985
Car 0.43 1 -1.9651394645359854 0.00 197.02 163.66 309.90 1.5316872451274108 1.570716685867443 3.5830234756098176 -8.61 1.59 10.91 -2.633250545477603 0.9996995
Car 0.00 0 -1.2254580716278891 110.02 195.55 383.17 325.48 1.431885131057949 1.7203399308682823 3.634183960162201 -4.88 1.58 10.48 -1.6612491112349357 0.9186224
Car 0.00 2 -1.4130241284754614 265.66 184.13 372.74 244.25 1.4649390656320762 1.6970352598191643 3.9028814417646314 -8.21 1.52 20.73 -1.7901158440863914 0.92729497
Car 0.00 1 -1.6052434938636164 340.35 183.99 418.49 228.50 1.508753717300148 1.599741510367527 3.5533846785650636 -8.41 1.47 26.71 -1.9102799960797752 0.99999976
Van 0.00 0 -1.4194913367417197 408.80 140.86 507.81 237.82 2.5364643777837372 1.9760467806910706 5.738240836018371 -4.70 1.47 23.45 -1.617296900668667 0.99808145
Car 0.00 1 -1.7336773137238364 488.76 183.92 530.66 215.47 1.4108463827340316 1.621166710993781 3.5652150978670503 -4.74 1.37 34.99 -1.868324925895757 0.9834003
Car 0.00 1 1.4382116059449057 505.89 184.82 537.01 208.29 1.4958036135701847 1.6592382670105839 3.7896683459506417 -5.54 1.41 46.32 1.3191742959185344 0.989493
Car 0.00 2 -1.533356943228517 146.23 181.90 274.60 242.17 1.5058514796017122 1.6336251769871855 3.6626422127113725 -11.52 1.50 21.08 -2.033501006932367 0.9966157
DontCare -1 -1 -1.481924713650022 540.98 170.05 565.19 199.11 1.5060958120791625 1.6312181961448335 4.0642121454105755 -1000 -1000 -1000 -0.6965265502525737 0.58848673
