Car 1.00 0 -1.2844597856190543 1122.82 196.66 1241.00 374.00 1.6009813774196815 1.5539549731375122 3.603593664370575 2.93 1.69 1.12 -0.07877732760011824 0.7359586
Car 0.03 0 1.9108702401306967 128.39 187.11 470.85 374.00 1.5436354897736024 1.6648773097158813 4.118215011559524 -2.92 1.64 7.85 1.554754678210112 0.9999609
Car 0.02 0 -1.9642351130631308 762.51 194.43 1050.65 374.00 1.5242099844670307 1.5835609019459629 3.71860480507473 2.86 1.75 7.93 -1.6180991494937702 0.9998629
Car 0.00 2 1.6402329812434058 365.78 175.93 502.65 269.03 1.6423801410762977 1.6391624969155931 4.0220586081371685 -3.29 1.64 14.04 1.4100555920655127 0.99233043
Car 0.00 1 1.9523526887085776 701.83 189.81 845.31 288.01 1.5321966282843065 1.6135758564533138 4.203669654332199 2.77 1.80 13.40 2.156197922633825 0.99460346
Car 0.00 1 1.8354987959053854 478.56 176.52 540.77 227.24 1.4951448947010946 1.6347817771793747 3.2071476747618104 -3.11 1.59 22.60 1.6987470681588637 0.9999862
Car 0.00 1 1.6614413569357733 671.08 181.83 725.28 221.68 1.5872979242174339 1.6068802729905987 3.7126284559593583 3.24 1.73 27.47 1.7788457907668356 0.995924
Car 0.00 1 -1.7366421679642539 651.89 176.39 678.87 200.49 1.5336521252809476 1.6792614006163025 3.977680856488743 3.59 1.76 47.53 -1.661254069336342 0.99288106
Van 0.00 2 1.5853264118221144 644.14 164.70 670.54 194.96 2.150867297791443 1.7922158414577676 4.864439336413192 3.88 1.77 60.02 1.649881704773546 0.58789223
DontCare -1 -1 1.492479839422975 529.78 179.24 561.77 209.29 1.442689203080387 1.6072420806349659 3.54698617955307 -1000 -1000 -1000 2.2778780028204233 0.99478984
DontCare -1 -1 1.794915230074201 570.53 171.48 603.49 190.86 1.540987020712943 1.5794164233566665 3.674594136081734 -1000 -1000 -1000 2.5803133934716493 0.99380153
