Car 0.00 0 -2.0240766564991812 744.83 194.09 982.34 339.71 1.5079299643455457 1.7026646353961372 3.825639324389496 2.90 1.72 9.15 -1.717152033841552 1.0
Car 0.50 3 -1.608644318827663 0.00 189.90 226.35 353.51 1.5201743607229006 1.6005103953839683 2.8275476863012696 -6.35 1.73 7.69 -2.2988891087702727 0.9981249
Car 0.22 3 -1.634754360714231 0.00 194.80 284.59 315.20 1.3988607231347274 1.6590104841352844 2.7281158139334107 -6.70 1.76 9.74 -2.2373030991931593 0.99999595
Car 0.00 2 -1.1089809099819998 87.87 187.48 355.81 285.22 1.5744222704140853 1.6329514656872892 3.88720655826489 -6.40 1.75 12.05 -1.597213728352666 0.91269124
Car 0.00 2 -1.4586970443513732 162.83 185.60 385.17 265.37 1.4425054941146087 1.6593705334426307 3.7887941022739793 -6.73 1.77 14.60 -1.890626933087146 0.8834547
Car 0.00 2 1.439506054916654 228.47 178.40 412.59 251.86 1.4761759307055187 1.6521045409799957 4.001287566624679 -6.79 1.78 16.99 1.0593041535890546 0.80141705
Car 0.00 0 -1.8362843553212027 665.21 183.12 758.44 245.38 1.4863131981162738 1.5475135960341835 3.3750670721159364 2.50 1.71 18.95 -1.7051157089191418 0.9980196
Car 0.00 1 0.7498886744168143 343.56 184.21 490.75 234.03 1.4513136226503562 1.5856285311938667 3.8314379585311795 -6.03 1.85 22.67 0.4899178557518767 0.97937334
Car 0.00 2 1.7160540531065802 652.32 181.26 705.65 217.06 1.498889400046916 1.6213969264836454 3.8680237644688273 2.74 1.71 29.75 1.8078957937526385 0.7868994
Car 0.00 2 -2.0850034515049796 363.11 179.09 477.64 225.47 1.4871622700063896 1.6466411848278188 3.966861883305111 -6.61 1.77 25.23 -2.3412343133925453 0.5682644
Car 0.00 2 -1.5073984126236777 388.03 172.47 482.25 219.08 1.5204429252824199 1.6780899830819511 3.6871432085857774 -6.67 1.71 27.60 -1.7445186913483406 0.94819367
Car 0.00 1 1.8221172551300864 635.18 173.56 666.42 200.84 1.4974213953880977 1.5957973331869983 3.618050934873619 2.71 1.84 49.17 1.8771764574314465 0.98382336
DontCare -1 -1 -2.052622572579656 504.55 169.53 566.62 201.52 1.6006378236977767 1.6720364869297886 4.105623053513565 -1000 -1000 -1000 -1.2672244091822078 0.93054
DontCare -1 -1 1.2136355201390128 567.62 168.56 601.55 188.91 1.515235622302295 1.66400582647933 3.9076353703961755 -1000 -1000 -1000 1.999033683536461 0.90279347
DontCare -1 -1 -1.046399132409368 604.49 169.53 625.81 180.17 1.4752738069562625 1.6359367708401227 3.8884424885139848 -1000 -1000 -1000 -0.2610009690119197 0.5175072
DontCare -1 -1 -2.1336141983654837 624.87 173.42 633.57 189.89 1.424598008748741 1.5104445510269546 3.597132997714081 -1000 -1000 -1000 -1.3482160349680354 0.83068925
