Car 0.00 0 -1.5175382653859 572.38 175.87 621.14 220.32 1.3905846480099868 1.6639849872054004 3.785428838931122 -0.46 1.26 28.07 -1.5339244010620134 1.0
Van 0.88 0 1.073031530776296 0.00 38.81 293.55 375.00 2.1508554103901005 1.9904148304914666 4.9278414974153515 -4.18 1.62 4.83 0.35965066720541927 0.83961976
Car 0.00 1 1.4958654130485396 221.04 185.03 340.44 248.20 1.5079418983130168 1.5978233174146557 3.357541279994049 -8.51 1.49 18.93 1.073384957317181 0.97090304
Car 0.00 0 -1.297964439788137 374.03 170.40 480.56 244.90 1.5365412946610164 1.5732292079092407 3.5228417088613893 -4.77 1.42 19.48 -1.538105796347615 0.9998722
Car 0.00 1 1.628573422380958 369.21 181.19 435.80 218.89 1.566751256939621 1.5968827337683582 3.3646442165003205 -8.57 1.30 30.26 1.3525885740561319 0.99980754
Car 0.00 1 -1.6489595333721976 465.97 180.85 516.89 215.83 1.416888669487686 1.6033635579706573 4.113558398686447 -5.15 1.26 32.07 -1.8081863282987034 0.99999857
Van 0.00 1 -1.4637665162470679 501.38 160.52 544.84 205.25 2.1389575335313893 1.849498065755291 5.123983846807527 -5.08 1.11 43.83 -1.579154023751449 0.6578847
Car 0.00 1 -1.788547352948461 530.07 177.19 555.83 199.46 1.4748413640825462 1.6268848844529533 3.975672612093487 -4.93 1.03 55.01 -1.8779286361643124 0.98329425
Car 0.00 2 -1.2362353960659842 283.37 181.38 353.89 218.76 1.6777590218751144 1.6521181941689396 4.053483815990486 -13.11 1.42 32.77 -1.6167943853738074 0.55736786
Misc 0.55 3 -2.0014333883908133 0.00 128.71 221.69 313.62 1.4368157762853813 1.6829090968431377 4.17006276746849 -8.52 1.55 10.98 -2.661340624371505 0.99675506
