Car 0.00 0 -1.5518881464984755 577.67 177.74 611.04 208.16 1.4082589227525901 1.6418189790756845 3.3047303726301576 -0.77 1.20 40.13 -1.5710734324453446 0.99999547
Van 1.00 0 -1.4438674608853201 0.00 0.00 245.63 375.00 2.184782227047286 1.9040963152503205 4.953654436224746 -4.26 1.64 3.37 -2.3453857008319643 0.7508066
Car 0.00 1 -0.8922879854824881 170.66 180.98 325.18 258.89 1.4857368584541988 1.6094575852812671 3.487714873753586 -8.51 1.55 17.37 -1.3478432855816544 0.99889994
Misc 0.00 0 -1.466891356804643 317.44 217.23 416.39 280.96 1.4864492047397804 1.6840880506397629 3.826746357731619 -4.18 1.57 12.47 -1.79032500651028 0.99970204
Car 0.00 1 -1.3062355975296835 355.64 187.90 474.03 262.75 1.4598932232527446 1.6300844068364644 3.5873920788393403 -4.20 1.50 16.11 -1.5612663696238798 0.9991387
Car 0.00 2 -1.4718021238830428 320.41 189.07 402.57 228.77 1.5242587708687794 1.6247467987896347 3.619241880379715 -8.52 1.39 25.08 -1.7992832745742298 0.9999151
Car 0.00 1 -1.487425417700086 453.93 183.53 513.57 224.45 1.5406855739472818 1.6483637162209892 4.132333772383728 -4.65 1.37 27.21 -1.6566834162754296 0.9999994
Car 0.00 1 -1.4577583829548697 487.02 182.94 528.89 212.61 1.507913830113263 1.6803457767428303 3.8339506314472342 -5.15 1.33 37.31 -1.594924322363267 0.9973252
Misc 0.00 0 -0.8700973550465445 534.54 171.18 558.22 197.73 1.5063534550188493 1.6117990680695915 3.805647792421379 -5.28 1.04 62.08 -0.9549447059876095 0.55724925
Van 0.00 1 -1.5324056232955794 293.40 171.21 369.81 217.44 2.2068661595811463 1.9637016976331902 5.0755438365206595 -12.50 1.35 32.78 -1.8967143699959614 0.9933549
