Car 1.00 0 -1.0084448615696768 1091.32 226.15 1241.00 374.00 1.3832118812768173 1.9131009124876404 4.020382763944664 3.65 1.68 2.17 0.02597071520837635 0.86215794
Car 0.23 1 -1.9814832071450095 856.83 195.33 1241.00 374.00 1.4665179814963054 1.6048958518268013 4.0547531267033 3.71 1.67 6.90 -1.4881470080313817 0.9424078
Car 0.00 1 -1.8574528257038931 732.37 173.81 902.08 288.07 1.3956102136342239 1.525373867964878 3.3285759856329347 3.21 1.64 12.10 -1.5981368385160712 0.9996786
Car 0.00 0 -1.4517973075297217 469.81 166.09 543.30 238.38 1.443575710412712 1.526463425970211 3.120631830893555 -2.92 1.71 20.82 -1.5911381992631497 0.9996086
Person_sitting 0.00 2 -1.6582114929941039 719.90 181.48 768.93 281.78 1.5075104556797456 1.602878867900505 3.5043973495588685 2.26 1.79 12.29 -1.4763538444283375 0.9456837
Car 0.00 0 1.8118297616627554 248.50 194.89 454.42 339.10 1.531179333460183 1.6459983170689487 4.063468860589065 -3.17 1.78 9.37 1.4856035338265898 0.9999999
Car 0.99 0 -1.3070844272759299 0.00 217.06 267.38 374.00 1.711001396533699 1.5762055658460998 4.911459939681091 -3.19 1.76 2.96 -2.1298635436738174 0.9309717
Car 0.00 2 1.3569436828282218 677.53 180.08 741.16 224.13 1.553447340038271 1.6358557234243893 3.855258798353472 3.29 1.63 24.83 1.4886773380943759 0.84929824
Car 0.00 2 -0.9426993886616568 703.62 180.56 786.89 240.95 1.5153523435635876 1.6197405078174019 3.0822609831915284 3.56 1.68 19.91 -0.7657645556798778 0.7271808
Car 0.00 1 1.3545999536898474 546.32 175.67 576.18 202.82 1.5441533814935398 1.629202911882236 3.4963179399595643 -2.86 1.70 42.58 1.2875330057419074 0.9447987
DontCare -1 -1 1.5805802839484553 578.29 171.48 655.88 186.97 1.460710149612875 1.6551922292174244 4.348684148989715 -1000 -1000 -1000 2.3659784473459036 0.96092325
DontCare -1 -1 -1.6336784670737128 649.12 174.39 675.29 204.44 1.5485871605394792 1.6425316643626833 3.9561243300662423 -1000 -1000 -1000 -0.8482803036762645 0.99434835
