Car 0.00 1 -1.5198618928578238 638.54 172.91 669.13 199.78 1.5016429446457338 1.613193358546629 3.766351373992958 2.77 1.68 46.69 -1.4606038730719528 0.99938536
Car 0.00 0 1.6723131696369986 553.88 178.06 583.87 202.04 1.4503287155000877 1.606714896178379 3.8982083817348863 -2.44 1.68 42.92 1.6155243425267358 0.9999789
Car 0.00 2 -1.739694477119718 373.74 175.00 505.66 223.27 1.5231864609575283 1.64071186563982 3.304005282126465 -5.89 1.68 25.11 -1.9700969131785795 0.9656699
Car 0.00 2 -0.9535892168667655 297.54 165.77 467.17 238.79 1.5197363448148977 1.7016116373897934 4.566241996489563 -6.18 1.72 19.78 -1.2564165114033528 0.8714317
Car 0.00 2 1.4847705970194678 658.40 181.44 709.27 217.46 1.5114906275464606 1.6108076379360103 3.396248387299576 2.75 1.62 27.95 1.5828449195948928 0.57145643
Car 0.00 0 -1.8327074507859091 671.86 185.15 759.00 243.69 1.5006511308072519 1.6977717050076866 3.804956345014372 2.59 1.66 18.85 -1.696161913401086 0.9999523
Car 0.00 1 0.47837074200180574 99.49 181.14 390.65 281.21 1.5049219637928914 1.583130824631586 3.7380933855996514 -6.20 1.74 12.46 0.01665115117757099 0.53579605
Car 0.80 0 -0.7348243157055716 0.00 204.35 124.15 374.00 1.61379287427351 1.562270655548706 3.635800482831993 -6.66 1.71 6.49 -1.5331495156372914 0.7550525
DontCare -1 -1 -1.5618259972569088 509.40 173.42 551.09 192.80 1.4576759937970352 1.6639149927259826 3.6319840272293473 -1000 -1000 -1000 -0.7764278338594606 0.99780315
DontCare -1 -1 -1.7117879251625876 599.83 172.12 613.17 183.17 1.3951571885316085 1.5620225661159897 3.8373513800428296 -1000 -1000 -1000 -0.9263897617651393 0.8404388
DontCare -1 -1 -1.2975115636971335 624.08 176.03 640.58 189.25 1.5928393531410407 1.5964704819680595 3.979008877776661 -1000 -1000 -1000 -0.5121134002996852 0.9478145
