Car 0.59 0 -2.013456449904714 862.63 183.10 1241.00 374.00 1.7209289375512313 1.6086694889427566 3.9319237192497636 2.91 1.50 4.86 -1.473945214597816 0.9996246
Car 0.10 0 2.0232098261502127 0.00 204.95 277.59 362.44 1.5048871006636333 1.608160230583086 3.6823183019981767 -6.01 2.02 9.39 1.4538664153523615 0.9898353
Car 0.00 1 1.7382977018740515 443.50 188.92 493.44 224.15 1.5479007907031488 1.598620272493496 3.5590897073374177 -6.24 2.16 31.96 1.5454793203698525 0.9998035
Car 0.00 1 -1.484405086436544 648.88 176.49 691.13 209.35 1.5263925351953518 1.60272215983881 4.334398852788009 2.87 1.71 35.50 -1.4037354609592365 0.99997914
Car 0.00 2 1.2759297649052481 467.84 187.19 511.07 215.93 1.6135347787110519 1.604625921017065 3.6886095871553803 -6.24 2.13 37.50 1.1110405581646114 0.99995697
Car 0.00 2 -1.6622333313014845 97.55 204.36 177.37 234.58 1.4920690361230087 1.6175956346751594 3.8163657916114713 -25.94 3.24 39.72 -2.240764749395946 0.99932253
Car 0.00 2 -1.556427122154508 146.77 202.29 218.61 231.68 1.445583753642292 1.6084656634093666 3.44832815428833 -23.46 3.09 39.71 -2.090041982723279 0.99921274
Car 0.00 2 -1.621811476596866 186.19 198.30 262.40 230.08 1.492275037225933 1.6058908917666816 3.603739248715439 -20.84 2.94 39.14 -2.111078983109119 0.81932265
Car 0.00 2 -1.2904116670277457 239.62 197.83 306.48 229.42 1.4962609655974817 1.621835512361064 3.588940309487381 -18.30 2.92 39.33 -1.7259107721704103 0.93310267
DontCare -1 -1 -2.706308797993932 500.67 179.24 559.83 203.47 1.5017602912901353 1.560514926231041 3.8813746516929055 -1000 -1000 -1000 -1.920910634596484 0.9112911
DontCare -1 -1 0.7838123003628592 559.97 175.89 590.14 191.24 1.510837319661529 1.6407585249008083 4.2045706381426236 -1000 -1000 -1000 1.5692104637603075 0.90055263
DontCare -1 -1 -1.2265312830593924 598.92 177.12 646.04 196.90 1.4373996335832786 1.5786211930872345 3.661436842881241 -1000 -1000 -1000 -0.44113311966194413 0.9999974
DontCare -1 -1 -2.070334152379308 811.17 162.74 836.37 179.21 1.5242474078020465 1.5991015725494766 4.072037221990623 -1000 -1000 -1000 -1.28493598898186 0.9468872
