Car 0.00 1 -1.9372331957009177 760.82 184.56 1084.31 368.05 1.4174230549304199 1.577626488423481 3.638854624830284 2.75 1.50 7.44 -1.5831843436655912 0.99999785
Car 0.00 1 -1.7293635765698294 685.86 169.56 781.14 249.03 1.5344665668724489 1.611909623509779 3.3280447890386964 2.69 1.58 16.58 -1.5685214204422557 0.99910635
Car 0.00 2 -1.3150282959130148 199.96 172.84 426.90 252.48 1.5606941509811592 1.7062234052182579 4.498199718199768 -6.19 1.59 15.22 -1.7012986236589231 0.9992105
Car 0.00 2 0.8871873180058341 273.20 169.70 447.92 238.56 1.4551245871751022 1.6169362396658802 4.193922804795303 -6.13 1.55 17.87 0.5567325977610755 0.9221911
Car 0.00 2 -1.430657715597425 296.84 159.73 436.28 233.33 1.537283996474595 1.6646433838368797 3.834338585041561 -6.79 1.62 20.25 -1.7541849930282718 0.99991167
Car 0.00 2 1.9051388363030295 385.57 173.41 496.10 215.99 1.4688036780624103 1.6082472123862648 3.919504141561785 -5.98 1.48 25.60 1.6756599467670088 0.8148239
Car 0.00 2 1.573470754144017 411.89 173.08 514.62 214.86 1.4913193084119272 1.6629543334902668 3.8473272697405005 -5.65 1.57 27.88 1.3735243552903662 0.94227165
Car 0.00 2 1.0661738077786307 420.00 169.49 503.29 210.98 1.5058674871741247 1.6485004082979107 4.0039908458815 -6.21 1.55 30.25 0.8636976362392789 0.9963091
Car 0.00 2 1.4555105353381972 467.42 160.32 538.02 193.37 1.5102982068254065 1.733667671001091 4.1286342908964535 -7.01 1.30 47.28 1.308317202179337 0.5222819
Cyclist 0.00 0 1.1041944781926016 577.98 169.47 584.32 186.16 1.8201239551771735 0.5642281078903866 1.5846865578020477 -2.80 1.28 69.89 1.0641529357224042 0.9422455
Car 0.00 1 1.6361939246442656 652.22 173.95 697.90 209.26 1.647611007448883 1.6277548291446113 3.63823148807148 2.64 1.45 30.27 1.7231888599874157 0.99999595
Car 0.00 0 -2.012434677281652 625.73 169.43 647.23 186.05 1.5019448477594566 1.619941427624359 3.6333998610601808 2.31 1.15 64.12 -1.9764240502632748 0.6398739
DontCare -1 -1 -1.6494480753925185 536.57 164.68 563.71 185.03 1.519978809990586 1.5228795700432205 3.6256476958618546 -1000 -1000 -1000 -0.8640499119950702 0.9740615
DontCare -1 -1 -1.2796349684384207 598.34 165.45 606.38 172.93 1.4391820732323837 1.6395122774602318 3.884069852657714 -1000 -1000 -1000 -0.49423680504097245 0.70861727
DontCare -1 -1 1.2850610176709036 608.77 160.72 626.36 175.03 1.4682686071662616 1.6075722382129574 3.75170570810894 -1000 -1000 -1000 2.070459181068352 0.97096336
