Car 0.88 0 2.0535066286709647 0.00 195.92 114.00 374.00 1.5212097464880359 1.7272801913978004 3.6670419146643067 -6.58 1.63 5.69 1.1957006360745128 0.92415017
Car 0.00 1 -1.817654670276914 25.85 184.01 320.92 289.37 1.4830672297446441 1.6530476913513088 3.8965394442305947 -6.64 1.66 11.17 -2.353982864353444 0.98724824
Car 0.00 2 -0.7487358013775687 139.68 183.50 406.14 272.06 1.555977017041893 1.6332446842180037 3.540206955872574 -6.13 1.71 13.35 -1.179194261678341 0.996935
Car 0.00 2 1.6115552792933325 200.15 181.68 416.20 256.51 1.4534995410411071 1.609531997954979 3.6356669982300187 -6.55 1.73 15.81 1.2187869014746209 0.85227907
Car 0.11 1 -2.050215975442205 795.36 183.08 1131.14 374.00 1.5861168581812095 1.7369130097986603 3.370882826052704 3.12 1.74 7.30 -1.6463165804952489 0.9878655
Car 0.00 0 -1.9738836447384696 684.95 187.20 762.49 241.51 1.5348629936395597 1.6209824674488449 3.2152783443556214 3.16 1.83 20.83 -1.823327344934923 0.9993973
Car 0.00 2 -0.9475066224720816 309.91 182.83 462.44 245.52 1.5076142515806865 1.5958266400457763 3.6147793402300263 -5.63 1.76 18.25 -1.2467369701806714 0.97391564
Van 0.00 2 -0.8001577417042594 348.34 176.51 475.48 239.32 2.1915961308521545 1.9020214552139474 4.809407858008194 -5.64 1.82 20.64 -1.0669016747309104 0.9976803
Car 0.00 2 -1.8510280112412314 385.28 179.26 488.75 227.94 1.4576977420417976 1.6396789692999267 3.6054741015062715 -6.09 1.87 25.51 -2.0853717289886244 0.91972387
Car 0.00 1 -0.8983963886883597 729.36 183.91 840.62 220.31 1.4510125446884345 1.6649950288893127 4.006786139808693 6.71 1.79 28.08 -0.663834890527029 0.7656055
Car 0.00 2 1.450082496800695 426.92 165.02 518.86 213.29 1.5011964015482377 1.693548276341095 3.9776843955145265 -6.56 1.88 34.66 1.263027944951095 0.99953043
Van 0.00 0 -1.5086114043977599 638.26 164.44 673.76 201.85 2.069000005268059 1.877573563352747 4.658505467528152 3.00 1.85 48.46 -1.4467835805090614 0.6937714
Car 0.00 2 0.527533964314733 467.21 180.94 541.03 205.84 1.5198436690314125 1.6765916340710068 4.096367823086776 -6.52 1.98 44.51 0.38208447094628845 0.91918135
Car 0.00 2 -1.8393668393280844 489.77 175.15 555.93 202.70 1.5807096402911853 1.6077716977061176 4.601826803885498 -5.98 1.99 49.43 -1.9597609159213567 0.9380303
Van 0.00 2 1.397971318164144 629.17 166.45 654.38 196.34 2.1422464582254506 1.853043394730015 5.164492314511585 2.84 2.06 65.94 1.4410141738800066 0.9593774
DontCare -1 -1 1.4697700078275542 565.68 176.33 588.94 192.80 1.466330863889904 1.5717895620228195 3.8179531676099683 -1000 -1000 -1000 2.2551681712250025 0.57545173
DontCare -1 -1 -1.5830521658670644 598.67 171.48 623.87 187.95 1.4868782874016475 1.6480386250378036 3.950670654080906 -1000 -1000 -1000 -0.7976540024696162 0.7306372
DontCare -1 -1 0.9727383414891104 588.96 176.33 598.63 186.00 1.468561217543335 1.6217448164434576 3.7399630342946435 -1000 -1000 -1000 1.7581365048865587 0.61957693
