Car 0.43 1 0.9365210692074637 1086.54 131.72 1223.00 202.25 1.4872731085686397 1.6471199125708484 3.8049096559510613 13.73 0.44 16.36 1.6347363411639828 0.95463413
Car 0.00 0 -1.4960415820267539 493.01 173.22 544.17 210.86 1.5678691420523834 1.646480673244729 3.985838996373215 -3.67 1.21 30.46 -1.615949466209656 0.99970824
Cyclist 0.00 0 -1.3030219236996512 704.94 158.79 743.38 194.75 1.7426617564987694 0.545561777165432 1.5634863330448532 5.88 0.69 34.94 -1.1362956677867821 0.5234374
Cyclist 0.00 0 1.3194360891964774 643.23 164.84 678.54 199.87 1.7298915428463673 0.5686333893968654 1.5935906274641418 3.03 1.03 38.35 1.3982814253995048 0.8325494
Cyclist 0.00 0 -1.5634558336485664 343.73 175.09 382.32 216.56 1.7303384445030545 0.5746670530348015 1.9051399184788131 -10.24 1.48 29.94 -1.8930015529576716 0.7876404
Car 0.00 1 -1.5945426198330264 925.04 147.40 1005.65 172.43 1.525121907592417 1.6326426577479982 3.8645990664475645 23.76 -0.57 46.70 -1.1238961493523694 0.9851253
DontCare -1 -1 -0.9548242847111563 436.98 168.24 476.14 205.49 1.4953347485332202 1.620587536385789 4.244090872012176 -1000 -1000 -1000 -0.16942612131370804 0.99803406
DontCare -1 -1 -1.8726805905487875 567.03 164.42 590.89 193.06 1.5028396438626956 1.634661352513864 4.01790648897747 -1000 -1000 -1000 -1.0872824271513393 0.6128125
DontCare -1 -1 -1.6069525452938418 854.87 159.64 921.76 180.63 1.523508894146086 1.6742702976526165 4.085952641569175 -1000 -1000 -1000 -0.8215543818963935 0.85277206
DontCare -1 -1 -2.028944687047277 609.11 166.33 637.75 178.72 1.4383312616316986 1.5634673827053451 3.7832879742012406 -1000 -1000 -1000 -1.2435465236498287 0.7118346
DontCare -1 -1 2.5824715654042105 325.10 178.76 335.58 205.49 1.5509985036967706 1.630228772080078 3.904737839602032 -1000 -1000 -1000 3.367869728801659 0.71815115
DontCare -1 -1 -1.7304369072106223 751.59 160.59 765.89 186.37 1.4981980029313278 1.6073702045442009 3.8851383720860864 -1000 -1000 -1000 -0.945038743813174 0.80472213
