Car 0.21 0 1.542055101194654 0.00 147.01 237.97 374.00 1.5688093270926189 1.5642291002632522 4.293052481614151 -5.82 1.81 8.78 0.956685456281039 0.9998522
Car 0.00 0 -1.4444545517351965 230.80 189.13 288.38 239.90 1.5600241798727226 1.6033149354816818 3.669365586839714 -12.68 2.26 26.20 -1.8951956862753574 0.9641708
Car 0.00 2 -1.4373115311053137 425.23 187.73 485.52 235.94 1.646687105652542 1.568638517773285 2.8413336445913697 -5.46 2.06 25.08 -1.6516701588454417 0.9707959
Car 0.00 2 -1.5935687395420413 404.94 186.69 458.83 227.86 1.5327830169169616 1.5898887731791878 3.1115217973814393 -7.32 2.11 29.30 -1.8383867859018959 0.9989159
Truck 0.00 2 1.749606923260961 242.76 163.48 303.45 221.77 3.0934722008737516 2.647446190053253 11.118606302354241 -16.32 2.22 35.15 1.314928349423696 0.91369635
Car 0.00 1 1.3404174158957343 388.11 187.50 418.66 214.80 1.5601341951458167 1.6190401439280653 4.022116558753051 -12.01 2.33 41.72 1.06012446711771 0.8021744
Car 0.00 0 -1.7581885317948203 451.29 184.71 539.95 251.44 1.401438348349781 1.4742811315418625 3.5176431407556916 -3.17 1.90 19.18 -1.9219841444960588 0.9959155
DontCare -1 -1 -2.1809592405941824 338.62 183.12 350.23 192.79 1.4593522887496662 1.5760482542873764 3.747753711544075 -1000 -1000 -1000 -1.3955610771967342 0.83660483
DontCare -1 -1 -1.5314742671933512 350.27 178.27 381.29 202.50 1.4489150199858856 1.5786538564325714 3.529925780497589 -1000 -1000 -1000 -0.746076103795903 0.9995758
DontCare -1 -1 -1.7246126691487174 307.57 183.12 324.04 198.62 1.4734085727302741 1.5984020747901344 3.8041163628325845 -1000 -1000 -1000 -0.9392145057512691 0.8028918
