Car 0.00 0 -1.7066667089846472 634.89 184.77 675.04 213.79 1.473157853242607 1.6148480877937221 4.209769653283157 2.15 1.93 35.89 -1.646832948488218 0.9718127
Car 0.00 2 -0.7620923678067069 394.31 178.60 507.49 219.61 1.4453514147369575 1.6226477653445148 3.412805603943863 -6.44 1.84 29.32 -0.9783043161678227 0.8720237
Car 0.00 1 0.5458547631886344 733.33 182.14 880.89 236.70 1.505811250191779 1.5568801381350899 3.864054067187109 5.71 1.80 21.31 0.8076542696083606 0.9323322
Car 0.00 2 -1.4890911365535597 202.13 171.25 419.02 258.03 1.4217304590909194 1.4858274751068496 4.102676482997932 -6.54 1.76 16.01 -1.8768990053007744 0.9793689
Car 0.00 2 1.1985792378571372 143.09 182.82 408.54 270.33 1.4692077826528263 1.6853426837088012 4.083099829159774 -6.19 1.72 13.49 0.7683831193082746 0.9998435
Car 0.00 2 0.28499658504990144 76.70 188.66 378.34 296.25 1.4823137711553287 1.6702156320871258 3.7571452056394006 -5.77 1.77 11.03 -0.19697452093725976 0.9670185
Car 0.23 3 1.7742267260935645 0.00 188.10 280.95 322.89 1.5811743926076602 1.6168780878843212 3.9052276556716348 -6.21 1.70 8.94 1.1671132996130589 0.98776954
Car 0.71 0 -1.381648720302854 0.00 192.02 220.72 374.00 1.3711680028407287 1.5152947001816177 3.3529865910635377 -5.98 1.72 6.37 -2.135478427212524 0.9650769
Car 0.00 2 -1.564346196190689 878.59 183.33 1151.02 291.08 1.5667477179138374 1.7015133418799782 3.5610499550924684 6.34 1.74 11.59 -1.0637912349003547 0.9997559
Car 0.17 0 -1.0941808084633688 947.14 191.70 1241.00 318.05 1.3656567487685394 1.6455832973779583 2.9111574461088563 6.42 1.67 9.30 -0.4899793273951619 0.99993885
DontCare -1 -1 -2.568037943043981 483.20 176.33 580.20 201.53 1.4960960842488717 1.6796830848516369 3.9797743429766084 -1000 -1000 -1000 -1.7826397796465328 0.79619056
DontCare -1 -1 -1.550970940911446 586.05 175.36 600.57 188.92 1.478895631041975 1.5723484002710724 4.52063359519104 -1000 -1000 -1000 -0.7655727775139978 0.7582099
DontCare -1 -1 1.9555863896992545 612.25 180.21 648.12 194.74 1.4824637103645515 1.6781496845842743 4.070513995491066 -1000 -1000 -1000 2.7409845530967027 0.8879794
