Pedestrian 0.30 0 1.8629315654423575 161.66 158.11 351.41 373.00 1.7743041677776528 0.7483303304103088 1.4329601047346496 -2.33 1.63 4.75 1.406891586510211 0.8904837
Pedestrian 0.14 1 -1.4737179140236716 275.98 170.65 361.71 373.00 1.7488126553971124 0.6904373298671913 0.8683262714902067 -2.22 1.61 5.71 -1.8445246862712885 0.89609146
Pedestrian 0.10 0 1.5677081638157855 126.73 172.02 202.21 373.00 1.790422683060522 0.7448024432447624 0.9362135534891987 -3.67 1.63 6.08 1.024632306595881 0.9974394
Pedestrian 0.00 2 2.176377729573522 111.71 176.58 183.16 341.09 1.8133392682675076 0.6547722881001306 0.982123528213253 -5.36 1.67 8.10 1.591801725978443 0.92320186
Pedestrian 0.00 0 -0.835578934350286 372.45 160.83 437.50 327.57 1.853907132000084 0.6636354456928444 0.5606334326574707 -2.47 1.58 8.36 -1.1228603877474201 0.9061456
Pedestrian 0.00 1 1.305667475858007 151.36 180.96 211.98 351.38 1.8127133747938824 0.6589619935762954 0.6420040396759414 -4.20 1.63 7.45 0.792322601825236 0.9862547
Pedestrian 0.00 2 -1.7055696854975562 308.20 167.21 385.80 325.87 1.8228280632201386 0.5995315815594864 0.7497001258442306 -3.01 1.57 8.35 -2.051549282336082 0.9997545
Car 0.00 1 -1.1423715809967856 311.18 178.27 456.34 277.28 1.4622539173631381 1.5719244026304626 3.831385592125454 -3.95 1.52 13.62 -1.4246425480664884 0.99504566
Cyclist 0.00 0 -1.542479277649198 478.63 163.93 510.62 234.44 1.7977384361792659 0.6044851184992981 2.003798480185356 -2.88 1.35 19.39 -1.6899314298616077 0.97086424
Pedestrian 0.00 1 1.2216159860279898 669.55 158.84 694.04 221.02 1.8118486119810295 0.6668897140112591 0.765888926179161 2.18 1.15 21.39 1.3231820816326292 0.9943621
Pedestrian 0.00 0 1.0477702180531363 538.76 169.41 552.11 215.15 1.8065739548209858 0.6611053495940638 0.7086644140789413 -2.35 1.27 27.75 0.9632871053538904 0.992725
Pedestrian 0.00 0 -1.8864694098618369 548.32 166.64 564.25 214.39 1.703452364951725 0.6542201237094474 1.0650444743940735 -1.86 1.25 27.84 -1.9531806146894672 0.6861975
DontCare -1 -1 1.0116303722050528 42.54 183.60 69.59 246.43 1.5207818065589678 1.6621975146891022 3.7823065688238526 -1000 -1000 -1000 1.797028535602501 0.9314126
