Car 0.18 3 -2.0614149133351187 0.00 183.70 325.19 329.84 1.4080964553920936 1.6720293828011894 3.887813102580705 -5.55 1.67 8.48 -2.6409338671064067 0.9816088
Car 0.00 0 -1.9079589704659323 752.04 187.99 909.54 294.62 1.546167319995017 1.5774834447266006 2.943484680853882 3.35 1.70 11.69 -1.6288686192049515 0.8967921
Car 0.00 1 -2.3306500474598746 199.78 186.35 423.98 259.32 1.4970942590205383 1.6543077186406994 3.8093995583579923 -6.24 1.72 15.28 -2.718357020194786 0.5645072
Car 0.00 2 -1.3616860220816474 327.13 181.73 468.11 235.94 1.4449953514902305 1.5897181250811958 3.5448241402731324 -6.08 1.74 20.79 -1.646200326172106 0.7347571
Car 0.00 2 -0.6312680999424796 360.26 181.72 504.33 231.60 1.5108362477092456 1.593263372099533 3.4013972749338532 -5.61 1.79 22.94 -0.8711117563395852 0.98797834
Car 0.00 2 2.002652154364858 377.12 180.72 504.27 226.28 1.6087842065660667 1.6261815831722164 3.591439055405655 -5.94 1.82 25.40 1.7729224486607702 0.69914126
Car 0.00 2 -1.8171521733191351 717.37 179.22 818.84 258.01 1.5263195372006308 1.6081714586080456 3.4558238854036714 3.50 1.78 16.72 -1.6108016289682876 0.99999917
Car 0.00 1 -1.8569382290032248 680.39 184.83 729.87 221.06 1.5165137503115844 1.5980021872283363 3.370998041831055 3.88 1.91 30.13 -1.7288677526152967 0.66795415
Car 0.00 2 -1.3943008492377142 432.70 181.62 528.49 222.00 1.5010452106414747 1.615215319460764 3.5138498117552186 -4.99 1.84 27.86 -1.57153142494788 0.80280983
Van 0.00 0 1.2896712283280234 652.11 167.04 680.85 198.01 2.096208892308674 1.8821125241076184 4.818340299481201 4.46 1.93 57.90 1.3665487775825105 0.86897945
Car 0.00 2 0.7038356224682669 513.18 179.18 573.18 199.55 1.5239070438599598 1.670882690018549 3.7921244149432565 -5.00 1.96 54.13 0.611726774704011 0.5287126
DontCare -1 -1 1.9593228260662894 560.63 171.73 607.38 189.94 1.458826810476036 1.5781659775139236 3.8452925739214803 -1000 -1000 -1000 2.7447209894637377 0.9236482
DontCare -1 -1 2.358341530957494 613.14 176.03 649.33 188.16 1.4300337139336776 1.6558650687993908 4.04614554544548 -1000 -1000 -1000 3.1437396943549425 0.8154552
