Car 0.84 0 -1.3079063455250601 0.00 225.58 369.14 374.00 1.581419702973814 1.6842621781588936 4.1555778553114315 -2.79 1.82 4.33 -1.8802936325083097 0.75550765
Car 0.00 0 -2.14666207233933 727.51 192.04 943.67 337.81 1.5518488645373296 1.7324528761865043 3.9822192360983277 2.72 1.79 9.82 -1.8764506704919723 0.7413328
Car 0.00 1 -1.144829318919454 250.03 198.56 470.80 346.58 1.5326185285864782 1.6943113722564125 3.8205011544154073 -3.12 1.88 9.74 -1.4548302594301439 0.996433
Car 0.00 2 -1.6679786081102232 690.92 194.13 807.97 277.38 1.5592805635003757 1.635124526238575 3.7635365595446015 2.74 1.93 15.17 -1.4892855371557316 0.82744074
Car 0.00 2 -2.2716912190106253 667.17 190.23 748.04 253.22 1.5380769003002357 1.7021357410313034 3.8316122648642446 2.59 2.05 20.19 -2.144106694530347 0.98563635
Car 0.00 0 -1.5067581395295004 484.35 190.14 546.91 244.47 1.4513421732752037 1.5885021568001652 3.5371221770868684 -2.92 2.06 22.68 -1.634801553019229 0.9990626
Van 0.00 2 1.6515753428128104 659.27 177.43 722.31 238.09 2.2436976726283646 1.9210105525409413 5.076313996983367 2.65 2.08 24.70 1.75845396449964 0.8184289
Car 0.00 2 1.4607908139613013 524.11 189.10 565.99 224.60 1.5198356610542547 1.581968172705307 3.827587556220689 -2.99 2.27 33.55 1.3719049276949782 0.9252388
Car 0.00 1 -1.4874762530114989 636.95 185.99 666.64 212.16 1.5381114393292379 1.6775299341143513 3.7970613596365834 2.44 2.27 43.26 -1.431132807368741 0.9999398
DontCare -1 -1 1.6250714446094374 561.80 185.06 591.85 201.53 1.495160863157959 1.6090031818212414 3.600818948946991 -1000 -1000 -1000 2.4104696080068857 0.63090277
DontCare -1 -1 -2.3850677172329764 594.10 184.65 603.03 193.16 1.516559620742352 1.5634477876783752 3.843405793547728 -1000 -1000 -1000 -1.5996695538355281 0.6872991
DontCare -1 -1 -1.288215265670095 614.19 183.12 641.33 200.56 1.5169684056943666 1.6381133471341276 3.7491121759043122 -1000 -1000 -1000 -0.5028171022726466 0.7958774
