Car 0.97 0 1.6430512676623206 0.00 202.66 117.86 374.00 1.5533339310257148 1.6873032294870758 5.347601669035949 -5.01 1.86 4.20 0.7699309289421569 0.9976278
Cyclist 0.00 0 2.221996263661657 330.95 172.17 418.52 301.95 1.8092846642602538 0.5130445526151848 1.604644994291153 -3.68 1.85 11.35 1.908461797909161 0.992931
Cyclist 0.00 0 1.7582889656212668 396.46 176.84 462.68 293.46 1.7759502935577487 0.5722555012612534 1.5616535945261383 -2.96 1.83 11.83 1.5131114162599526 0.8345557
Car 0.00 2 1.9253796795990805 351.91 188.39 460.09 250.09 1.3919264528720092 1.6604645282687092 3.9812504818067933 -5.63 1.94 20.41 1.656227887125815 0.9972018
Cyclist 0.00 0 -1.6754531423237662 495.83 174.73 521.33 227.19 1.8332132394779777 0.6444364429621887 1.7413983894909286 -3.61 1.86 25.51 -1.8160328192730764 0.99850297
Car 0.00 1 -1.2462451914933066 486.55 182.70 536.45 211.10 1.544007648137064 1.6495973908068085 3.7818186377511407 -5.31 1.98 39.18 -1.3809527573525435 0.6925948
Car 0.00 1 -1.4150222549822669 638.50 175.56 672.81 203.73 1.5170215637242805 1.6953314834000015 4.056515054904022 2.61 1.69 41.13 -1.3516498967124495 0.99991
Car 1.00 0 -0.634996430077825 1130.79 154.12 1241.00 374.00 1.5262751876196277 1.6312045746208572 3.7503004317508126 2.58 1.53 0.64 0.6926460490829371 0.9119205
DontCare -1 -1 -3.1232308904316763 708.31 158.86 726.72 207.35 1.5423976410000038 1.6768505268455887 3.8810766396448995 -1000 -1000 -1000 -2.337832727034228 0.52140313
DontCare -1 -1 -1.0609288970616202 616.13 169.53 639.39 186.00 1.4769609946577262 1.5997658476890468 3.940417634449997 -1000 -1000 -1000 -0.2755307336641719 0.98858786
DontCare -1 -1 -1.4626154686000685 679.20 168.56 693.73 180.17 1.4667733203439426 1.5601008825661087 3.6866617818699265 -1000 -1000 -1000 -0.6772173052026202 0.9724887
