Car 0.90 0 1.1186903874066214 0.00 222.52 157.71 374.00 1.613876588997097 1.4452630572677994 3.3932605554685975 -5.85 2.07 5.98 0.3442807926919068 0.99223197
Car 0.00 1 2.145285860696111 97.48 202.94 334.79 321.13 1.452787898835392 1.6402388748438501 3.6475525369272614 -5.96 1.96 11.40 1.663559553968663 0.99627006
Car 0.00 1 1.8507380048420767 276.52 195.92 403.26 272.39 1.5655683431594085 1.642933420157566 4.05931890209774 -5.96 1.99 16.23 1.4988044877119575 0.9995541
Car 0.00 1 1.809078917899404 365.87 192.68 455.20 245.76 1.4926969487039756 1.7284635969163322 3.965169148646393 -6.06 2.05 22.22 1.5428268687484787 0.99999964
Car 0.00 0 2.751392559209142 879.33 145.24 1072.40 215.65 1.4858282845287036 1.6738766909302616 3.886509198822179 8.99 1.01 18.01 3.214373649757215 0.8672574
Car 0.00 2 1.6578619266536574 863.21 144.37 987.68 208.23 1.5650843571691226 1.62203616767241 3.824718443803587 8.90 0.96 20.59 2.0658562025453917 0.994636
Car 0.00 2 1.6577844331648688 820.29 151.61 949.22 207.52 1.445987984892578 1.645085350862279 3.809269672386446 8.62 1.05 22.90 2.017798764900825 0.99967897
Car 0.72 3 1.1414309302952628 1188.00 126.44 1241.00 173.19 1.5163136267854285 1.575543216681614 3.665482403837242 23.59 -0.02 25.52 1.88754977539691 0.92328763
Car 0.00 2 2.5995075265553336 776.62 157.53 894.96 204.05 1.4973634410469245 1.621767862951889 4.224935220681228 7.96 1.07 25.74 2.899425438796952 0.9173899
Car 0.00 1 1.7317781756308417 434.07 188.07 496.81 226.90 1.452553905901165 1.7165781997801208 3.7605162059293176 -5.90 2.08 29.69 1.5356135837371134 0.99971074
Car 0.00 2 -1.3439088175680975 673.80 174.88 739.97 223.55 1.5043830111442518 1.6352577891857767 3.7830955406055833 3.10 1.56 23.99 -1.215400426742465 0.99645764
Car 0.00 2 -1.7370719919588904 663.29 174.07 712.77 215.64 1.540433759224267 1.641324850982561 3.434987055264511 3.10 1.65 29.58 -1.632652622448069 0.9854575
DontCare -1 -1 1.1813190142300467 503.58 180.21 554.01 206.38 1.5138445486134302 1.6712704405845547 4.271570639811554 -1000 -1000 -1000 1.966717177627495 0.99681216
DontCare -1 -1 -1.8698358992722373 594.79 173.42 618.05 187.94 1.5642709698347759 1.657227977430954 4.199879931412735 -1000 -1000 -1000 -1.084437735874789 0.70285654
DontCare -1 -1 -1.5888068033990006 633.60 176.33 670.44 202.50 1.4855339456169319 1.6362894468666458 3.5166394283399964 -1000 -1000 -1000 -0.8034086400015523 0.9986106
