Car 0.02 0 2.1991028944638114 0.00 191.09 290.07 339.63 1.506740006041379 1.5662054859758758 3.338436501227417 -5.54 1.71 8.97 1.6458323040698348 0.998973
Car 0.81 1 -2.2205333272602896 861.15 188.26 1241.00 374.00 1.482825197633953 1.5884684466482544 3.7878842448220635 3.17 1.62 4.56 -1.6130526678961945 0.9783287
Car 0.00 1 1.9695819179203848 219.73 185.13 387.80 279.07 1.5611817281512927 1.62754462218894 3.7974375059233094 -5.62 1.75 13.64 1.5787536516026066 0.9999994
Car 0.00 1 -1.8810201744225363 757.77 179.85 971.99 311.91 1.546852035802455 1.5923501581610584 3.7058906873093034 3.25 1.60 10.04 -1.567959841773003 0.9999994
Car 0.00 0 1.0801336030152182 473.11 177.78 529.27 203.11 1.5377973973570775 1.6055909984470749 3.6449805518017198 -6.45 1.73 42.37 0.9290630993002011 0.87203956
Pedestrian 0.00 0 -1.5007736618306975 669.19 172.30 686.19 205.83 1.7831147903952551 0.7235826458123398 1.0919667301485443 3.46 1.67 36.88 -1.407229684273936 0.9007937
Truck 0.00 1 1.830788062014852 609.95 153.35 687.69 193.70 3.0094701400580597 2.5394802736580657 11.11269697866192 3.52 1.86 66.54 1.883639308951204 0.944202
DontCare -1 -1 2.772039965787206 357.06 181.18 414.28 198.62 1.4143853265611839 1.6787200749577427 3.8781633918509866 -1000 -1000 -1000 3.5574381291846544 0.6149196
DontCare -1 -1 2.0870090881970267 687.43 172.42 734.11 199.33 1.4904345165757846 1.6585366048575783 3.980967434249916 -1000 -1000 -1000 2.872407251594475 0.70763797
DontCare -1 -1 -2.264137045541082 571.58 174.94 621.99 193.63 1.4980206083326053 1.6473464307100916 3.7368864138946916 -1000 -1000 -1000 -1.4787388821436336 0.92228013
