Car 0.88 0 -0.9972849051144461 0.00 143.30 96.69 374.00 1.5557457025913906 1.6378956877352142 3.8322443367318297 -6.53 1.66 5.81 -1.8409638318809316 0.72215545
Car 0.41 3 1.5412552459773163 0.00 180.89 251.20 344.00 1.288553104159088 1.7633043818832779 4.0282492955551525 -6.12 1.69 7.91 0.8827552620321814 0.8349052
Car 0.08 3 -1.2732423404839377 0.00 170.27 336.68 300.27 1.4655243310897064 1.607011485165491 3.834536938123503 -6.52 1.72 10.53 -1.8276479111563897 0.9194967
Car 0.00 2 0.2835046807911734 258.00 173.78 442.72 239.95 1.5137124325899791 1.6996763043762588 4.063337581358947 -6.52 1.62 18.20 -0.060493511234996744 0.99974054
Car 0.00 1 -2.0621496299889426 344.24 166.57 479.34 229.01 1.5376708715973806 1.588264218783512 3.8548356603235985 -6.31 1.72 23.09 -2.3289146499288176 0.9933729
Car 0.00 0 -1.7233246574786047 677.03 184.50 758.09 244.58 1.523347095475198 1.6194301464320564 3.425743209324875 2.80 1.79 19.70 -1.5821383348087834 0.9999871
Car 0.09 1 -2.0897560278561453 775.17 190.63 1092.35 374.00 1.487610765156002 1.7407916628481293 3.4106811155901338 2.97 1.76 7.62 -1.7181050050965871 0.7975683
Car 0.00 1 -1.4247386316445212 652.59 176.93 701.89 219.12 1.5536008741526317 1.6058568277121925 4.062445836268463 2.75 1.85 30.52 -1.3348764516046165 0.9945985
Car 0.00 2 -1.5473811915752034 404.56 178.44 513.10 218.03 1.5147844733490061 1.6457532842369222 3.9297097047195817 -6.41 1.86 30.76 -1.7528285092593872 0.7191491
DontCare -1 -1 0.26459653774765535 511.34 171.48 593.79 193.77 1.4629811685352039 1.6289849488721633 4.119578914843597 -1000 -1000 -1000 1.0499947011451036 0.9484559
DontCare -1 -1 -1.2465939680722098 614.19 172.45 659.77 200.56 1.4666246775357437 1.6617968187393093 3.796464307360449 -1000 -1000 -1000 -0.4611958046747615 0.9472549
DontCare -1 -1 -1.7898170063879828 599.64 174.39 609.31 182.12 1.4519131261675071 1.5193786763311767 3.644469218455353 -1000 -1000 -1000 -1.0044188429905345 0.9292526
