Van 0.00 0 -1.0842813412335257 47.68 167.23 180.65 225.86 2.1780078909476615 1.8660400608634187 4.7022982219398495 -20.14 2.01 29.59 -1.6818923278915756 0.9193285
Misc 0.00 1 -0.8108232776310782 175.12 176.07 233.47 213.62 1.4430386353103828 1.569461195981636 3.5764790346250916 -19.89 1.94 35.40 -1.3227297822905495 0.5814464
Car 0.00 0 1.6269050548460822 291.84 183.14 358.32 212.09 1.5864413309662055 1.6717393354238415 4.077404858671226 -15.85 2.09 40.32 1.2523566012360152 0.99983346
Van 0.00 1 -1.3256515125420432 282.52 172.59 342.72 202.48 2.1893533957307554 1.9334015945052339 5.1163774596691605 -20.49 1.96 49.92 -1.7151396840464308 0.8114109
Misc 0.00 1 -1.2095395485546927 334.77 177.18 360.26 197.76 1.4428018037049484 1.639358195728197 3.6770545115099336 -20.21 1.88 55.56 -1.5584117082076188 0.98993593
Car 0.00 0 1.856649831929479 448.69 177.34 475.70 194.69 1.461478095856161 1.6597536162198925 3.651858033739128 -13.12 1.90 64.10 1.6547581690506576 0.99927586
Car 0.00 0 -1.5888596783068518 412.11 179.55 445.40 196.35 1.483231198397131 1.6189773597480202 3.8641112662256742 -16.23 2.05 64.77 -1.8343831817415779 0.77855337
DontCare -1 -1 0.55073078075913 659.80 173.42 686.94 190.86 1.456597864982338 1.5926437855423832 3.9636520539746667 -1000 -1000 -1000 1.3361289441565782 0.60119325
DontCare -1 -1 1.9318198124554495 483.20 178.27 501.61 190.85 1.4784644845692825 1.5501738928915405 3.8459142289460684 -1000 -1000 -1000 2.717217975852898 0.9592136
DontCare -1 -1 1.2008783678200583 511.34 178.27 524.89 187.94 1.434868052956314 1.6024156951071167 3.6519771238193894 -1000 -1000 -1000 1.9862765312175066 0.7327586
DontCare -1 -1 2.305055129524094 696.67 174.39 758.74 183.09 1.3323823068110656 1.6791090027154827 3.728064315520325 -1000 -1000 -1000 3.0904532929215422 0.6526893
DontCare -1 -1 -1.1209297339108328 603.52 177.30 622.90 183.09 1.4281213138072204 1.5948660404147053 3.6906045546160127 -1000 -1000 -1000 -0.33553157051338456 0.8166315
DontCare -1 -1 -0.9636502424862723 567.62 178.27 575.35 184.06 1.4912486620067071 1.6474510554881239 3.7126240750179673 -1000 -1000 -1000 -0.178252079088824 0.77580744
