Pedestrian 0.73 0 1.5485348469254117 1167.66 152.89 1237.00 373.00 1.684566789716835 0.5508453752186966 0.6013120529959106 4.33 1.46 4.73 2.2898115527174383 0.98046434
Pedestrian 0.00 0 -1.7262273291733603 366.74 159.64 400.28 254.96 1.753750810344125 0.7023822124388885 0.8620742629999423 -4.57 1.45 14.56 -2.030363125319278 0.6507029
Pedestrian 0.00 2 1.456090779104505 207.29 159.74 283.80 347.18 1.6600907160345268 0.8483549113658142 0.522399467022171 -3.73 1.57 7.25 0.9809242062056852 0.9935859
Pedestrian 0.00 0 -1.0530098835614066 638.04 173.99 668.21 229.44 1.7450471403453303 0.6164807881501388 0.6323294458696747 1.32 1.31 20.30 -0.9880766669914267 0.8585951
Pedestrian 0.00 0 0.94920410315064 515.12 170.13 536.74 236.49 1.8313265530768585 0.6977277974870872 0.7352117417166137 -2.11 1.37 18.44 0.8352744476534638 0.89593124
Pedestrian 0.00 0 -1.9169334332135062 566.23 166.94 583.75 220.91 1.7343156854066801 0.6719757615861368 0.8926804648498201 -1.10 1.25 23.40 -1.9639073995099916 0.9907865
Pedestrian 0.00 1 1.8018667111780982 628.98 165.04 644.49 214.10 1.7667057583484602 0.6041500474599075 0.8982761507639789 1.26 1.18 26.48 1.8494139297168761 0.75613153
Pedestrian 0.00 0 1.0710615376618247 621.63 168.19 630.95 203.82 1.8225599168244553 0.5845586116698456 1.0188077507326507 1.13 1.08 35.42 1.1029536004786158 0.99036866
Van 0.00 0 1.729249537983213 738.52 27.85 1098.59 352.39 2.0903991903295136 1.7977163666938973 4.947203999215412 3.04 1.35 8.67 2.06648938710229 0.5688983
DontCare -1 -1 1.7249969551947455 586.10 166.19 614.12 208.71 1.520057402905674 1.678112774407997 4.096701355777778 -1000 -1000 -1000 2.5103951185921938 0.5942119
DontCare -1 -1 -1.2600603560593466 676.05 166.19 733.08 209.68 1.530955549684019 1.6354057279141092 3.9836789836511994 -1000 -1000 -1000 -0.47466219266189835 0.9336474
