Pedestrian 0.00 0 -2.38096280495194 710.04 176.74 721.04 207.94 1.7889257124069882 0.627831144192524 0.7196555701801681 5.94 1.97 40.82 -2.2364601610715313 0.84288704
Van 0.53 1 1.0424110452320914 0.00 181.09 88.92 240.02 2.236945952766142 1.9419301511799527 5.115668164396333 -21.12 2.24 25.28 0.34642898858223314 0.78301704
Misc 0.00 0 1.633372307815824 90.35 186.59 154.19 224.87 1.5629576187400531 1.681616640901699 3.4546035697088624 -20.93 2.14 30.99 1.0393622114574228 0.98570096
Car 0.78 3 1.6607984016325812 0.00 195.80 58.22 267.48 1.5649063590733718 1.6445277810753727 3.497727858029404 -13.78 2.01 15.22 0.9250146603878129 0.93513
Car 0.00 0 1.955409930148397 238.89 185.43 320.80 226.55 1.5342865012405824 1.6564198949099922 3.4063333143816377 -13.99 2.15 30.74 1.5283168534829108 0.9997695
Car 0.00 1 1.6271923566844801 200.80 183.23 282.38 222.16 1.5866111296980094 1.763723566448822 3.3736172189340974 -16.82 2.14 33.09 1.156918338648268 0.99999547
Car 0.00 0 1.7145186821606497 397.38 183.50 436.78 206.20 1.5400516692368698 1.7186036550165558 3.8899776508436585 -14.20 2.38 53.24 1.4538695286644534 0.9999987
DontCare -1 -1 1.7007075856116156 663.68 176.33 675.29 196.68 1.467323527094574 1.5768655680776977 3.960675561927357 -1000 -1000 -1000 2.486105749009064 0.9027716
DontCare -1 -1 0.534375743069921 550.15 181.18 557.88 188.91 1.495403208193035 1.6643068597377682 3.577301668129959 -1000 -1000 -1000 1.3197739064673693 0.7089041
DontCare -1 -1 -2.054656938710485 849.98 192.82 902.35 211.23 1.4807781170873355 1.6662398830713177 4.194601940117874 -1000 -1000 -1000 -1.2692587753130367 0.9604247
DontCare -1 -1 -0.5266396244380136 728.69 176.33 870.33 193.77 1.5197830157174181 1.5783313953043365 4.309503989420929 -1000 -1000 -1000 0.2587585389594347 0.93035686
