Car 0.99 0 1.3919803808119635 964.74 150.20 1241.00 374.00 1.4956429250358056 1.722930989480152 4.251894610129394 3.00 1.60 2.49 2.270008872209738 0.79235864
Car 0.93 0 -0.7579198638584952 0.00 215.13 223.18 374.00 1.583062548544855 1.7461170994402313 4.541685180865326 -4.70 1.88 4.88 -1.524531093793568 0.58524287
Car 0.00 0 -1.6311867656793932 679.63 182.43 805.73 267.00 1.553107180055828 1.5916678302647018 3.6926428248510743 2.52 1.70 14.77 -1.462197861366862 0.9999883
Car 0.00 0 -1.4735514084484915 399.50 190.96 483.78 246.67 1.4925716243504 1.615690159863367 3.7163434495554353 -4.77 1.95 20.70 -1.7000326953825347 1.0
Car 0.00 1 -1.6752538243916373 643.24 183.32 701.02 229.99 1.4956338576792192 1.7143615328432464 3.881982773669162 2.04 1.85 24.92 -1.593573997069303 0.99855477
Car 0.00 1 -1.52145799721149 456.82 182.63 514.20 227.72 1.5199215769587469 1.6893716522218132 3.657078357540169 -5.14 2.14 30.05 -1.6908667869043434 0.99134564
Car 0.00 0 1.5298374640431742 494.64 184.39 529.89 212.93 1.4506406936614227 1.6297198434085989 3.992908479772606 -5.92 2.34 43.85 1.3956431368862887 0.69331145
Cyclist 0.00 0 -1.2992545823243002 563.32 180.97 570.83 198.86 1.7537801503558015 0.5372535006313515 1.8151056645835304 -4.52 2.71 76.00 -1.3586582931423796 0.9684967
Cyclist 0.00 0 -1.8163016448405127 570.39 181.10 577.60 198.03 1.6628212998975371 0.490134553721447 1.7252719505155945 -3.80 2.63 76.11 -1.866187956683157 0.9756387
Car 0.00 1 -1.536609743782554 623.83 180.95 658.52 211.18 1.4328412640659522 1.587119541382923 3.3565629889593507 1.69 2.08 40.69 -1.495100055048632 0.9998447
DontCare -1 -1 1.6507071713593344 594.79 180.21 600.58 194.74 1.4490802589623641 1.5035658620954895 3.8958570977077867 -1000 -1000 -1000 2.4361053347567827 0.8747961
DontCare -1 -1 1.484762274720941 543.36 184.09 555.94 195.70 1.4753970283834648 1.547168261623516 3.632615970574417 -1000 -1000 -1000 2.2701604381183893 0.9102541
DontCare -1 -1 -1.810027570524488 604.49 179.24 619.01 188.91 1.4737035263149452 1.598960860884323 3.7460312416181947 -1000 -1000 -1000 -1.0246294071270396 0.89475286
