Car 0.00 1 3.0110961953785758 866.13 143.28 979.18 180.44 1.518571000667886 1.673655036157503 4.058325829111137 13.69 -0.03 30.63 3.431408710041123 0.5188215
Car 0.00 0 -1.5968778683480362 529.84 171.80 562.46 196.94 1.5155649691639852 1.6511239458532476 4.028955401979484 -3.67 0.98 44.68 -1.678833542375392 0.99993837
Cyclist 0.00 0 1.5513534723457436 617.39 166.57 643.63 191.80 1.7126057870108937 0.5411809028296661 1.6620217143023872 1.80 0.78 49.67 1.5875767993735566 0.7722014
Cyclist 0.00 0 -0.9440790573742728 566.59 166.28 592.25 191.99 1.7102289288658952 0.5419327483682823 1.5623803986633682 -1.87 0.83 52.13 -0.9799355415379528 0.85815436
Pedestrian 0.00 1 -1.4062120477345328 586.03 170.02 600.94 195.47 1.7517106453332854 0.6505820545640659 0.9698111085007095 -0.76 1.06 50.82 -1.4211656752638817 0.65470755
Pedestrian 0.00 1 -1.8847666243698935 459.22 171.92 473.54 199.76 1.7475795098025155 0.5726084913399887 0.7656118167350197 -9.71 1.33 49.38 -2.078927715159452 0.98713595
DontCare -1 -1 1.8828522423889975 386.30 176.85 423.55 208.36 1.5410383365868043 1.660414724862709 3.8888848481104756 -1000 -1000 -1000 2.668250405786446 0.98647285
DontCare -1 -1 1.7587399492647986 800.36 158.68 843.35 172.02 1.4808616045682144 1.6542056084336185 3.9880551417694474 -1000 -1000 -1000 2.544138112662247 0.5787681
DontCare -1 -1 -2.062746332087789 716.21 160.59 725.73 179.67 1.4446428570716094 1.553686804390087 3.598045217000046 -1000 -1000 -1000 -1.2773481686903407 0.93583375
DontCare -1 -1 -1.6847846219923834 513.48 171.11 525.87 194.97 1.53376636130795 1.6398966752649689 3.7469664980993653 -1000 -1000 -1000 -0.8993864585949352 0.98913515
