Car 0.00 0 -1.5362782749023776 576.97 176.63 662.61 254.58 1.489340506848545 1.666974055832758 3.3623168041334535 0.24 1.42 16.81 -1.5220020289248335 1.0
Car 0.00 0 -1.1678954819825034 65.55 196.70 353.34 346.19 1.5191774604661774 1.634915827094152 3.6748949756250764 -4.58 1.57 8.82 -1.6468434270868335 0.9999914
Car 0.00 2 -1.4673838699844222 56.65 185.40 269.50 278.65 1.3896933350531768 1.5771887519122505 3.3505059053526307 -8.30 1.52 13.82 -2.0082289021442152 0.999998
Car 0.00 0 -1.4513933295991759 358.37 183.46 475.40 253.60 1.5132887953712058 1.6635148816467666 4.002178924284973 -4.43 1.41 17.20 -1.7034727883054337 0.9999999
Misc 0.00 1 -1.5308067361500601 428.56 117.05 541.64 225.86 1.6968785825936508 1.6701316789449596 4.389706270895996 -4.51 1.26 28.99 -1.6851404807915629 0.68398833
Misc 0.00 1 -1.5773654911343495 534.28 148.30 570.04 196.54 1.4307289872138214 1.5464782559038543 3.843811721667745 -4.85 0.87 64.85 -1.6520144937427224 0.98209447
Car 0.84 0 -1.5901038135078291 0.00 187.08 54.47 262.89 1.4518544677464675 1.696767612612381 4.250408606730499 -12.77 1.54 13.64 -2.342571817776044 0.5556058
Car 0.00 2 -1.4886083612826209 213.18 183.50 310.64 225.58 1.545223011058421 1.615232932633295 3.323053853713074 -12.38 1.33 25.95 -1.9337453280698087 0.9973652
Van 0.00 1 -1.4887595112111907 304.44 167.14 377.31 211.51 2.1473214845289803 1.9087359855031205 4.445713875645446 -12.07 1.10 32.72 -1.842160565001959 1.0
Car 0.00 0 -1.2614415446904044 668.56 183.51 699.81 201.30 1.4692464064626407 1.681757546281948 3.7770160307512666 6.43 1.29 60.29 -1.1551919884014992 0.90232736
