Car 0.00 0 2.059869841733251 184.39 192.28 399.17 312.34 1.4974368981836748 1.5183492892147445 3.5779552330599214 -4.70 1.81 11.16 1.661267280700875 0.9994336
Car 0.46 1 -2.4677820364621024 878.00 189.70 1241.00 374.00 1.4835174497036647 1.5264529504538917 3.364945339165726 3.74 1.65 6.21 -1.9257065168867948 0.9999982
Car 0.00 1 1.9660938839104514 347.40 186.45 467.98 258.01 1.5549291264085483 1.6243843466700458 3.6157065649853135 -4.59 1.77 16.77 1.6989338446942857 0.99937785
Car 0.00 1 -2.041791603961263 770.39 182.17 942.62 291.18 1.4795179556874942 1.5053848766447449 3.6366510113106156 3.77 1.66 11.78 -1.7320578579649881 0.9270519
Car 0.00 2 1.5238039689746241 413.76 184.86 504.74 236.25 1.4799747098056983 1.6472426459850216 3.6501314063892747 -4.54 1.78 22.19 1.3219924710789455 0.99868816
Car 0.00 2 1.254187868037496 719.64 177.82 830.28 251.09 1.4645355757145595 1.5777738683582687 3.701195718847313 3.69 1.63 17.00 1.4679310525278488 0.9973876
Car 0.00 0 1.5375002371754984 515.50 178.99 554.61 208.09 1.4748133238224697 1.5232040279270553 3.200003700457611 -3.94 1.79 38.02 1.4342391598822914 0.99034166
Car 0.00 2 0.8683622042324881 703.52 177.24 776.00 231.42 1.550080446880908 1.620993926441803 3.5716075768099214 3.84 1.66 22.03 1.0409361238032488 0.9636802
Car 0.00 2 -2.0280406633999686 695.79 175.88 749.41 218.58 1.4845385517744731 1.590087584471836 3.5765293707476045 4.19 1.64 27.51 -1.87689402505694 0.99985206
DontCare -1 -1 -0.413394765057836 562.77 175.36 637.45 187.94 1.4985956907092046 1.650626096195116 4.03433118959526 -1000 -1000 -1000 0.37200339833961227 0.5720127
DontCare -1 -1 -2.013852165141378 654.95 172.45 680.15 190.86 1.502722707000227 1.670931405639782 3.839205706618824 -1000 -1000 -1000 -1.2284540017439296 0.9030301
