Car 0.00 0 0.12100450595351653 765.54 180.52 1029.60 290.18 1.4464061487285804 1.6954820968867683 4.237680213652649 4.37 1.69 11.37 0.4879425741271592 0.9011757
Car 0.80 0 -1.8884512643006186 0.00 183.51 123.06 353.00 1.5578470308153343 1.714370264923706 4.013911919795074 -7.67 1.67 7.34 -2.695831229585486 0.9460588
Car 0.00 1 -1.3224704275515418 9.15 182.54 301.06 280.45 1.5019487760780763 1.6478513267548227 3.4809991290197755 -7.74 1.71 12.49 -1.877246359419141 0.7249191
Car 0.00 2 -1.8464736501362662 723.72 184.83 931.19 270.30 1.5385358933179092 1.6295738921226406 3.7067604829893495 4.04 1.73 13.85 -1.562651815520382 0.98304385
Car 0.00 2 -1.3497474352505545 140.66 173.58 341.48 251.25 1.544007150810809 1.6282789625884437 3.4539800157175446 -8.74 1.75 17.34 -1.8166193536674133 0.99956626
Car 0.00 2 -1.3106124262001853 222.80 169.88 372.60 244.05 1.4820870388118934 1.6770229221047306 3.293825166426697 -8.53 1.85 19.84 -1.7166594378484277 0.99903405
Car 0.00 2 -1.2532444457199912 254.15 171.13 371.80 223.70 1.4986235577432823 1.6937404864193344 3.7766098250971223 -10.67 1.74 26.08 -1.6415930239978545 0.98297817
Car 0.00 0 1.4424728761103491 452.28 180.02 491.08 205.07 1.4920762203453493 1.6362531820969128 3.4203670789823915 -9.70 2.17 50.30 1.2519684782322977 0.70400226
DontCare -1 -1 -1.007070974507604 1079.90 188.94 1128.39 222.87 1.4772502969770145 1.6992170431376838 4.3953820635900875 -1000 -1000 -1000 -0.2216728111101558 0.98954695
DontCare -1 -1 -1.4519314403322081 1005.20 185.06 1058.54 205.41 1.5188615521235775 1.6003559001447105 3.5923094918356324 -1000 -1000 -1000 -0.6665332769347598 0.66468936
DontCare -1 -1 -2.3791253129628043 430.80 179.24 455.03 190.85 1.4212371561495971 1.575124672866001 3.8368053083644296 -1000 -1000 -1000 -1.593727149565356 0.6593425
DontCare -1 -1 -2.140955881276403 374.53 178.27 402.64 189.88 1.4513308111397933 1.6440846391679191 4.000628324352302 -1000 -1000 -1000 -1.3555577178789546 0.807347
