Car 0.57 0 -1.1604109863427023 0.00 195.66 213.98 374.00 1.4677741978137206 1.5329842933179283 3.0624982883558656 -5.63 1.72 7.09 -1.831529381017529 0.9998661
Car 0.99 1 1.5054443488505225 952.19 194.63 1241.00 374.00 1.6417356509535026 1.5253930085064316 3.5679062773809815 3.11 1.62 2.71 2.3594631246811173 0.93187827
Car 0.00 1 1.9685077230122427 134.33 184.35 349.05 296.44 1.4944040257303428 1.4763902866007232 3.913265200458565 -5.75 1.70 11.70 1.5117210698196417 1.0
Car 0.00 1 -1.9566455642369132 776.42 180.76 1064.51 350.30 1.5022703934280586 1.5755314373136902 3.7569552977905656 3.15 1.59 8.23 -1.5911011896250717 0.9999999
Car 0.00 0 1.1207192401078085 469.62 176.39 526.09 203.61 1.399053633567543 1.6029757589758777 3.097214656077423 -6.22 1.63 39.57 0.9648052369676426 0.9999391
Pedestrian 0.00 0 1.6470641131189208 673.24 167.79 685.58 203.25 1.8259734301272583 0.6572633068350029 0.7461675522634887 3.24 1.45 34.87 1.7397146390904357 0.71576
Car 0.00 1 2.3720112005856375 559.46 172.30 619.28 192.62 1.512103169579656 1.7164938070536995 3.7644030695186044 -1.56 1.45 54.52 2.343405652666473 0.71603745
Car 0.00 2 0.68691082397965 349.61 178.49 418.49 202.19 1.43136490916893 1.6867141269804382 3.9962660094128037 -14.20 1.80 45.21 0.382578250286447 0.98552483
Car 0.00 1 -0.9969021240856986 662.81 172.30 726.86 191.70 1.4279700968234252 1.6221716844202423 3.765518346928158 6.78 1.47 57.93 -0.8803943590432237 0.5529109
Truck 0.00 2 1.418753639855657 582.89 149.83 662.76 191.30 3.0971246207686853 2.64755886145833 10.809960890028382 1.12 1.60 64.76 1.436046542179701 0.96432453
