Car 0.00 0 -1.5608372633021812 531.54 183.04 554.03 200.96 1.556211922672243 1.6322965102927232 3.7502500509248162 -5.27 1.21 57.92 -1.6515749848401655 0.8557648
Car 0.00 0 -1.7915879050877432 581.42 179.79 677.62 254.95 1.5849369991390418 1.6593887240351581 4.019500302277603 0.37 1.48 17.47 -1.7704119066415887 1.0
Car 0.00 0 -1.116296605267797 28.30 196.65 282.69 323.04 1.4546116817562293 1.574376023626461 3.662839206062355 -6.15 1.57 10.25 -1.6567161055383812 0.5882243
Van 0.13 3 -1.614124876507793 0.00 166.05 197.79 267.93 2.2101769647677756 1.9539706209754182 4.597389487379837 -11.21 1.52 15.94 -2.22703690543503 0.99626786
Car 0.00 1 -1.3138088146832327 251.24 189.94 372.60 260.80 1.5397132396517705 1.6116732873679542 3.9797550012693788 -6.70 1.51 16.59 -1.6976364042856604 0.99975234
Car 0.00 0 -1.666622639694486 483.67 181.31 533.39 227.83 1.4899519759981346 1.6544344828189754 3.4713893999681855 -3.76 1.44 26.73 -1.8063716387142192 0.9999999
Car 0.00 1 -1.608419974395309 329.61 184.73 405.44 230.93 1.471284296718092 1.6348383904160404 3.4170614053831483 -8.26 1.42 24.99 -1.927647405466597 0.99935704
Car 0.00 2 -1.5831586989250521 227.40 184.86 317.03 230.23 1.5311906304030132 1.5932031304301166 3.4988819529638673 -11.65 1.42 25.19 -2.016346603687807 0.9999609
Car 0.00 1 -1.4927454153683524 395.60 183.49 438.38 213.54 1.5194371853774797 1.61519005826725 3.8515031455420936 -9.76 1.35 36.93 -1.7511218036084522 0.9996983
Van 0.00 2 -1.4702890450742583 284.08 171.18 350.71 215.54 2.243182334594927 1.9035074697887135 4.791886089199829 -13.96 1.34 34.78 -1.8519846001019362 0.9982552
Car 0.00 2 1.9999721209194998 414.97 183.01 447.84 207.07 1.5554754104284954 1.6332565054954433 3.8139949684367562 -11.18 1.31 45.70 1.7600454820347697 0.9328853
Van 0.00 1 1.9473676840451102 440.99 169.41 467.58 201.25 2.1653082124074317 1.8205295750951005 5.037113832140016 -13.14 1.28 61.83 1.7379648822270226 0.64461344
Misc 0.00 1 1.293835894265447 481.89 162.74 515.13 201.80 1.6879604611365508 1.588594555175438 4.250222252808609 -7.84 1.10 51.75 1.1434816390451679 0.9998436
