Car 0.57 0 1.6172899166729788 0.00 173.14 279.59 351.51 1.4727388623921585 1.5878194787265205 3.5043622126207734 -5.82 1.53 6.93 0.9187316251017403 0.956586
Van 0.31 3 -1.2053857604649405 0.00 57.14 374.90 300.92 2.532222792052231 2.0972995707844926 6.486680505627441 -6.37 1.53 9.53 -1.794598138404171 0.56965494
Car 0.55 0 -2.0367899099972586 795.51 194.66 1241.00 374.00 1.5603088553814601 1.5813555561663055 3.7588794400320436 2.75 1.63 5.57 -1.5781818551649083 1.0
Car 0.00 2 -1.5545943333443741 922.35 189.68 1219.34 299.60 1.4608885053364944 1.5097015791298294 3.6836890598163987 6.40 1.69 10.38 -1.0020797829604802 0.9999434
Car 0.00 2 -1.3181576589730124 793.75 184.55 1047.99 263.19 1.522551443782301 1.6278984949649715 4.766575770579376 6.16 1.73 14.78 -0.9232704593350376 0.68670803
Car 0.00 2 -1.1918324987080435 236.49 173.52 438.80 244.12 1.4457201812236022 1.68523407659544 3.9408196081743623 -6.37 1.59 17.09 -1.5486138242371732 0.99939
Car 0.00 0 -1.6352754170682768 637.06 181.20 665.20 201.87 1.5717489238648128 1.6705162034095669 4.300736921034851 2.72 1.90 48.85 -1.5796521980978941 0.69239235
Car 0.00 2 -0.8924459377911429 468.44 174.71 544.71 202.76 1.4953115436999511 1.5822910026372814 3.735117072366276 -6.08 1.72 42.50 -1.0345406338710916 0.98010993
Car 0.00 1 -2.51634277502564 693.50 179.11 781.83 212.30 1.5705652016966056 1.5660831325413131 4.350568460427322 6.00 1.82 34.34 -2.3433655459785254 0.9564623
Car 0.00 2 1.0476339618351798 380.80 178.65 507.40 225.51 1.4515663910476875 1.6686305881203556 3.5970302095041657 -5.56 1.71 24.23 0.8220712816323451 0.9992424
Car 0.00 2 -1.2297441522267203 307.22 174.43 475.94 234.94 1.4297397810785484 1.7244535826803589 3.786223845683136 -5.84 1.59 19.47 -1.5211538257923614 0.73319554
Car 0.00 2 -1.5913451510157923 746.35 180.54 862.69 228.67 1.4927151784120511 1.675558294421568 4.05492399831871 6.58 1.83 24.73 -1.3312965387572393 0.9994429
Car 0.00 2 -1.6601588437941412 763.21 183.88 892.62 232.20 1.5039298407553148 1.665040328419342 3.884636195503273 6.68 1.76 22.43 -1.3707074489362054 0.9948915
DontCare -1 -1 -1.4550337652352194 599.64 173.42 611.25 184.06 1.425982021149845 1.5439299114705467 3.5025729109869386 -1000 -1000 -1000 -0.6696356018377712 0.99635714
DontCare -1 -1 -1.2077226499703269 542.39 174.39 595.73 188.91 1.4471533749072265 1.6201723565073156 3.6338661183939363 -1000 -1000 -1000 -0.4223244865728786 0.88477075
