Car 0.94 0 1.7314446429398398 0.00 199.18 110.25 374.00 1.575527377781124 1.4127749197842026 4.216668116055526 -6.21 2.01 5.63 0.8970991206315717 0.9994661
Car 0.00 0 1.644776121773992 464.40 189.15 532.66 232.58 1.5685163628129672 1.6388551399768734 3.6924058367834474 -4.07 2.05 26.75 1.4937846074771604 1.0
Car 0.00 1 2.1341551105168204 80.87 198.14 317.41 322.28 1.404507205244751 1.5854679786325836 3.630762847267189 -6.57 2.09 12.02 1.6339344668965072 0.99993026
Car 0.00 1 1.6675784970310072 344.46 194.99 433.21 247.61 1.437398553249092 1.6551604115129852 3.8453283935190226 -6.91 2.18 22.80 1.3733074133562324 0.9997601
Car 0.00 1 -1.6247993792083602 629.25 180.78 659.68 207.37 1.4555741775600624 1.6605116867185974 3.6991217901335145 2.06 2.05 44.55 -1.5785921136315295 0.9999248
Car 0.00 1 3.111511576171738 710.86 170.44 807.52 200.41 1.4471919316618156 1.65274827114357 4.008059369526901 7.68 1.38 37.52 3.31341345537484 0.9405239
Car 0.00 2 -2.603071288266454 705.56 163.16 788.98 198.69 1.4501509148447227 1.6620988690019989 3.9158887473271276 7.65 1.41 40.59 -2.416786382314181 0.77265584
Van 0.00 2 -1.4622797901418547 896.60 150.09 987.45 183.18 2.113097995065651 1.8528318652962876 5.03287786042099 21.55 0.64 46.99 -1.0322903732057096 0.9756066
DontCare -1 -1 -1.5769144828107695 799.52 162.74 893.61 181.15 1.462584317084999 1.651226499369874 3.8633136135862256 -1000 -1000 -1000 -0.7915163194133212 0.961131
DontCare -1 -1 1.6188004995372633 1148.80 154.01 1239.96 201.53 1.4708317782549571 1.6499383554519558 3.473639445506134 -1000 -1000 -1000 2.4041986629347116 0.7547788
DontCare -1 -1 0.771312610307012 581.20 181.18 592.81 189.88 1.5246486699959647 1.650358752599492 3.9466193859801675 -1000 -1000 -1000 1.5567107737044603 0.52153397
DontCare -1 -1 -1.852129296460424 663.68 172.45 698.58 186.97 1.364083722588272 1.6146693725795889 3.538665788374939 -1000 -1000 -1000 -1.0667311330629756 0.9878181
DontCare -1 -1 -2.4315568367627005 528.81 182.15 561.77 194.73 1.4720746319560718 1.6651343621970558 3.9578752239571 -1000 -1000 -1000 -1.6461586733652522 0.746479
