Car 0.18 0 1.8651815513756613 78.95 137.34 450.16 374.00 1.3799900565116119 1.446459754622116 2.1404986550436402 -2.76 1.66 6.79 1.4791013784250917 0.6145167
Car 0.00 1 -1.755206556120191 754.78 197.35 963.06 320.14 1.5427254311560106 1.5458295040489578 3.605589764319458 3.40 1.80 10.87 -1.4520597979544334 0.5793142
Car 0.87 0 1.027054146924291 908.49 209.60 1241.00 374.00 1.5130267863912892 1.5072574161650085 4.188919590912857 3.69 1.81 4.93 1.669580913706969 0.9909695
Car 0.00 0 1.5199556360628943 502.78 176.52 551.64 218.24 1.471071884390564 1.6583572507561588 3.7278372069225694 -3.23 1.68 28.41 1.4067493705103435 0.99900836
Car 0.00 2 2.0240238467839102 349.82 177.03 496.30 282.98 1.5315679445682477 1.6524969109059715 3.925405005119839 -3.03 1.60 12.24 1.7813533157382344 0.77372235
Car 0.00 2 -1.2648908654835562 723.59 188.75 832.18 267.05 1.6012684184877586 1.4961904280544662 3.569522576533356 3.57 1.88 16.05 -1.0460240173759026 0.99223197
Car 0.00 2 -1.5871338761087994 689.47 182.56 761.32 233.99 1.571511950698347 1.6382002711953068 3.4090257455931092 3.51 1.79 22.64 -1.4333230695074781 0.99998724
Car 0.00 2 -1.6782782534745078 666.29 180.92 722.67 223.32 1.4943550959049177 1.660178634590044 3.8479478723705793 3.09 1.79 27.25 -1.5653660631018487 0.99998116
Car 0.00 2 -2.1564806262638907 654.61 181.57 699.15 214.26 1.524601105489434 1.6155747317434692 3.6737348606214906 3.00 1.80 33.43 -2.066980612305594 0.9984825
DontCare -1 -1 -1.1087887148049216 572.38 174.18 652.28 193.72 1.4552944380609703 1.670727755195036 3.8946686667726422 -1000 -1000 -1000 -0.3233905514074733 0.7163557
