Pedestrian 0.00 0 -1.5314197214928011 645.28 165.98 703.28 345.54 1.7972991070154858 0.6914380322483253 0.9161941787013912 0.65 1.58 7.38 -1.4435705320108798 0.626378
Pedestrian 0.00 0 1.2955257157471518 697.95 155.74 770.28 341.95 1.8546999631825638 0.6591985290211511 1.0380994496652984 1.25 1.56 7.49 1.4608908902356856 0.96863526
Pedestrian 0.00 0 -1.5969782407071929 191.74 159.63 270.08 347.69 1.759720260221864 0.7538942749884796 1.1632259307215118 -3.86 1.57 7.35 -2.080558554277015 0.7720669
Cyclist 0.77 0 1.1324124197152 0.00 170.45 283.06 373.00 1.677532542066679 0.632576929142971 1.7891418859759831 -2.24 1.67 3.23 0.526063251054512 0.95525336
Cyclist 0.00 0 -1.4527464742448668 317.08 160.55 431.45 329.40 1.6810444291103934 0.6594587133436394 2.0763395531500244 -2.68 1.57 8.60 -1.7548366408003815 0.83029884
Pedestrian 0.00 1 -1.8093860457327704 761.94 163.41 788.28 236.32 1.783159646615739 0.6927203852024746 0.9738921565720939 4.22 1.35 18.29 -1.5826271289969962 0.992763
Pedestrian 0.00 1 1.7485795329001288 772.56 165.17 791.89 215.92 1.7390361274037314 0.6552540407788825 0.8429609989533329 6.42 1.17 24.92 2.0007211272431507 0.77396107
Pedestrian 0.00 1 2.339762524762426 799.19 164.81 829.19 249.22 1.8203382803503227 0.6633834633317661 1.1037117806980514 4.14 1.31 14.33 2.6210090395895325 0.8018009
Car 0.00 0 1.7243845323708396 500.91 168.50 546.69 209.77 1.5236127943551552 1.614950734442606 3.7113581915722276 -4.18 1.44 39.41 1.6187151484521938 0.9800843
DontCare -1 -1 1.5959304320302348 561.92 171.99 590.90 200.97 1.6212707836000633 1.6111691736341858 4.2686113288031 -1000 -1000 -1000 2.381328595427683 0.9999989
