Car 0.00 0 2.0766323367741446 50.16 201.55 336.03 333.98 1.5097723765118432 1.6854887076379204 3.9774843027220155 -5.75 1.92 10.55 1.5776177306580241 0.9999999
Car 0.81 0 -2.025025234618459 887.86 184.87 1241.00 374.00 1.5641154985694599 1.5461504378081703 4.217564599715271 3.27 1.57 4.57 -1.4039482767516795 0.74254525
Car 0.00 1 -1.880843416848455 755.86 178.16 969.17 318.67 1.5018817022262525 1.5722700499655151 3.874049203597107 3.22 1.66 10.17 -1.5742117815302719 0.9999584
Car 0.00 1 1.918398485579763 290.28 191.45 413.88 268.62 1.4858568761317443 1.5603583969832802 3.908136090390482 -5.72 1.94 16.30 1.5809040838172614 0.9999809
Car 0.00 1 1.2726525227215628 694.41 181.23 783.18 240.12 1.4667997401027393 1.644193652337923 3.2900105287657166 3.41 1.70 19.91 1.4422774459780225 0.99999905
Car 0.00 1 1.8005228052523474 411.98 186.09 490.53 233.24 1.5110855124710512 1.6995508589507484 3.801617061846056 -5.54 1.98 25.47 1.5863480241192993 0.9999963
Car 0.00 2 -1.898629413047109 672.41 181.87 740.15 226.98 1.4529978114931297 1.622990000313654 3.427673207722702 3.31 1.80 25.75 -1.770786782743874 0.80833596
Car 0.00 1 1.5584146828067045 489.25 179.79 526.88 209.26 1.448710777219982 1.6168726079822922 3.43772737880806 -5.70 1.96 40.47 1.4184900122325867 0.9999995
Car 0.00 1 -1.5703080455448966 654.42 175.42 699.78 209.33 1.498045344260187 1.668906885451212 4.103967728220024 3.10 1.65 34.26 -1.480069255276836 0.85829616
Car 0.00 0 -1.3330276618388037 535.09 175.30 585.05 192.53 1.4972792308597278 1.5868556939722442 4.407293336592712 -4.51 1.75 64.75 -1.4025678591694404 0.98161626
DontCare -1 -1 -1.3594370941307883 0.00 192.82 53.34 239.37 1.4923852909176063 1.6108201735378647 3.718135522805252 -1000 -1000 -1000 -0.57403893073334 0.7931222
DontCare -1 -1 1.7602040181544165 221.22 177.30 376.44 202.50 1.4564270976750564 1.6324094657511854 4.129347460471191 -1000 -1000 -1000 2.545602181551865 0.7512002
