Car 0.00 1 -1.8507121364262442 775.52 186.71 1012.83 338.43 1.4717831801442813 1.451324119484558 3.510677175723114 3.48 1.81 9.73 -1.5072325262024215 0.99999976
Car 0.00 0 -1.4418673972275595 461.96 176.86 549.13 259.42 1.4191444370715331 1.5556827925802612 3.075036125384369 -2.59 1.98 18.49 -1.5810375990237215 0.9984781
Person_sitting 0.00 1 -1.4010341177370886 776.27 192.92 835.62 317.64 1.557445355114193 1.642151207915082 3.838417302943864 2.69 1.93 10.07 -1.1399991198737276 0.60240453
Car 0.16 0 2.0588810900833945 126.31 202.43 429.81 374.00 1.5688330124883365 1.494402795350685 3.818396097175875 -3.02 1.80 7.23 1.6632064049351807 0.99995446
Car 0.00 2 -1.2757509807732443 697.41 196.69 771.94 249.43 1.5789042826561641 1.6365078438730383 3.5860108902082826 3.72 2.17 22.41 -1.1112536276260463 0.78867227
Car 0.00 2 -1.36955484847096 732.14 196.32 837.57 273.07 1.53362232295856 1.5762617134214782 3.514552431307831 3.93 2.07 17.07 -1.1432694791909448 0.9916796
Car 0.00 1 1.567191631826807 554.90 189.04 587.31 218.83 1.5195139147160959 1.6257021997780943 3.9381225576029206 -2.15 2.44 40.12 1.513653610601391 0.8187035
Car 0.00 2 -1.568585539064605 693.08 190.02 746.46 233.72 1.4862541038362693 1.5699151226045036 3.179310219489136 4.08 2.19 27.48 -1.421190677910541 0.92840654
Car 0.00 2 -1.5075953463700156 680.94 191.32 723.57 225.47 1.5074165783642244 1.6154096659929895 3.6243233551607514 4.28 2.38 34.08 -1.3826625676899467 0.99991846
Car 0.00 2 -1.7507047961142401 670.46 190.74 707.11 220.86 1.514698108547033 1.6542456776560688 3.859939361467124 4.16 2.47 38.80 -1.6438963220674463 0.9941163
DontCare -1 -1 1.8920984725144248 602.55 186.03 666.56 200.56 1.4825991730956745 1.661213300442829 4.377350406847992 -1000 -1000 -1000 2.677496635911873 0.8503413
