Car 0.43 0 1.9811220626023154 0.00 187.01 441.49 374.00 1.4780402708618354 1.6935509510995292 3.922698440156975 -2.92 1.60 6.12 1.5359420108495503 0.75200313
Car 0.36 0 -2.1114479462292532 796.11 202.20 1233.32 374.00 1.4544703144399833 1.6504472356946611 4.064980032049217 2.84 1.78 6.11 -1.6763450387993195 1.0
Car 0.00 2 1.8057136694577078 321.46 175.38 487.47 285.08 1.55871832033679 1.558140061116352 3.753618927799263 -3.31 1.62 12.19 1.54057257666128 1.0
Car 0.00 1 1.5978626488384347 711.76 193.16 887.55 311.17 1.3777864429919433 1.657984226262703 4.195587204896011 2.75 1.82 11.66 1.8294790783413024 0.9288857
Car 0.00 1 1.8418890396740775 464.26 174.97 533.24 230.42 1.485950172301979 1.676964613860979 3.1110040118322755 -3.17 1.54 20.81 1.6907205495794808 0.99998343
Car 0.00 0 1.668596469857965 673.15 180.64 732.21 223.35 1.4562688920466613 1.6280263804556274 3.6211479326115037 3.17 1.66 25.65 1.7915597102522158 0.99089897
Car 0.00 2 0.9887458244946341 504.23 177.47 556.51 215.92 1.4955837804643821 1.6528715000213527 3.6202807446346665 -3.06 1.57 28.04 0.8800461609173553 0.9144635
Car 0.00 1 -1.7205444137242178 651.41 175.54 679.51 200.62 1.5273521457618486 1.6208638914586448 3.9255457167849923 3.46 1.70 45.76 -1.6450761283610464 0.99934846
Van 0.00 2 1.5252786661174635 643.73 162.93 671.04 194.16 2.1739592268248416 1.8898432465349866 4.95614556019907 3.76 1.66 58.26 1.5897275613663022 0.75638175
DontCare -1 -1 -1.412778110304151 567.62 170.50 601.55 188.91 1.4539859298436355 1.6309678845764541 3.6725414415226365 -1000 -1000 -1000 -0.6273799469067027 0.91903895
