Car 0.52 1 -1.5666531199265759 0.00 212.92 241.63 374.00 1.5798347931174945 1.6336893004090929 3.915024077646532 -5.94 1.96 7.98 -2.2065354266640576 0.9914437
Car 0.00 1 1.9891680936005454 177.21 199.70 357.57 300.59 1.4906712177960586 1.666163324630394 4.0006431063042065 -5.94 1.97 12.89 1.5573508400813405 0.9817956
Car 0.00 1 1.8035805384304862 315.45 195.57 429.82 260.61 1.5065114743827295 1.6907145672203445 4.135208295784988 -6.03 2.04 18.69 1.491491519151906 1.0
Car 0.00 0 2.652382687726293 941.59 137.67 1190.69 225.83 1.5522311463771772 1.6480620179982328 3.9572753777132417 9.02 1.00 14.54 3.2076367051785457 0.9947541
Car 0.00 2 1.8248171965267996 912.24 140.28 1067.68 217.54 1.6131499562232208 1.6624958135844612 3.703625993929901 8.92 1.00 17.16 2.30418968875533 0.9674823
Car 0.00 2 1.567292247726817 856.32 146.68 1012.07 212.88 1.5141165925940883 1.6694710508645916 4.079642566047706 8.63 1.02 19.47 1.9845153857454594 0.9999043
Car 0.00 2 2.2350618402150015 801.74 155.14 941.05 209.18 1.5511656202195596 1.6620980531634235 4.008943827949562 7.96 1.07 22.27 2.5783417678876366 0.90780133
Car 0.00 1 1.7282103757050375 409.46 188.44 484.87 232.78 1.4774160798458766 1.6472834937931442 3.512371407948532 -5.86 2.03 26.28 1.5088163252208258 0.99999297
Car 0.00 1 -1.757476926842008 682.63 175.43 766.65 233.17 1.5274758654466283 1.6139098212779903 3.6716395934448625 3.12 1.57 20.55 -1.6068027961414162 0.9928035
Car 0.00 2 -1.7993421862509589 669.98 173.55 727.78 221.16 1.5362483247934293 1.647328573531046 3.6507045497522737 3.10 1.62 26.08 -1.6810322677800715 0.99948573
DontCare -1 -1 -1.9497578899052481 588.96 173.90 617.07 189.40 1.5632347915141296 1.6721416071714306 4.190550940238037 -1000 -1000 -1000 -1.1643597265077998 0.5413772
DontCare -1 -1 -2.09538193146256 473.50 183.60 528.78 214.62 1.4603943381278228 1.6132874649675035 3.6953706463203813 -1000 -1000 -1000 -1.3099837680651119 0.84972304
DontCare -1 -1 1.8363154689457755 525.89 181.66 554.00 197.16 1.4897891547350597 1.5767457031370544 3.747851202391186 -1000 -1000 -1000 2.6217136323432237 0.99963295
DontCare -1 -1 -1.4925675029542784 636.51 174.87 670.44 195.22 1.4316684309212875 1.6241712898672962 3.813182534776726 -1000 -1000 -1000 -0.7071693395568301 0.9914102
DontCare -1 -1 -1.6577329645541052 649.12 178.75 683.05 203.95 1.536489926633091 1.625742311841383 3.7348447163925553 -1000 -1000 -1000 -0.872334801156657 0.5970627
