Car 0.00 0 1.460932613411222 785.38 178.56 888.02 245.60 1.399429604765625 1.6405340053798103 3.428038554392853 5.60 1.67 18.41 1.7562221417347923 0.99989855
Car 0.00 1 1.6261312747981886 696.31 175.46 771.06 240.04 1.5596068206994247 1.706660299813881 4.029255481563606 3.42 1.71 20.22 1.79368494998096 0.9999906
Car 0.00 0 -1.7294333885100226 190.35 192.98 255.00 231.63 1.4827660623757553 1.606219924307003 2.9948856999502564 -15.70 2.23 29.09 -2.224337733754146 0.998458
Car 0.00 1 -1.3661325583842139 376.41 178.45 470.24 218.04 1.3989263552992057 1.6179351241053486 3.900095066182413 -8.58 2.02 33.23 -1.6188142493622173 0.92875654
Car 0.00 0 -1.9981093863633017 129.97 185.83 159.66 209.76 1.523215882368983 1.5878962755860233 3.3543837835417176 -36.66 2.81 56.77 -2.5715007078214525 0.9724769
Van 0.00 0 -2.29139502445725 443.34 162.71 711.85 318.72 2.2214615638484574 1.8788685878818465 5.05997019896065 -0.79 1.85 11.39 -2.3606432097821326 0.99990916
Car 0.00 0 -2.16606064240006 307.59 196.87 437.37 264.81 1.4566236067383003 1.6637931124032879 3.6865288039074326 -5.76 1.96 17.10 -2.490965760465179 0.99967754
DontCare -1 -1 -1.2236578027394156 874.87 174.05 1028.20 216.80 1.4114081416098785 1.7017485716105842 3.904254591219225 -1000 -1000 -1000 -0.4382596393419673 0.965159
DontCare -1 -1 1.6124523329224925 26.89 183.14 93.70 207.30 1.509266501647086 1.6722951226593399 3.8851165959016467 -1000 -1000 -1000 2.3978504963199407 0.9766633
DontCare -1 -1 -1.868916587033544 0.00 187.49 17.44 222.39 1.5214134448958945 1.6090539575280094 3.657470779620209 -1000 -1000 -1000 -1.0835184236360957 0.63337624
DontCare -1 -1 1.4234046498921256 170.76 192.34 201.78 221.42 1.5124326985149097 1.615065641021862 3.7015718241558457 -1000 -1000 -1000 2.208802813289574 0.9951887
