Car 0.18 0 -2.2928730408337454 778.85 187.86 1185.71 374.00 1.4574506509868812 1.6033245430053615 3.8154114467428113 2.75 1.52 6.47 -1.890969665525521 0.9997924
Car 0.00 1 -1.6456882218506674 690.20 170.01 793.20 255.09 1.625525005516262 1.650684473356738 3.4212497045622254 2.69 1.60 15.60 -1.4749315442382194 0.9998134
Car 0.00 2 -1.3373309830811362 170.13 173.79 414.91 259.24 1.539691277202816 1.6689332754076862 4.692427234850921 -6.19 1.60 14.23 -1.747638184357089 0.79855484
Car 0.00 2 0.7801645557072501 253.47 171.49 439.64 244.78 1.5172146892926108 1.701020776546135 4.184347557030716 -6.10 1.59 16.87 0.43320333249733917 0.99671066
Car 0.00 2 -1.452202164628778 280.22 159.98 427.84 237.51 1.527037920319141 1.700309186494484 3.9405236115084077 -6.79 1.64 19.27 -1.7909789373562528 0.9999919
Car 0.00 2 2.0428320626404624 377.02 174.47 492.30 218.79 1.452826291677208 1.6609558866084957 3.7871133034453774 -5.96 1.51 24.62 1.805321663573866 0.94195145
Car 0.00 2 1.4831336746600012 404.41 174.37 511.26 217.74 1.4784854505030822 1.705781980669632 3.8211802226827527 -5.65 1.61 26.89 1.276031067817973 0.99834836
Car 0.00 2 1.4873174066331725 413.65 169.75 499.98 212.67 1.4918006513087463 1.675665851003065 3.9734774102793122 -6.21 1.57 29.26 1.2781854503988674 0.51712453
Car 0.00 2 -1.42981913785008 464.63 161.87 536.82 195.65 1.552735003065915 1.6853743039728546 4.122986631594696 -6.99 1.42 46.29 -1.579691372288358 0.6141527
Cyclist 0.00 0 1.2069361666825156 577.40 170.61 583.89 187.65 1.7124299719352578 0.5232543588786316 1.3902591569746399 -2.79 1.39 68.48 1.1662168642256878 0.7844651
Car 0.00 1 1.63786539534596 654.13 176.79 701.04 213.37 1.5385232515452814 1.590386419808998 3.5716653337107087 2.65 1.56 29.28 1.728124949984099 0.99999547
Car 0.00 0 -2.4674255410817008 626.08 171.76 647.93 188.64 1.4579632285802078 1.5475588955642128 3.791788937650719 2.32 1.35 63.14 -2.430698319581681 0.7795019
DontCare -1 -1 -2.331854776540075 525.89 169.05 569.52 182.61 1.4847888801066589 1.5978548892499351 3.9143892062232877 -1000 -1000 -1000 -1.5464566131426265 0.9540788
DontCare -1 -1 -1.5822684011098485 598.69 166.98 605.93 175.36 1.4842965047626209 1.586119338190689 3.4626375307665254 -1000 -1000 -1000 -0.7968702377124002 0.95932966
