Car 0.82 0 -0.9948001066830496 859.41 140.94 1241.00 374.00 1.505977305006833 1.5733946778537178 4.006239937745132 2.99 1.58 4.26 -0.3828148953598792 0.7936586
Car 0.73 0 -1.079453514018331 0.00 207.53 281.35 374.00 1.3910157982079696 1.5211477570892715 3.7648786102757836 -4.82 1.88 6.45 -1.7212159261036728 0.9998648
Car 0.00 0 -1.7692965875056128 666.66 183.27 773.83 258.02 1.5173253066657495 1.5399416156770134 3.228589194022217 2.35 1.74 16.51 -1.6279083523962086 0.9997446
Car 0.00 0 -1.5098964619126658 406.01 188.94 483.67 239.89 1.5193746119091671 1.6309730766998076 3.7223399599419023 -5.06 1.92 22.32 -1.732830784762727 0.9999989
Car 0.00 1 -1.6930833617832999 632.01 181.65 685.04 224.79 1.5046532325266313 1.6613374867202186 4.014618026219406 1.70 1.81 26.69 -1.6294750202310322 0.8986842
Car 0.00 1 -1.549534655236874 458.14 180.89 509.71 223.44 1.531036604550333 1.6634475172222996 3.727237047754326 -5.47 2.08 31.55 -1.7212037516152365 0.96268356
Car 0.00 0 -1.2216271320965628 490.39 182.79 524.16 210.11 1.510218486544342 1.650313831186428 3.9495122378096963 -6.46 2.26 45.50 -1.3626625424038703 0.803279
Cyclist 0.00 0 -1.9656035463002066 555.96 178.50 563.39 195.72 1.6722377012837981 0.5443629340439033 1.9967023088062668 -5.50 2.47 78.87 -2.035225842181073 0.97363305
Cyclist 0.00 0 -2.122554258504186 562.62 179.39 569.75 195.69 1.7246143236179208 0.4787853450684738 1.894404719623413 -4.79 2.48 78.97 -2.183135980265538 0.9821607
Car 0.00 1 -1.5579330158096294 614.14 178.71 648.59 207.64 1.5419034644781064 1.6376436141045236 3.2419108917341615 1.19 1.97 42.40 -1.5298743438220046 0.9943936
DontCare -1 -1 1.785205484428678 587.02 177.78 593.78 194.25 1.4581346217362594 1.576638668096199 3.84301988327513 -1000 -1000 -1000 2.5706036478261263 0.64840317
DontCare -1 -1 1.3936888138439993 594.79 173.90 611.26 185.51 1.4981617409555625 1.6298337292583132 3.8778720555231954 -1000 -1000 -1000 2.1790869772414476 0.9767889
DontCare -1 -1 1.511373565593038 528.81 180.69 550.13 197.16 1.5210637640027713 1.622238244182005 3.696644904218712 -1000 -1000 -1000 2.2967717289904863 0.9698849
