Car 0.60 0 -1.965141044059072 832.42 174.85 1241.00 374.00 1.7312281433312606 1.811583115971222 3.5002086927519227 2.78 1.65 4.96 -1.4542844432490516 0.99999976
Car 0.76 0 1.661327370503221 0.00 182.72 178.83 374.00 1.554916229453535 1.6560927585424328 4.369046585761108 -6.06 1.70 6.10 0.8792186689253265 0.93899566
Car 0.45 3 -1.5981278448042016 0.00 154.89 223.11 339.29 1.7150942984788131 1.7097407721640014 3.1394246389494325 -6.73 1.78 8.50 -2.267827055042191 0.9999839
Car 0.00 2 1.9539643983033042 22.74 187.87 303.39 291.07 1.5528961349098396 1.6567898758412742 4.256571309767761 -6.77 1.68 11.10 1.406290045762511 0.5644084
Car 0.00 2 -1.0431237379696707 192.68 187.49 411.29 268.87 1.44171018188879 1.587519887155428 3.5393698682413484 -5.86 1.74 13.86 -1.443129001194142 0.9089627
Car 0.00 2 -1.7860247353699545 265.94 182.10 453.97 256.22 1.4856374118296813 1.6408939038128996 3.484035926066437 -5.52 1.76 16.08 -2.1167036239464334 0.8019938
Car 0.00 2 1.305773721137319 307.11 179.45 449.08 247.95 1.4371385428874206 1.651007696306839 3.310101049147644 -5.94 1.85 18.57 0.9961880167608066 0.9999857
Car 0.00 2 1.64896106074122 313.88 175.69 481.79 236.72 1.4785248938767623 1.6655572608770275 3.4460031559095765 -6.10 1.77 20.89 1.364854486006172 0.9987268
Car 0.00 2 1.4750186140325408 377.81 177.82 492.64 222.75 1.5035344216792297 1.6131646328331375 3.315367655955353 -6.21 1.71 25.76 1.238460804488525 0.7608149
Car 0.00 2 1.355108187594686 429.25 165.62 525.00 210.05 1.5893250260321807 1.7089145027758026 4.216959880791702 -6.49 1.77 35.42 1.1738885684334839 0.91988987
Cyclist 0.00 0 1.6483510742571692 571.91 176.68 580.55 198.73 1.7867979999054526 0.5878893451004219 1.784351248333838 -2.50 1.88 53.12 1.6013225227202659 0.885563
Car 0.00 0 1.5613407660883407 686.12 184.37 764.86 245.47 1.5216377413651359 1.640914079985156 3.233319955073395 2.81 1.69 18.42 1.7127252020620638 0.99999857
Car 0.00 1 0.7426319281247 742.54 172.66 876.47 226.83 1.4450041729776573 1.6335601352812195 3.8288941664026166 6.39 1.70 23.53 1.0078048410038754 0.95251
Car 0.00 2 1.3903214643385748 689.70 170.47 766.29 204.67 1.5392814915446948 1.6097301424206638 3.851214328907528 6.30 1.67 38.96 1.5506380540597988 0.99705493
Car 0.00 0 -1.782943115630422 635.42 177.40 662.51 197.91 1.4399004433123779 1.6244673219235086 3.7153082658872987 2.77 1.76 52.36 -1.7300894071801267 0.98609275
DontCare -1 -1 -1.681668751933847 600.61 171.96 610.28 179.69 1.481979579087944 1.555829449808731 3.885344213001528 -1000 -1000 -1000 -0.8962705885363986 0.8684722
DontCare -1 -1 -1.3891833732512335 523.95 171.96 555.94 197.16 1.5235573471343529 1.6237742428393507 3.900653930507698 -1000 -1000 -1000 -0.6037852098537853 0.86632717
DontCare -1 -1 1.453440317013536 551.12 172.93 565.64 187.46 1.4463122341601562 1.5799262069822693 3.5634499957189942 -1000 -1000 -1000 2.238838480410984 0.56414324
DontCare -1 -1 1.2445998648789267 617.10 169.05 635.51 182.61 1.4669749889342498 1.60288504443182 3.8734267439098145 -1000 -1000 -1000 2.029998028276375 0.9952081
