Pedestrian 0.00 0 -1.4246723065760474 699.84 170.63 735.50 284.60 1.7939306771758747 0.6618556323733997 0.6262192843267822 1.67 1.60 11.66 -1.2824150646900652 0.77445847
Pedestrian 0.00 0 -1.8490224043515067 434.98 171.76 474.98 256.29 1.7594540975432647 0.6394732239928913 0.6285305736372375 -3.39 1.58 15.73 -2.06128766290258 0.6420958
Pedestrian 0.00 1 1.8155272165921073 401.72 174.06 426.05 254.24 1.6706681935492707 0.5448860506799889 1.4771977184126281 -4.35 1.59 16.17 1.552732098987983 0.94647735
Pedestrian 0.00 0 -1.6355790431287627 817.13 167.09 843.79 246.99 1.738343305364604 0.7297891135600281 0.8993774378458166 4.90 1.37 15.53 -1.3299467276408796 0.57338274
Pedestrian 0.00 1 1.3161455551770072 791.64 166.27 817.64 244.64 1.7426608665291023 0.655411796578474 0.7836485100695991 4.35 1.40 16.37 1.575873256141524 0.9960756
Pedestrian 0.00 0 1.4923496703293662 650.79 170.30 676.12 238.28 1.744455232695098 0.655535813355155 1.0918056783983612 1.53 1.58 20.49 1.566881923686475 0.881539
Pedestrian 0.00 1 1.240808711447988 727.12 174.97 755.45 280.35 1.8885028748217774 0.680104261198349 0.9795164732048416 2.26 1.58 11.96 1.4275698027256867 0.7621673
Pedestrian 0.00 2 -1.6127063306656222 678.45 176.75 721.62 260.53 1.7409325255457115 0.5848790462401581 0.4924990353891754 2.05 1.62 15.22 -1.4788208921032926 0.9993412
Pedestrian 0.00 1 1.6259845132615904 762.14 165.01 791.47 249.03 1.7676449953023148 0.6908912304130268 0.8945115139493847 3.58 1.45 15.90 1.8474486069207066 0.88646185
Pedestrian 0.00 2 1.3779127458718161 777.73 163.67 799.35 234.37 1.792101649046297 0.6878979559329224 0.7727811528155708 5.03 1.37 19.15 1.6347737359401975 0.59351885
Car 0.00 0 1.6747449646380286 558.93 178.53 601.54 211.89 1.6379300135938835 1.6891299702884102 4.044743823014297 -1.01 1.43 36.16 1.6468208090056147 0.99990404
Pedestrian 0.13 3 1.1237564841893057 16.29 177.94 73.96 307.20 1.7671689534935904 0.526751046934433 0.7283001212189102 -8.35 1.76 10.54 0.4537774107349143 0.75400037
DontCare -1 -1 1.1653364757683615 617.05 175.38 630.56 186.95 1.491892150026412 1.6548807353438282 4.033966692291298 -1000 -1000 -1000 1.9507346391658098 0.59697324
DontCare -1 -1 1.3937960873034339 70.59 233.41 143.09 359.11 1.5163331216952216 1.636260106480255 3.5034882595167542 -1000 -1000 -1000 2.179194250700882 0.99092835
