Car 0.28 0 -1.321824968853269 0.00 193.15 255.76 363.38 1.5679953474371147 1.657037108457222 3.333821194373169 -5.58 1.72 8.03 -1.9291159601571624 0.5397539
Car 0.93 1 -2.451417044797216 898.93 190.92 1241.00 374.00 1.5256374207144987 1.5498596944571876 3.6022730638609315 3.14 1.62 3.64 -1.7396319384107737 0.7178007
Car 0.00 1 1.896620557704244 180.84 184.77 369.71 286.98 1.4527223188249778 1.6914842494489097 3.8729672181756283 -5.69 1.72 12.67 1.4745216952799496 1.0
Car 0.00 1 -1.7943644980576376 766.31 180.25 1012.62 328.72 1.497234300133438 1.596491470253601 3.7586953510866548 3.20 1.60 9.14 -1.4575922127842795 0.9999993
Car 0.00 0 1.0611904422428946 471.40 177.11 527.77 203.35 1.4436923045484733 1.5489660122157478 3.1389061381445313 -6.33 1.68 40.97 0.9078992300984197 0.75355154
Pedestrian 0.00 0 -1.1714189509537558 671.21 170.12 686.16 204.57 1.8002088679376793 0.7029587905195427 0.8598362548062706 3.35 1.56 35.87 -1.078296262138018 0.7641472
Car 0.00 2 2.650621728101049 667.09 172.15 730.14 191.22 1.4286211062042427 1.6140467573614263 3.70133847197155 7.20 1.46 58.86 2.7723411865813414 0.7559369
Truck 0.00 1 1.6877923841264586 596.61 151.62 675.40 192.52 3.092054480183382 2.5326552065551566 11.04993923327675 2.32 1.73 65.65 1.7231166027716647 0.63766074
DontCare -1 -1 -2.7089554826405386 355.12 181.66 415.25 200.07 1.3433421704737853 1.5821784988702678 3.7679437344298745 -1000 -1000 -1000 -1.9235573192430904 0.85488296
DontCare -1 -1 -2.560839728513036 566.65 174.87 622.90 195.22 1.5064343347965192 1.6944383450509453 4.036844344936409 -1000 -1000 -1000 -1.775441565115588 0.5379561
