Car 0.00 0 1.8162945369866232 320.91 188.53 456.02 269.91 1.50523841789052 1.630766747771337 3.8144742158577825 -4.60 1.83 15.39 1.5258514571287225 0.9999982
Car 0.70 0 -1.920342163243566 920.36 183.60 1241.00 374.00 1.4838474135665607 1.5705896013142013 3.7616516595111276 3.83 1.68 5.32 -1.2963686299260733 0.98970324
Car 0.00 1 -2.0059461752560477 792.21 185.53 999.77 312.61 1.5005496669380378 1.584994069552555 3.4443667401895905 3.82 1.68 10.43 -1.6548676609611244 0.9984617
Car 0.00 1 1.6969340602543692 409.81 184.90 500.72 240.21 1.5445597715495538 1.6716918342472458 3.743002193175354 -4.44 1.80 21.04 1.4889588148866537 0.99977785
Car 0.00 1 1.554966508471642 736.95 180.59 849.24 257.40 1.6465588588087272 1.651851143008604 4.076487409077682 3.86 1.67 15.92 1.7928383916316517 0.9922891
Car 0.00 2 1.35131332377461 454.01 184.79 525.43 227.15 1.5058473501174163 1.6335008342476034 3.6391824801788712 -4.34 1.84 26.46 1.1887397479641453 0.9374576
Car 0.00 2 -1.9467452923443656 705.94 179.50 789.54 236.85 1.5865777659980964 1.6343057968379402 3.6562850197182084 3.88 1.71 21.15 -1.765311160783091 0.7498309
Car 0.00 0 -1.5584919490527849 531.26 179.32 566.38 205.35 1.4602944109408569 1.5693900056840324 3.3305038978681947 -3.58 1.84 42.31 -1.6429044495698977 0.9981862
Car 0.00 2 1.2080883542683463 694.79 179.63 753.14 224.54 1.48635758495018 1.5819215469719314 3.2792537381277467 4.03 1.76 26.22 1.360594383340965 0.9963981
Car 0.00 2 -1.9226864735272269 690.52 178.13 735.80 214.92 1.4383184764353942 1.6721705154241466 3.372608171902695 4.44 1.75 31.65 -1.7833116490716843 0.9998621
DontCare -1 -1 2.844484523930822 623.90 175.84 675.30 188.42 1.422692612168045 1.6826208227039718 4.008717822037735 -1000 -1000 -1000 3.62988268732827 0.54123884
DontCare -1 -1 1.0094807902958731 557.91 176.81 586.99 189.39 1.4895022030739498 1.6264100738526726 3.848630349278548 -1000 -1000 -1000 1.7948789536933214 0.61426264
