Car 0.00 0 -1.3044009069588522 450.77 170.54 528.41 224.96 1.4742351401416969 1.6676105291308307 3.7381069680080796 -3.45 1.22 21.63 -1.4625692879286543 0.9999969
Cyclist 0.00 0 -1.6485132286932807 815.33 147.57 870.65 197.50 1.7234656880963897 0.5548346356659126 2.0276903016889953 8.47 0.59 25.27 -1.3251015462564097 0.8399051
Cyclist 0.00 0 -0.9159972230580191 751.48 153.09 798.75 198.14 1.7060850425977563 0.6210098953156662 1.9350524200523758 7.17 0.72 29.87 -0.6804142565944895 0.9864531
Pedestrian 0.00 1 -1.9858222166684012 517.30 161.91 538.84 207.56 1.6932650370899391 0.6793009172466469 0.9072274645576381 -2.96 1.09 28.83 -2.0881345490543124 0.8288586
Cyclist 0.00 0 2.2981947819378714 637.22 161.47 672.22 194.08 1.7670580218900298 0.606025038024683 1.5300921602571869 2.67 0.71 37.93 2.3684716862755426 0.8993638
Pedestrian 0.00 0 -2.2663893858578543 418.77 159.94 442.86 209.55 1.6860944567624283 0.6422013975021315 1.1179317055056 -6.32 1.05 26.15 -2.5035247190193597 0.95873994
Cyclist 0.00 1 1.67136358568934 305.72 170.56 361.98 222.86 1.6242269869316672 0.4901151151566696 1.630690331610527 -9.16 1.37 23.89 1.305227998264061 0.53214157
Pedestrian 0.00 0 -1.6032657037165503 391.02 165.53 409.82 212.58 1.6917171342674446 0.5528606380608749 0.6652680007526779 -7.82 1.23 27.57 -1.8796480952631085 0.9881902
Car 0.00 1 0.5097249309208731 1005.26 146.22 1109.03 177.07 1.492208460700364 1.62461250021173 3.8977695164606954 24.10 -0.21 37.79 1.0774295241681977 0.5514988
DontCare -1 -1 -2.1997453133252005 279.20 178.28 295.41 213.62 1.506784454342575 1.5628040724159622 3.70808953245739 -1000 -1000 -1000 -1.4143471499277522 0.7573442
DontCare -1 -1 1.0948015610363822 922.76 159.16 1005.91 186.85 1.547489149850459 1.6705965467454338 4.001322137318649 -1000 -1000 -1000 1.8801997244338304 0.8363181
DontCare -1 -1 -1.6279997649278979 1115.00 151.51 1178.07 172.50 1.4943253587751102 1.6657398820580387 3.8573483359172056 -1000 -1000 -1000 -0.8426016015304496 0.97512823
DontCare -1 -1 -1.868779377141271 615.80 166.81 634.88 177.28 1.4781291786400985 1.620105059138074 3.7941906472072984 -1000 -1000 -1000 -1.0833812137438228 0.8434392
DontCare -1 -1 1.667124063768659 709.52 164.90 718.08 182.07 1.4822769094078254 1.539738334036007 3.8021750805304433 -1000 -1000 -1000 2.4525222271661073 0.51244444
