Car 0.73 0 -2.0567327300694327 884.08 173.89 1241.00 374.00 1.7126090977160644 1.8138855241896057 4.288589375220337 3.37 1.47 4.82 -1.446563946288396 0.99997187
Car 0.00 0 2.0124145905163626 47.74 196.54 338.69 335.31 1.4689528647629928 1.7007056691409492 4.313133226834335 -5.61 1.88 10.31 1.5140877909684685 0.99995327
Car 0.00 1 -2.0802503983166556 747.31 176.28 964.40 300.89 1.578799683955164 1.608848928725853 4.039115058384933 3.26 1.53 10.55 -1.7805529853813948 0.91173476
Car 0.00 1 1.715564445653234 409.37 176.60 481.86 225.21 1.5568381476967048 1.6471238073618555 3.840956317387619 -5.70 1.71 25.22 1.4932878302224921 0.99946135
Car 0.00 1 -1.7893485138800482 685.50 171.27 777.12 234.97 1.5593229871062946 1.6061013892949962 3.7097433825359727 3.06 1.50 19.08 -1.630325334123787 0.9999988
Car 0.00 2 -1.844756499924932 672.41 171.29 739.59 220.06 1.4771079946129035 1.6318167627514744 2.9171987940893556 3.16 1.51 24.59 -1.7169494478478695 0.98660547
Car 0.00 2 -1.625501544275556 451.54 177.00 500.41 214.27 1.508122378383429 1.6112940528155708 3.6881096531973268 -5.60 1.65 30.26 -1.8084940211442824 0.9581258
DontCare -1 -1 -1.9920106093075614 197.06 175.02 277.31 200.06 1.4123377132980537 1.6242575023980284 3.7466685046778108 -1000 -1000 -1000 -1.206612445910113 0.92772466
DontCare -1 -1 -0.8918395797398428 807.48 161.48 857.52 176.10 1.423924535867424 1.6126662187935257 4.015888380013504 -1000 -1000 -1000 -0.10644141634239457 0.62498736
DontCare -1 -1 -2.075069145360265 722.06 156.27 747.10 189.65 1.6852085742919158 1.4952066384912872 3.9011393544600392 -1000 -1000 -1000 -1.289670981962817 0.94294906
