Car 0.00 0 -1.5656173164632659 576.29 176.96 610.75 208.38 1.5566159825591754 1.6279597685398006 3.402365671597519 -0.79 1.17 38.93 -1.5859073649184505 0.9998361
Car 0.85 1 -1.276875332989965 0.00 181.06 104.36 315.16 1.5283741353830707 1.7318294414044761 3.622163580857315 -8.35 1.60 8.59 -2.0481067936632167 0.60803527
Misc 0.77 0 1.8506143848088126 0.00 268.53 158.17 375.00 1.4937399647949647 1.7183951430679703 4.398832338057556 -4.06 1.61 4.74 1.1423356969563347 0.9995969
Car 0.00 1 -1.0516294399884085 58.41 195.56 382.84 367.67 1.3323994133441162 1.5153690420748138 3.3419642617330934 -4.07 1.58 8.31 -1.5070607041602546 0.9996388
Car 0.00 2 1.910667018094335 176.86 193.73 320.16 255.40 1.4885092604725074 1.66155605695261 4.0340913703070065 -8.39 1.47 17.09 1.454301403936789 0.6128209
Car 0.00 0 -1.3494214425471167 392.79 186.17 484.46 245.78 1.4617303389875602 1.729583694851532 3.931965002916851 -4.49 1.47 19.39 -1.5769734726533529 0.9998592
Car 0.00 1 -1.3614297668125968 346.69 179.07 417.15 224.24 1.485034246352167 1.5692888342501068 3.386760728560486 -8.66 1.39 27.75 -1.6639247316571522 0.9860774
Car 0.00 1 -1.7699086228993277 456.34 183.12 512.90 221.27 1.5010714404104661 1.6221689034910345 4.045594098173179 -5.00 1.36 29.48 -1.9379163204545595 0.99999595
Car 0.00 1 1.3912162641671042 496.75 184.39 534.83 211.33 1.4717091511754703 1.57580478421463 3.8461979135275866 -4.92 1.32 38.69 1.2647305006786465 0.99261236
Misc 0.00 0 -1.3629352460291724 526.79 169.68 554.47 200.37 1.4673930931656074 1.5782019563676262 3.593080388508835 -5.01 1.09 53.87 -1.4556701662301594 0.81529295
Car 0.67 3 1.582433478036199 0.00 190.91 97.17 268.64 1.5617464151053142 1.6345921692164087 3.822157016150751 -12.71 1.64 14.68 0.8688357353034735 0.9950729
Van 0.00 2 -1.6207758682456355 185.24 168.71 302.13 231.19 2.278405822359524 1.955554450497551 5.996714232319641 -12.42 1.43 24.82 -2.084745746007441 0.99999034
