Pedestrian 0.00 0 -1.9299532930043082 1118.77 102.97 1223.10 350.75 1.7456700889769745 0.6689648888346624 0.8113536281297111 4.69 1.41 6.19 -1.281559099388638 0.68884313
Pedestrian 0.65 0 1.3379581282523016 1187.35 102.74 1241.00 349.76 1.7982572889331532 0.6694720032897663 0.6669844804117584 5.26 1.39 5.92 2.0643907373934782 0.61589193
Car 0.61 3 1.2283742884781699 0.00 210.31 65.49 253.62 1.5024563412933063 1.603167555546894 3.6129199882374192 -20.71 2.60 23.92 0.5147771968192196 0.74988246
Car 0.00 0 2.846687273183141 844.09 167.27 961.31 210.03 1.485940534975977 1.6678059913875007 3.7610858400688554 9.90 1.22 24.63 3.2288725574273816 0.9961838
Truck 0.00 2 1.5392450960960726 713.81 107.60 922.03 193.07 3.0414898036601734 2.554592383140354 11.114035125288868 10.66 0.98 37.71 1.8147405982673654 0.8068133
Car 0.00 1 -2.169338838258062 976.31 158.49 1145.63 207.75 1.4408540580241394 1.6498787861974382 3.9067185429261113 15.31 1.13 24.70 -1.6144600966642284 0.99952435
Car 0.00 2 -1.596569781252418 268.74 185.10 338.70 220.31 1.4520446661679458 1.6068051972152138 3.733888792000809 -14.24 2.10 33.36 -2.0000135523317617 0.9402459
Van 0.00 0 -2.379543081918035 134.77 181.57 303.28 243.76 2.1718612904777146 1.8721099035894109 5.363336978310394 -12.97 2.26 24.03 -2.8744765632161116 0.99832207
DontCare -1 -1 -2.0318481187012534 321.02 183.35 392.94 203.18 1.4865595292119693 1.6489928674609804 3.6676490773783113 -1000 -1000 -1000 -1.246449955303805 0.9368661
DontCare -1 -1 -1.5387780788030962 68.94 192.73 123.14 231.31 1.4812175188033294 1.5907386236549759 3.7042086293325807 -1000 -1000 -1000 -0.753379915405648 0.99963367
