Car 0.00 0 -1.742315993705068 754.77 155.71 915.85 266.63 1.5472513310430955 1.7037086629034424 3.6424026807175065 4.10 1.53 14.17 -1.4606640798206807 0.75216264
Car 0.88 1 -0.5683085481312613 0.00 211.60 212.38 374.00 1.6300165954796981 1.6606008440913105 3.591126727067032 -4.61 1.75 4.98 -1.3151439821464401 0.7286609
Car 0.00 1 2.1839045445111136 111.14 187.61 386.68 329.95 1.3639480326144409 1.5852069736184025 4.039194869004287 -4.51 1.69 9.65 1.7467102341231735 0.9989766
Car 0.00 0 1.652138472595487 522.50 171.03 567.69 202.14 1.599456802365036 1.6329634098993087 3.609774114690819 -3.23 1.41 36.25 1.5632697173665886 0.99998367
Car 0.00 2 0.8776592771199088 728.32 174.18 810.70 229.86 1.5075100291340064 1.6502588030607843 3.5237614681349183 4.34 1.47 20.33 1.0879798648977568 0.8786561
Car 0.00 2 -1.6893043155458312 711.50 166.66 773.15 214.33 1.5666115809051704 1.6463227712274933 3.753431627653637 4.66 1.41 25.98 -1.511822888566284 0.999997
Car 0.00 2 -1.5985155096885304 702.85 169.19 749.60 205.83 1.5089332883997273 1.5968193293274784 3.5179840495214845 4.93 1.35 31.15 -1.4415509794189716 0.9989472
Car 0.00 2 -1.772797674932752 695.94 170.04 734.89 201.25 1.4803923334746074 1.6249420710564995 3.7301030327902223 5.27 1.38 36.60 -1.6297915069270998 0.9779025
Car 0.00 0 -1.6725252727654318 589.82 168.11 612.71 185.31 1.4047645631997299 1.573195210909977 3.230915920935669 -0.76 1.07 63.28 -1.6845348091378163 0.99390924
DontCare -1 -1 1.5359756285932402 621.02 164.60 673.14 177.14 1.4339676949946594 1.6295574505539083 3.873821165539422 -1000 -1000 -1000 2.3213737919906885 0.77217066
