Pedestrian 0.00 0 -1.6931888620045523 381.68 186.50 444.69 333.42 1.5244616357985687 0.6165051999774647 0.5270821271250152 -2.19 1.58 8.06 -1.958495831105024 0.94378656
Pedestrian 0.00 0 -2.1781122843411307 897.73 167.95 942.67 271.64 1.7464902842793417 0.6895430329528522 0.7272924599954986 4.91 1.38 11.47 -1.7736414620387582 0.9548554
Pedestrian 0.00 0 1.450869076946054 335.53 176.52 372.33 303.22 1.7469013169783902 0.721210552313633 0.7423980055162811 -3.47 1.60 9.76 1.109273799752319 0.8768811
Pedestrian 0.00 0 -1.6192320632424693 467.95 174.14 510.62 271.44 1.7492474610362005 0.6343407686141205 0.7985943672964477 -2.19 1.59 13.22 -1.7833992663065599 0.58231854
Pedestrian 0.00 2 1.8672215501454215 778.94 164.16 814.56 250.05 1.7693110736463022 0.6748041211900186 0.8242787984917068 4.17 1.39 15.25 2.134139304290652 0.6910087
Pedestrian 0.00 0 -1.5209374325957636 585.74 170.90 612.12 238.00 1.7368934819850874 0.627842103996582 0.6539614913771057 -0.22 1.49 19.50 -1.5322190052369353 0.7193018
Pedestrian 0.00 0 1.8476460138943533 550.89 174.34 568.32 230.13 1.7750972466919375 0.680814640530653 0.8530303226569795 -1.42 1.51 22.77 1.785363913035183 0.8495946
Pedestrian 0.00 1 1.2760770777848105 563.27 170.74 579.11 222.12 1.7763992635909271 0.6278978306141567 0.852279320896616 -1.06 1.44 25.93 1.2352205359333004 0.563965
Pedestrian 0.00 2 1.4938587183740477 695.46 169.21 711.64 224.90 1.7235118387643051 0.6881692241218758 0.5636243043253326 3.59 1.47 24.84 1.6373898505230344 0.8231731
Van 1.00 0 -1.4964464987304549 1113.43 0.00 1116.67 373.00 2.177603695087633 1.938586151794119 5.2640450427473064 2.70 1.69 -0.57 -2.859186688734326 0.9055174
DontCare -1 -1 -1.6869709874179701 619.02 174.55 669.96 217.18 1.5601514059869956 1.6247903474332237 3.825605461500683 -1000 -1000 -1000 -0.9015728240205219 0.5802835
DontCare -1 -1 1.677550152936254 507.86 189.10 541.14 229.66 1.5218789511179935 1.5926304676295662 3.944387192033329 -1000 -1000 -1000 2.4629483163337023 0.93133044
