Car 0.68 0 -0.4379937211659293 0.00 189.74 289.01 374.00 1.5889152142970275 1.559512927448883 4.535366492472686 -4.56 1.76 6.15 -1.0760089915739948 0.9997303
Car 0.00 1 2.0723623196270804 199.50 183.07 418.90 310.04 1.5102502045972657 1.6402034585089826 3.4670904149637605 -4.48 1.79 11.37 1.6970222846360392 0.9999877
Car 0.00 0 -1.6836454654720168 713.47 169.84 783.98 226.94 1.539963338878603 1.5470396944047355 3.777550147973099 4.67 1.71 25.15 -1.500050593577635 0.9891127
Car 0.00 2 -1.5259743119266371 353.53 189.65 473.81 262.58 1.4889550026325893 1.624076838857069 3.856178298719325 -4.30 1.80 16.19 -1.7855768962778362 0.80675554
Car 0.00 1 1.804279194274221 423.08 182.57 511.51 239.43 1.4932198770163965 1.6245308120460653 3.7426671778188134 -4.06 1.76 20.90 1.6124104757175661 0.9665327
Car 0.00 0 1.6030871170249323 563.63 176.05 597.53 199.35 1.663949445244522 1.6202862777472877 3.6448095907793427 -1.93 1.70 47.74 1.5626818051983484 0.9999515
Car 0.00 0 -1.7137132743981223 614.26 174.24 633.51 188.81 1.4553646374313545 1.5655196153284454 3.543642209969559 1.44 1.62 74.37 -1.6943530473888837 0.8835742
DontCare -1 -1 -1.2215457717564444 664.77 168.77 688.77 183.40 1.5198111095285427 1.673349309033289 3.8049465027974034 -1000 -1000 -1000 -0.43614760835899613 0.86728644
DontCare -1 -1 -1.4957103068616728 694.98 173.98 717.94 199.02 1.509715875965209 1.6191343863220358 3.6272639652119065 -1000 -1000 -1000 -0.7103121434642246 0.7902888
DontCare -1 -1 -1.6363469744708876 84.56 173.98 198.14 217.77 1.519177845568062 1.6400262408615494 4.001358481250801 -1000 -1000 -1000 -0.8509488110734393 0.9989231
