Car 0.00 0 -1.918214009204183 799.41 188.21 1092.86 369.43 1.492631636914463 1.6059870266081238 3.521512286864319 3.53 1.81 8.48 -1.5237578698117982 0.99999857
Car 0.00 0 1.662813120582376 454.21 176.20 549.44 265.34 1.4782684113650035 1.6175306469859028 3.3690414299593354 -2.49 1.96 17.27 1.5196192600914473 0.589171
Person_sitting 0.00 1 1.1338973204281668 801.43 188.41 871.03 332.84 1.4726070653466892 1.5758933120132828 3.755325200162926 2.68 1.83 8.73 1.4317521815776828 0.96335864
Car 0.38 0 -1.127500013509069 0.00 207.57 406.83 374.00 1.4782188352017116 1.6503660876960897 3.8794437033460523 -2.98 1.81 6.01 -1.5878143015221384 0.9376068
Car 0.00 1 -1.5267187813904624 705.78 194.47 786.61 250.22 1.4837327193288516 1.5966312915743732 3.5170864333734895 3.83 2.05 21.14 -1.3474897611171401 0.8820833
Car 0.00 2 1.8117023716357092 744.03 193.63 864.46 278.92 1.4897321466176223 1.646081223404541 3.6418592651710893 3.93 1.96 15.44 2.0609434537654323 0.99882203
Car 0.00 1 1.4173816005375723 556.84 186.07 589.25 216.55 1.5545139651565265 1.5401855104328537 3.446814106904068 -1.98 2.25 38.88 1.3664996308459503 0.97997516
Car 0.00 2 1.79113565484551 498.86 190.26 564.01 243.65 1.61980465089962 1.637443100354209 3.987842338286438 -2.47 2.10 23.13 1.6847511004171944 0.99884415
Car 0.00 2 -1.7878471175816397 700.83 190.53 757.89 236.59 1.540670585241766 1.5879511714638614 2.8681711723432923 4.23 2.18 26.20 -1.6277779975446234 0.67968684
Car 0.00 2 -1.5754924696546535 685.50 189.42 730.63 224.72 1.5056162014423322 1.6527690582634353 3.673142062626877 4.39 2.26 32.86 -1.442681808038313 0.9999957
Car 0.00 2 -1.5804761630159359 675.65 188.08 714.45 219.01 1.485028654691429 1.6451797664822483 3.840034721545973 4.35 2.30 37.52 -1.4650533140894306 0.99953175
DontCare -1 -1 2.5841890136387686 608.52 184.40 668.98 196.94 1.5023617487220478 1.6850714229704284 4.179578499995269 -1000 -1000 -1000 3.369587177036217 0.8571016
