Car 0.00 0 -1.445329831042562 532.21 176.55 586.88 226.39 1.423044145461769 1.667502465909853 3.438318925105133 -1.75 1.32 25.29 -1.5144170133685135 0.9999672
Car 0.00 0 -1.4100262085583548 373.14 179.48 480.32 261.40 1.4304671514599037 1.6471984230638885 3.361891048155823 -3.92 1.46 16.01 -1.6501491123212986 1.0
Car 0.77 0 1.414642364778791 0.00 192.87 140.40 320.31 1.5627283941774082 1.65534931725873 4.217931198082962 -7.95 1.56 8.86 0.6833258569375685 0.68146855
Car 0.00 0 -1.0599650899556021 227.00 185.16 341.02 244.36 1.475268870946617 1.6031490669311428 3.6357479860411073 -8.84 1.44 19.93 -1.477444297891889 0.99895215
Van 0.00 1 1.7754413346436362 60.02 165.03 217.30 242.23 2.2299174773623562 1.7638011673545075 4.77370798384552 -13.46 1.45 20.97 1.2048031216713435 0.61173594
Car 0.00 2 -1.4378428469088416 421.70 184.57 479.53 229.12 1.6167660657136154 1.5891282104612732 3.354806916914978 -5.36 1.38 24.70 -1.6515337204374119 0.99320775
Car 0.00 1 -1.4560163329031806 330.94 184.27 396.41 223.15 1.5025268275110435 1.66484583846344 3.568289118014374 -9.86 1.41 29.23 -1.7813547755433436 0.99685585
Car 0.00 1 -1.6037015924837927 239.93 184.87 307.79 218.84 1.4869886454014491 1.605614229357376 4.043377773963012 -14.92 1.39 32.27 -2.0367773050117544 0.9980118
Van 0.00 1 1.77221575478581 404.66 163.36 448.46 207.94 2.4139801408280945 1.9999074438666535 5.336031047457504 -11.28 1.29 45.09 1.5270805481411263 0.9999999
Misc 0.00 1 -1.5391922342267375 459.05 156.59 505.41 207.15 1.5162755291728687 1.642335635861888 3.993938299022713 -7.02 1.13 40.62 -1.7103231326929436 0.99989367
Truck 0.00 1 -1.8220069567349295 487.88 154.56 513.44 195.12 3.044229527431984 2.7175231175959396 11.113380345914269 -11.96 0.93 80.24 -1.9699704594769767 0.95146084
