Car 0.74 0 -1.4480542401459555 0.00 215.84 214.56 374.00 1.4636160809366416 1.710105455732479 4.08920479019741 -5.84 2.06 7.10 -2.136385918759178 0.9979418
Car 0.00 1 1.9516500095513205 151.66 200.67 356.03 305.37 1.4881305549113464 1.5402301766635322 3.6344096829519654 -5.97 1.97 12.54 1.5073236674062698 0.99868745
Car 0.00 1 1.9139565984394888 300.11 194.95 414.97 265.70 1.5144513238972437 1.6671858609379673 3.6531292518005754 -5.96 2.00 17.34 1.5828927569232767 0.9132503
Car 0.00 1 1.758681566515241 378.43 191.60 461.79 241.67 1.5320764075784397 1.6891389333368683 3.6668248047457124 -6.07 2.05 23.35 1.5043536231728392 0.9996531
Car 0.00 0 2.7511125365879874 863.40 148.65 1042.92 214.65 1.5018289390771102 1.6219787330092335 4.004694016777076 8.98 1.05 19.17 3.18919513328943 0.9941193
Car 0.00 2 1.8432563404229025 850.18 145.43 966.84 205.80 1.5466234519897413 1.6406562377424383 4.058469327293434 8.89 0.95 21.73 2.2315929774944294 0.98567724
Car 0.00 2 2.172432438531194 810.49 153.15 932.39 206.30 1.4880839329032611 1.6285528701455736 3.777698503933945 8.61 1.07 24.04 2.516352034780469 0.9999434
Car 0.88 3 -1.7646371285107474 1214.31 127.71 1241.00 174.11 1.5447812307445716 1.6540287726284408 3.936423750721016 23.40 0.01 24.08 -0.9935598057429629 0.7650664
Car 0.57 3 1.6962428102877478 1164.87 128.54 1241.00 173.32 1.5289699126786005 1.6278698139549637 3.5391847958193208 23.66 -0.02 26.73 2.4207914003940116 0.9625365
Car 0.00 2 2.486725823083196 769.65 158.19 882.32 202.64 1.4639831412403297 1.596137377685442 4.169919209681549 7.96 1.07 26.90 2.7744268307957696 0.9898335
Car 0.00 1 1.6108008223262171 441.33 186.62 500.54 223.72 1.5117081090627622 1.6636286408366108 3.8151150998995687 -5.89 2.04 30.82 1.4219680883787598 0.99998367
Car 0.00 1 -1.4537037993457655 671.36 174.73 732.82 220.99 1.5601523186831188 1.6005929180146599 3.6651644875631715 3.09 1.56 25.14 -1.3314055082307448 0.9977549
Car 0.00 2 -1.678695828714643 661.38 174.22 708.58 214.10 1.5750784840254497 1.6098830767632866 3.50463052292923 3.10 1.66 30.74 -1.5781898173209625 0.9956487
DontCare -1 -1 2.0767177502301077 508.52 180.23 551.27 211.52 1.4928916454134893 1.7105989896418 4.028351308904686 -1000 -1000 -1000 2.862115913627556 0.60423225
DontCare -1 -1 -1.64890302071837 598.10 173.98 617.93 187.56 1.5754063766269397 1.6221859113038921 3.9123065417037393 -1000 -1000 -1000 -0.8635048573209216 0.70872355
DontCare -1 -1 -1.6561311120775084 635.60 178.15 673.14 200.07 1.4177459779946517 1.6136502952040577 3.466223048172989 -1000 -1000 -1000 -0.8707329486800601 0.996743
