Car 0.00 2 -0.3888687650349478 156.79 183.16 413.92 280.62 1.61819751596138 1.6960065358044052 4.310303645335235 -5.46 1.71 12.28 -0.8072441976653086 0.67196316
Car 0.00 0 -1.7762796590712409 726.77 184.36 833.01 261.03 1.492022132855506 1.6014857397140407 3.47094498773674 3.47 1.69 15.45 -1.55535028825071 0.8074195
Car 0.00 1 2.336124257245336 291.63 181.57 465.49 238.80 1.4546821567980956 1.6740588762523079 4.160889225207367 -6.08 1.66 19.10 2.027941819380727 0.6028364
Car 0.00 2 1.8819688419487814 380.54 179.24 497.57 224.76 1.4711567278771114 1.5973090001107597 3.505136268340149 -5.79 1.70 24.54 1.650265012273521 0.6916276
Car 0.00 2 -0.956482128300939 416.58 178.62 525.78 218.00 1.523212671634407 1.6214324247748995 3.725355478130379 -5.61 1.77 29.23 -1.1461024099420911 0.99878114
Car 0.00 2 -1.9465992907669882 707.16 177.87 784.91 240.94 1.5458905421017122 1.6644792773486519 3.421614574395218 3.72 1.77 20.44 -1.766573585017886 0.9998005
Car 0.00 1 -1.8891396383431296 680.86 181.50 724.02 213.19 1.4855167683033657 1.6118288107873344 3.8492808464319492 4.25 1.81 33.83 -1.7641662146853507 0.86385363
Car 0.00 2 -1.3867176185038428 461.91 178.71 545.40 214.03 1.4628089297382545 1.583745482629671 3.3244317342863465 -4.67 1.76 31.69 -1.5330296554595968 0.9981185
Van 0.00 0 1.487993517020021 657.85 167.18 684.42 196.18 2.1627831510384894 1.8841713113789988 4.911485744470405 5.15 1.91 61.61 1.571389964022402 0.7656339
DontCare -1 -1 -2.1482117334988455 538.73 167.73 616.90 192.77 1.4545322883693885 1.666608630931511 3.8922962491736794 -1000 -1000 -1000 -1.3628135701013973 0.52938896
DontCare -1 -1 0.604284600415502 621.02 175.02 659.60 185.48 1.4742863554327201 1.6560957424999618 3.973840246103802 -1000 -1000 -1000 1.3896827638129503 0.68070686
