Car 0.00 0 -1.5720881976329277 577.01 177.76 611.06 208.80 1.5006542246608447 1.6147644811035538 3.6552129705772782 -0.77 1.21 39.37 -1.5916437435610673 0.9990872
Car 0.32 1 -1.4565667072918753 0.00 181.69 208.30 308.29 1.5084585690690588 1.5184836529852295 3.306897061072388 -8.39 1.60 11.44 -2.0893534368713262 0.9989605
Misc 0.00 0 -1.200219647088323 104.28 240.42 301.44 357.31 1.4230673167674255 1.5933904864550972 3.700400250159302 -4.09 1.60 7.33 -1.7091695726468954 0.9818881
Car 0.00 1 -1.029370562234197 215.88 192.08 425.94 312.46 1.4256169054476928 1.6321256163255715 3.663804145656624 -4.11 1.56 10.91 -1.389647104270832 0.9894769
Car 0.00 2 -1.768275694051061 241.01 192.56 355.95 244.79 1.5506806284008932 1.5990927249850178 3.995489092670479 -8.39 1.47 19.76 -2.1698033728973103 0.6319976
Car 0.00 0 -1.4115206162121634 419.73 185.77 497.13 237.51 1.5490729570208501 1.6883725517155075 4.095800029240646 -4.52 1.46 22.04 -1.6137975877781001 0.99871516
Car 0.00 1 -1.3677371005204062 371.02 180.31 432.77 221.28 1.5091780176205944 1.6285938688279533 3.4803185333834077 -8.66 1.42 30.42 -1.6450813181416197 0.9990821
Car 0.00 1 1.4165301332857947 468.70 183.21 519.25 217.96 1.5160843016399455 1.598159677600994 3.690793128810921 -5.05 1.36 32.18 1.2608698906393214 0.9993919
Car 0.00 1 1.3318437049773078 503.61 185.00 538.69 210.19 1.5013167228369426 1.592093943870201 3.7349381466732408 -4.96 1.35 41.35 1.2124624602192442 0.99906355
Misc 0.00 0 -0.9898463646557669 529.63 170.23 555.84 199.40 1.4864228743879508 1.6473688178421402 3.9270964731798554 -5.10 1.08 56.61 -1.0796939043503946 0.9393065
Van 0.00 1 -1.5187123204257826 229.26 171.09 329.01 226.96 2.111148774169884 1.8742973754262162 4.764312056654739 -12.45 1.45 27.50 -1.9438319325844504 0.9999918
