Car 0.31 0 -2.1120345751431326 805.85 175.70 1231.81 374.00 1.6218442398874473 1.6505927809239769 3.130820112429657 2.77 1.67 5.82 -1.6678154719629488 0.9994276
Car 0.57 1 1.7776165018465857 0.00 180.99 231.56 366.15 1.5245662190771114 1.6136679791571045 4.119340585671463 -6.07 1.69 7.07 1.0681754237067074 0.99886656
Car 0.26 3 -1.4841670850899558 0.00 157.40 259.91 321.78 1.5769408870308113 1.7344537743092918 3.539771096907654 -6.73 1.79 9.48 -2.1015168691709674 0.99988914
Car 0.00 2 2.2162548462536673 71.14 186.73 324.59 280.86 1.4823895435599994 1.658608532762661 4.27203478118042 -6.81 1.68 12.08 1.7029226199889862 0.8130627
Car 0.00 2 -0.6804093877461295 222.11 187.05 424.22 262.72 1.486985125002117 1.6461691532941007 3.5417587926016236 -5.85 1.75 14.84 -1.0559099859484504 0.9443249
Car 0.00 2 1.0864691595223288 285.56 181.74 461.62 251.39 1.4977602701453876 1.685071765697136 3.7445487474427606 -5.54 1.76 17.05 0.772303571676322 0.77002364
Car 0.00 2 1.2852160493519644 322.13 179.66 456.24 244.61 1.481284015235157 1.6899045624495888 3.504421757660904 -5.96 1.87 19.54 0.9891643884865164 0.99989355
Car 0.00 2 1.848776207366262 326.66 175.03 486.47 233.25 1.5514142013905954 1.6640391976298237 3.3617221285925294 -6.12 1.75 21.87 1.575920152728984 0.90423965
Car 0.00 2 -1.8227009336140494 386.49 177.79 496.61 220.99 1.5624977167515468 1.6456406556726837 2.8786763121710206 -6.21 1.71 26.75 -2.0508098960993344 0.87560254
Car 0.00 2 1.7088759104397635 432.79 167.92 525.82 211.13 1.5357082489697647 1.6961330317617798 4.043912278615036 -6.56 1.87 36.39 1.530522131348703 0.9530032
Cyclist 0.00 0 1.3486469546940665 572.95 177.12 581.33 198.61 1.8267424921859359 0.5320699491708469 1.774254283791084 -2.50 1.92 54.48 1.3027907244061636 0.7819479
Car 0.00 0 1.5465950081732611 681.70 184.17 755.32 241.84 1.5509544633148622 1.5856743708909893 3.6065086891279603 2.79 1.70 19.40 1.6894300811183727 0.98003983
Car 0.00 1 0.1499721566822867 737.37 172.15 865.30 224.10 1.4411496970622253 1.5571297623874092 3.6229590793476487 6.39 1.68 24.52 0.4049055019820046 0.8581915
Car 0.00 2 1.3833478252079825 687.12 171.36 761.70 204.71 1.495376533251853 1.6420096897245788 3.716960715256729 6.27 1.71 39.93 1.5391008059592748 0.9992373
Car 0.00 0 -2.0145118395474295 634.26 178.23 660.76 198.36 1.4855571355490398 1.6098814674378776 3.891409410290518 2.72 1.83 53.34 -1.9635623453393163 0.63069767
DontCare -1 -1 -1.6778144175794463 529.35 176.06 568.98 195.89 1.4787252213625621 1.5958498039008522 3.8736442272887612 -1000 -1000 -1000 -0.892416254181998 0.515118
DontCare -1 -1 1.5002034912493567 601.23 175.02 608.56 182.35 1.4791552688746166 1.5660267167450332 3.273371951781311 -1000 -1000 -1000 2.285601654646805 0.58058864
DontCare -1 -1 -1.746312798061643 617.90 168.77 640.86 189.65 1.5306141231028747 1.6066035248996162 4.261539565526046 -1000 -1000 -1000 -0.9609146346641948 0.819861
