Car 0.00 0 -1.52769681165484 550.76 175.98 599.82 220.72 1.4934487514017534 1.596554077482357 3.608262302480736 -1.32 1.26 27.93 -1.5749226809587573 0.99999714
Car 0.00 0 -1.447588243582521 311.08 180.89 473.56 294.89 1.4969163130788516 1.6458833099068546 3.486656205855408 -3.43 1.52 12.07 -1.7244648055734988 1.0
Car 0.00 0 -1.1076750318196158 84.87 188.22 283.11 277.30 1.3638175580470275 1.6501557671190643 3.814627198629179 -8.06 1.51 14.09 -1.6272796162716565 0.9997781
Van 0.39 1 1.4161028573897223 0.00 159.50 150.27 262.03 2.292246840440235 1.935686009571476 4.189814267510223 -12.67 1.48 16.19 0.7520733492938124 0.9999598
Car 0.00 2 -1.5845378870752196 407.78 184.77 483.78 239.96 1.5081090651272249 1.6043702506185913 3.299800174437561 -4.51 1.40 20.27 -1.8034679977382093 0.99840003
Car 0.00 2 -1.5740718185578029 285.46 184.89 375.67 233.80 1.6137235689727973 1.5864498310448074 3.5871575047598268 -9.05 1.44 23.71 -1.9386995449436348 0.99951863
Car 0.00 1 -1.6536819721248488 200.73 183.43 289.42 224.03 1.5648739192454528 1.6375758082331562 4.063058959446945 -13.63 1.34 27.20 -2.118211544736456 0.8751492
Van 0.00 1 1.8115359405663352 397.21 160.47 451.68 212.20 2.4370740200509644 1.7844748893832398 5.037064628505754 -9.92 1.32 39.31 1.564343832860934 0.99999976
Misc 0.00 1 -1.4397215853121619 472.53 154.36 524.79 210.91 1.5076407458452892 1.6030208536149406 3.824641766153374 -5.47 1.18 36.61 -1.5880371351007516 0.9908058
Truck 0.00 1 -1.6311867656793932 509.42 152.85 536.16 195.47 3.017811255026121 2.6128312377721357 11.137746598038579 -9.10 0.92 76.80 -1.7491264512848057 0.9919492
