Car 0.00 0 -1.0487083355572562 843.51 165.11 1157.85 279.86 1.395412132498474 1.7263473414541626 3.9222130646334077 6.41 1.67 12.24 -0.5662866296048941 0.9933703
Misc 0.62 1 -1.6558123240855078 0.00 230.60 143.63 374.00 1.5179148156946909 1.644706784999504 3.9158628975377465 -5.66 1.65 6.43 -2.3776073929884007 0.9909931
Car 0.46 3 1.6082404861834387 0.00 120.76 250.68 330.14 1.5280078806734096 1.6726189882220173 3.6835975070820237 -6.77 1.69 8.55 0.9385116744075315 0.98111373
Car 0.00 2 -1.739495069780622 16.62 184.83 290.86 286.71 1.4915773294685792 1.572832270777359 3.667444499336281 -6.84 1.60 10.95 -2.297848079710446 0.97500014
Van 0.00 0 1.6072988073017935 661.33 142.00 753.70 230.56 2.1192580307950593 1.9793498391365243 4.768273321741867 2.78 1.56 22.22 1.7317645806228885 0.94339937
Car 0.00 1 2.2707148353245596 246.65 178.72 441.92 241.52 1.4176040071813774 1.6177588452310705 3.6476098914966966 -6.61 1.63 18.12 1.9209250510867433 0.6316781
Car 0.00 2 1.9181636134770255 341.58 167.90 490.62 228.11 1.5714570995239925 1.654889933085575 4.578121679030456 -6.15 1.68 23.17 1.6587166692875013 0.8134485
Van 0.00 2 1.0073820511486868 637.13 152.76 684.49 204.26 2.324725701950989 2.0116373995398713 5.586973247879791 2.66 1.61 39.66 1.074351848211704 0.99704725
Car 0.00 2 -0.9695592085507254 439.48 174.32 507.59 205.24 1.465408385154457 1.6388602995039367 3.7371144538150216 -7.25 1.68 38.37 -1.156307255166448 0.59852844
Car 0.00 2 2.0845191041615347 456.71 174.35 533.23 205.26 1.510295293648393 1.6360059159533524 3.8971338068471337 -6.53 1.80 41.08 1.9268798701882603 0.8021369
Van 0.00 2 -1.3703310350563864 491.14 160.54 562.74 195.60 2.169642760895691 1.885240888789816 5.064220136793005 -7.00 1.88 61.07 -1.4844555365885437 0.99920124
DontCare -1 -1 1.7174564460900168 567.90 173.98 632.52 182.35 1.4602322395710658 1.6775406741262817 4.167575733862915 -1000 -1000 -1000 2.502854609487465 0.6889165
