Car 0.00 0 1.9472629586842398 295.48 189.29 444.58 277.81 1.463094991054983 1.691770567810669 3.951600397132435 -4.62 1.83 14.34 1.6355876301117376 0.9999937
Car 0.88 0 1.1729183057930808 974.90 184.72 1241.00 374.00 1.542486539465041 1.5189971768022918 3.604569988451996 3.82 1.68 4.26 1.9039147553887563 0.5513529
Car 0.00 1 -2.071888224282537 807.70 184.85 1053.05 329.42 1.4680088873772335 1.4803554557920837 3.458914803467789 3.80 1.65 9.38 -1.686978205910842 0.99945015
Car 0.00 1 1.697643251219068 396.97 185.23 493.73 243.87 1.4801851738064002 1.613652757620945 3.529916631184616 -4.48 1.79 19.97 1.4769604228591702 0.996739
Car 0.00 1 1.539036058881555 743.75 180.92 867.07 263.85 1.6083721075026702 1.61813409931077 4.183912741147079 3.84 1.67 14.89 1.79142783542276 0.7500529
Car 0.00 2 1.5358901294556002 445.33 184.80 520.86 229.11 1.4917912393628072 1.6734393008710289 3.845603383272984 -4.39 1.83 25.39 1.3646801468293255 0.99423015
Car 0.00 2 -1.9061648408558707 708.88 179.15 797.97 239.79 1.5239874672895681 1.7141373299719238 3.591636525593796 3.83 1.69 20.11 -1.717966185904134 0.50624657
Car 0.00 0 -1.5490824776378016 527.64 179.24 563.66 205.98 1.381661236640663 1.564588180995121 3.0788109471426393 -3.67 1.83 41.24 -1.6378399377094148 0.9891025
Car 0.00 2 1.1882254342224936 696.72 179.11 758.09 226.03 1.5366299193172168 1.6320832132087493 3.2990885545835877 3.99 1.74 25.17 1.345439306232143 0.9897654
Car 0.00 2 -1.733044252791677 691.71 177.63 738.83 215.73 1.5284864854818594 1.6796831407309913 3.5802034904585267 4.38 1.73 30.62 -1.590964315965704 0.9998264
DontCare -1 -1 1.5127843665566783 555.40 173.98 591.90 190.69 1.475686118361206 1.6204553556354189 3.986835556231537 -1000 -1000 -1000 2.2981825299541265 0.703911
DontCare -1 -1 -2.77710472344957 614.77 173.98 678.35 189.65 1.4864456768898677 1.708137302911415 3.94766712387661 -1000 -1000 -1000 -1.9917065600521218 0.78693175
