Car 0.88 0 1.8979009548809866 0.00 199.74 83.02 371.84 1.504059514385314 1.6008299619616413 3.6573874225244905 -6.87 1.69 6.24 1.0644848110867633 0.908
Car 0.16 3 -1.7857066253807883 0.00 191.94 307.00 321.88 1.5219804615533363 1.607486873185768 3.8690338322297717 -5.91 1.70 8.97 -2.3682871286945835 0.9314201
Car 0.00 2 -1.5241197059538703 99.55 184.67 385.46 293.93 1.4465375844208908 1.6459176719845676 3.6617126931772614 -5.60 1.74 11.19 -1.9881247130809887 0.8745816
Car 0.00 2 1.545883766436253 194.32 178.26 395.54 272.70 1.5483649991272401 1.6285341375233078 3.686321737371483 -5.92 1.79 13.66 1.1369348494748321 0.9275062
Car 0.00 2 -1.2199514667179923 219.60 179.75 445.06 260.38 1.4882368672458839 1.679157424038782 3.7083642502651597 -6.08 1.83 15.99 -1.5833061223957037 0.6567843
Car 0.00 2 1.9110856811192374 270.11 178.39 421.50 244.17 1.5265587278461468 1.6421616722555303 3.3327150513754273 -6.72 1.74 18.46 1.561966760701495 0.78094965
Car 0.00 2 -1.3849661211159567 321.78 181.57 466.97 237.59 1.544621682149024 1.7373027347685241 3.22370155354599 -6.19 1.78 20.88 -1.673168320056998 0.94487053
Car 0.00 2 -1.4948428804662566 328.28 179.42 477.35 230.57 1.5372827447770547 1.696889146483078 3.7721883227453614 -6.69 1.80 23.40 -1.7733118588060182 0.99961793
Car 0.00 2 -1.9102437357094626 386.50 175.68 495.70 220.88 1.549727803450675 1.6731944412650013 3.816020423673191 -6.50 1.78 27.91 -2.139056548032295 0.7678595
Car 0.00 2 1.94963397184876 396.26 167.25 508.89 219.08 1.6022645089595031 1.7366846718551063 4.7700997163877865 -6.61 1.88 30.49 1.7361452459521696 0.98621154
Cyclist 0.00 0 1.268329040208135 563.92 177.79 574.06 203.13 1.761611191125617 0.6113642693667602 1.6648501335109138 -2.65 1.92 46.34 1.2112052391194978 0.787889
Car 0.00 0 1.4926300729301314 710.77 187.70 829.55 275.09 1.6080738160578918 1.6479343392611885 2.984120862685242 2.82 1.69 13.51 1.69840969098318 0.99987257
Car 0.00 1 -0.4599507609989981 775.27 174.94 949.83 243.92 1.4695530053047847 1.6928305172087097 4.15205489297966 6.37 1.75 18.62 -0.1303263535782554 0.88982517
Car 0.00 2 -1.6394432867553572 698.69 176.23 786.93 215.47 1.4947333358047914 1.6532040604115867 3.624375673137703 6.19 1.95 34.08 -1.4597705440749937 0.9999206
Car 0.00 0 -1.700618759789739 636.84 180.36 666.90 203.10 1.3671079430548858 1.659609384155407 3.7464210038409615 2.69 1.92 47.45 -1.643988122299743 0.9885844
DontCare -1 -1 1.5800092314046363 500.19 173.98 560.65 207.35 1.5346585180430126 1.6170961570651674 4.089473115407028 -1000 -1000 -1000 2.3654073948020846 0.99961334
DontCare -1 -1 1.8176346580174307 586.65 168.77 636.69 193.81 1.5182114633551251 1.6637593612731838 3.839067805685201 -1000 -1000 -1000 2.603032821414879 0.8307047
