Car 0.28 0 0.8472353378918509 0.00 183.12 289.49 320.71 1.421529524382801 1.6912793733836555 3.6010787953958894 -6.50 1.72 9.16 0.23009078914703252 0.9994715
Car 0.00 1 -1.4552253792670111 157.01 162.39 394.94 267.90 1.5579220954148483 1.6652659767033005 4.340414391957321 -6.40 1.73 13.99 -1.8842736541517655 0.9997142
Car 0.00 0 -1.8630352477219443 716.59 188.76 900.57 311.65 1.5555718730954837 1.7053086676360512 3.3824763168917085 2.68 1.72 10.70 -1.6176168308855203 0.99975115
Car 0.00 1 -1.632776622721229 663.05 178.41 739.53 239.96 1.4912427760480356 1.6162547015310669 3.19605799218277 2.59 1.84 21.51 -1.5129444117856132 0.9999523
Car 0.00 2 -1.216641024747167 310.20 180.24 469.71 237.17 1.524086788185538 1.6166629803092623 3.760026367507973 -6.55 1.84 21.68 -1.5100432597819098 0.6916192
Car 0.00 2 -2.065372453131948 650.56 184.81 705.28 224.01 1.5433360900549602 1.582217480307951 3.9762072806582833 2.50 1.83 27.64 -1.9751692762798232 0.6140169
Car 0.00 2 -1.4986992562797408 640.97 179.01 677.94 212.90 1.4646675441233825 1.6571414575637722 3.6203879882917787 2.44 1.95 36.63 -1.4321854511622918 0.9853817
Car 0.00 2 -1.6605952466514449 449.41 175.42 514.84 211.83 1.5298431780008983 1.6260096796513939 3.6362827142105485 -7.10 2.11 40.10 -1.8358364356409553 0.9999839
DontCare -1 -1 -2.2144518653538565 501.23 180.23 585.65 199.02 1.4668397050170612 1.6365748711587333 4.005708547435798 -1000 -1000 -1000 -1.4290537019564082 0.5502391
DontCare -1 -1 -1.5846114308249692 596.02 177.10 636.69 192.77 1.541713713091464 1.6309624940813923 4.182113485537567 -1000 -1000 -1000 -0.799213267427521 0.6226579
