Pedestrian 0.00 0 -1.1127332905915122 623.07 161.01 667.00 299.81 1.8094168579581928 0.6602939031359625 0.8127197665879631 0.48 1.48 9.43 -1.0618758047796986 0.9315932
Pedestrian 0.00 0 0.9172590533879141 676.47 154.56 732.50 296.04 1.8011466166380596 0.6911670956102085 0.7398412195751571 1.32 1.47 9.71 1.052373126437359 0.92833686
Pedestrian 0.00 0 1.349014894166265 262.39 157.72 323.81 309.05 1.7933437651399327 0.6551214940187406 1.1374687669584655 -3.96 1.50 9.02 0.9353256808874015 0.6232622
Cyclist 0.00 0 -1.959888712563787 336.44 160.12 432.37 323.81 1.7406756608169829 0.631518998852272 2.086820672305908 -2.65 1.57 8.82 -2.2517615236583195 0.8825489
Cyclist 0.00 0 1.3442392061140875 463.46 166.57 520.26 256.91 1.8118050839174842 0.6318282575516891 2.1931885881746673 -2.20 1.42 14.43 1.192944114090806 0.99007213
Cyclist 0.00 2 1.698718131580625 462.04 165.52 497.58 240.12 1.769977688359127 0.5513069980948162 1.917188669594612 -3.10 1.41 18.29 1.5308222083302505 0.6662881
Pedestrian 0.00 1 -1.4907243559744696 727.76 162.17 745.14 224.72 1.748230721745993 0.6488814856198502 0.5393396733114624 3.61 1.13 19.16 -1.304494210801354 0.88539034
Car 0.00 1 1.4662828231838088 485.22 167.15 525.78 204.01 1.5202267094334971 1.6688702621222877 3.8098014352248097 -5.77 1.28 43.85 1.3354495279267886 0.9910748
DontCare -1 -1 0.8370406786587576 50.75 174.55 104.81 269.13 1.540757669490428 1.6833496832014465 3.7404482459054376 -1000 -1000 -1000 1.622438842056206 0.9474012
DontCare -1 -1 -1.461508729555879 535.91 170.40 585.82 196.41 1.5066922310559463 1.6386361022205496 4.121672080956497 -1000 -1000 -1000 -0.6761105661584308 0.51920754
