Car 0.00 0 1.9534934918072562 185.62 185.17 390.16 307.82 1.2874772850243759 1.604842975056305 4.057286681734123 -5.00 1.84 11.70 1.5496336968998796 1.0
Cyclist 0.00 0 1.6029168153789382 487.36 172.20 517.35 231.98 1.7470420855451678 0.5936658286659908 1.8260012446368599 -3.51 1.84 23.44 1.4542772172103127 0.9098912
Cyclist 0.00 0 1.3733394453909735 514.86 173.67 538.48 228.99 1.768344331102476 0.5978947037069988 1.888947765382614 -2.78 1.80 23.92 1.2576377838353239 0.6670629
Car 0.00 1 1.7817497412350516 434.58 181.40 502.70 223.58 1.4374989647237968 1.625951105049386 3.7373658587561036 -5.39 1.81 27.89 1.590844010182657 0.64936
Cyclist 0.00 0 -1.5672415837787579 534.86 174.49 550.22 209.20 1.8032904710043525 0.5812496093272161 1.8311784780050182 -3.58 1.88 38.06 -1.6610276449561352 0.88576937
Car 0.00 1 -1.4517691964891295 639.43 175.67 668.21 199.31 1.4907726313738536 1.6547721952856922 3.8279618342743302 2.93 1.72 48.64 -1.3916034133912898 0.99989426
Car 0.00 0 -1.8894539038327078 740.21 171.71 1005.25 354.03 1.4330045733420562 1.6084941171766662 3.252573328219452 2.63 1.63 8.25 -1.5808508752530397 0.99999917
DontCare -1 -1 -1.1962494115021567 679.35 167.73 701.27 182.35 1.4582809958426666 1.6372779489220524 3.905057570092478 -1000 -1000 -1000 -0.4108512481047084 0.6983016
DontCare -1 -1 -1.583811655701373 698.25 163.26 717.67 203.82 1.5087479244737338 1.6557301648618126 3.78648126324276 -1000 -1000 -1000 -0.7984134923039248 0.7803242
DontCare -1 -1 -1.0444893399861197 619.08 168.08 642.58 186.91 1.5389779437153053 1.6286291547776603 4.227450775109329 -1000 -1000 -1000 -0.2590911765886714 0.7577301
