Car 0.00 0 -1.5222413214531283 591.72 176.56 674.24 251.55 1.4310316521494102 1.7359018170000458 3.271997409068146 0.59 1.41 17.37 -1.4882877660932243 1.0
Car 0.93 0 0.9551602760937552 0.00 210.06 179.65 375.00 1.62893620913908 1.592342502689495 3.4927846958265687 -4.50 1.61 4.39 0.1573892907882184 0.8988791
Car 0.59 3 2.0423629442837576 0.00 186.10 164.88 311.72 1.4748739044933032 1.6243573811562204 3.914298353843489 -8.24 1.53 9.98 1.3521754874822745 0.99937004
Car 0.00 0 -1.322807983556066 246.05 186.03 434.83 289.68 1.4992933705268812 1.624774462795391 4.123552220068969 -4.39 1.47 12.44 -1.6620585494019444 0.99999976
Misc 0.00 1 1.1898946921017508 382.30 100.43 531.52 239.16 1.7222789678542327 1.6697007746161365 4.084699781738319 -4.45 1.31 24.00 1.0065600777523651 0.55093086
Misc 0.00 1 -1.4757814119246344 527.56 143.47 566.74 196.16 1.396306291577072 1.622471750965848 3.4705368449316407 -4.87 0.76 59.91 -1.5568916707700353 0.6988122
Car 0.00 1 -0.9054071466114859 121.33 184.75 254.27 237.27 1.5238449535152327 1.6042409718693638 3.8195057121441747 -12.29 1.38 21.28 -1.4291464044102875 0.99999905
Van 0.00 2 1.5606946424257497 253.97 164.33 344.41 216.26 2.3359452183475113 1.944670258656664 4.787934569472122 -12.03 1.11 28.24 1.157984484197665 0.76229846
Car 0.00 0 -1.4498999873783927 646.62 184.44 679.73 211.08 1.501329183932991 1.6333140891702318 3.649685340128937 3.10 1.36 40.02 -1.3725930915739057 0.9776348
Car 0.00 0 -1.309051469960485 700.89 183.17 731.66 200.23 1.5220375716505956 1.6405955844284439 3.8848476988599683 9.50 1.25 62.78 -1.1588687888603784 0.97797287
