Pedestrian 0.00 0 -1.414590255418096 726.95 167.98 779.28 300.10 1.7411209768060398 0.6894252951529694 1.3540414688894653 1.98 1.58 10.13 -1.2215647988521459 0.6215036
Pedestrian 0.00 0 2.285320774712835 406.91 167.76 444.58 272.59 1.7768655861172629 0.7273166085866165 1.0805269298860931 -3.29 1.55 12.79 2.0335469911960544 0.86467296
Pedestrian 0.00 1 -0.2324529449131827 338.97 169.51 370.97 269.71 1.7448992947492552 0.6561934956622195 1.126246553451767 -4.55 1.54 13.04 -0.568170990288083 0.6464551
Pedestrian 0.00 0 -1.6131942952659468 881.93 163.66 919.93 267.68 1.755567501709218 0.6005924473789406 1.0003001434514427 4.82 1.38 12.04 -1.23240154931834 0.89843583
Pedestrian 0.00 0 1.153488473096166 838.31 161.64 882.31 264.22 1.8158402866128636 0.5939169134286117 0.8399696877012157 4.40 1.40 12.59 1.48970327836106 0.8774034
Pedestrian 0.00 0 1.4904595101859908 651.37 167.24 681.37 239.32 1.7594082597087872 0.6276619526830387 0.9763418776700401 1.52 1.52 19.36 1.5688111789725159 0.74926573
Pedestrian 0.00 2 1.0676801363613944 732.45 174.90 770.45 292.60 1.8384121595326615 0.5301757212069702 1.058997195751419 2.40 1.59 10.75 1.287333818499999 0.75752515
Pedestrian 0.00 2 -1.5631379159775118 709.55 172.90 759.11 276.21 1.6906859515610886 0.6562885836970878 0.7055422333786392 2.24 1.57 12.37 -1.3839959066377268 0.9999945
Pedestrian 0.00 1 1.7425100515272955 698.60 174.14 726.26 266.88 1.804419392198677 0.691988306054182 0.6245097039053344 1.97 1.58 13.80 1.8843056553861446 0.9349991
Pedestrian 0.00 1 1.6268582689252238 778.77 163.03 811.77 254.56 1.7819495866451216 0.7084847073343468 0.8819442336233461 3.67 1.44 14.64 1.872479708759322 0.9150716
Pedestrian 0.00 2 -1.5180095034327845 785.34 162.05 815.34 237.73 1.777729378491993 0.6104708182898235 0.7520020497748756 4.90 1.36 17.93 -1.251238415023038 0.99954885
Car 0.00 0 1.703167156377111 552.46 174.91 599.18 210.87 1.683970898744316 1.6797244691015625 3.9682325740681077 -1.14 1.28 33.70 1.669352157733113 0.99999976
DontCare -1 -1 -1.7580041597273688 617.98 172.48 633.60 190.18 1.553602364268751 1.6161130734445 3.9999237378464128 -1000 -1000 -1000 -0.9726059963299205 0.9742407
