Car 0.00 1 -2.786493972935949 394.98 178.61 501.00 215.33 1.4628444317547988 1.5788028680445099 3.643317090474167 -6.87 1.74 30.73 -3.0064374177925774 0.9873361
Car 0.00 0 -1.563463958041046 648.76 174.58 705.53 221.26 1.4617093395261478 1.597382071679964 3.917903015516796 2.47 1.74 27.78 -1.4747842662718686 0.99992645
Car 0.00 0 1.6854685405876975 499.57 183.51 557.07 228.30 1.559965171274395 1.6450966496677542 3.736295314632454 -2.69 1.72 24.02 1.5739432244155256 0.9996586
Car 0.00 2 -1.515313928076301 170.78 180.31 407.84 258.51 1.4838191758660983 1.7163562991382026 3.8628866883331026 -6.60 1.66 15.11 -1.9271340099700827 0.9996692
Car 0.00 2 -1.476160385706697 92.99 184.81 367.25 279.85 1.4640250880090904 1.6924566321731949 3.521542178593674 -6.57 1.74 12.71 -1.9532488857809287 0.99919456
Car 0.18 3 1.3163031796601157 0.00 188.52 311.47 324.49 1.6111324209539604 1.5719701342941665 3.8023881038055802 -5.95 1.73 8.98 0.7311327003632988 0.9442626
Car 0.73 0 1.8968098918583731 0.00 184.01 218.91 374.00 1.5358266368328046 1.6481697217286968 3.739801900588074 -5.99 1.70 6.22 1.13024651977178 0.5401576
Car 0.00 0 -1.8804626325753073 738.91 198.14 970.09 335.08 1.5245316055423033 1.681471354580059 3.9753088300452615 2.80 1.66 9.34 -1.5892023017491366 0.9999076
DontCare -1 -1 -1.1920220116761069 623.10 178.15 640.85 192.78 1.5290663241228473 1.6529160470427418 3.6825413872824098 -1000 -1000 -1000 -0.4066238482786586 0.9515774
DontCare -1 -1 -1.40642245213059 589.77 175.02 605.44 188.60 1.530236633848996 1.5876041122437858 4.39231361647705 -1000 -1000 -1000 -0.6210242887331416 0.6922252
