Car 0.82 0 -1.2384996573117117 0.00 184.45 398.14 374.00 1.5028211086808156 1.598496481096878 4.1481741537676236 -2.69 1.56 4.45 -1.782217298657777 0.9970162
Car 1.00 0 -1.2980542639878134 916.87 170.03 1241.00 374.00 1.4615368548600387 1.6032918051542187 3.4552430679426576 2.37 1.61 1.66 -0.33826702728237446 0.9674091
Car 0.00 1 -1.1057752529766898 260.60 184.41 502.52 330.87 1.5368475079356145 1.6022443541051292 4.036654593549766 -2.69 1.63 9.40 -1.3844963786609759 0.99951947
Car 0.00 0 -1.7132097939637045 658.92 177.94 730.28 229.85 1.5461009241460275 1.6851877563358688 3.8441190823317553 2.56 1.67 23.02 -1.602457216634858 0.9999627
Car 0.04 1 -1.5848552119594554 743.16 181.92 1075.14 374.00 1.433999829348774 1.5423401289345169 3.8204259817824746 2.49 1.52 7.21 -1.2523256388911344 0.9999974
Car 0.00 2 -1.5087554390218596 375.44 181.64 507.59 266.05 1.5587054084806156 1.6183827121467733 3.7755201329813386 -3.28 1.64 14.68 -1.7285781196016552 0.52104264
Pedestrian 0.00 2 -2.4157758514073233 334.04 166.15 367.13 274.36 1.8909985511008454 0.6715984995749664 1.0748442379543686 -4.52 1.72 12.45 -2.764030825881387 0.5872787
Pedestrian 0.00 2 -2.9826451102879386 371.14 167.08 388.92 252.49 1.7934653884175968 0.5187305416253281 0.8696159581439697 -5.01 1.70 15.52 -3.2948943023644355 0.5103702
Car 0.00 0 1.5261529246952872 536.55 175.92 573.47 209.68 1.5164424608281266 1.6430624399991178 3.7666247506962205 -2.77 1.78 36.52 1.4504490287474692 0.5588482
Car 0.00 2 -1.5813086070728044 641.98 177.18 685.68 212.00 1.53964726662323 1.6469679393531227 4.062023835383453 2.55 1.82 35.33 -1.5092569301836227 0.99999964
Pedestrian 0.00 2 -0.7594190994885306 377.03 169.99 399.77 257.88 1.662416757494564 0.6029590870526504 1.1410953519651794 -4.61 1.73 14.88 -1.0598530862392366 0.9942186
Car 0.00 2 -1.7478926787760596 631.24 173.43 657.40 199.94 1.501218721625061 1.6017220684052849 3.6827833523378755 2.43 1.90 52.41 -1.7015606627488578 0.9877222
DontCare -1 -1 1.347014264264379 615.81 177.10 628.35 190.68 1.5007306862442207 1.673279325729742 4.107004122935333 -1000 -1000 -1000 2.1324124276618273 0.87835836
