Car 0.00 0 -1.5206203135338168 528.66 176.65 584.85 227.87 1.4263992536632728 1.6991197981597328 3.3903392424211884 -1.82 1.33 24.67 -1.5942607233953991 0.99999976
Car 0.00 0 -1.5789668579262237 382.93 179.24 480.80 255.72 1.4901476245193195 1.6749892414273166 3.4729674031362916 -4.06 1.45 17.01 -1.8132663153926694 1.0
Car 0.51 0 1.7037340710547308 0.00 191.37 184.74 321.05 1.4232740703789901 1.6571447022916221 3.390501724682846 -8.07 1.55 10.28 1.0381945899773255 0.9991511
Car 0.77 3 -1.5481341211732964 0.00 189.13 82.10 270.11 1.479020037111492 1.5281769626499557 4.062743635974922 -11.74 1.52 12.93 -2.285332919768725 0.9019487
Car 0.00 0 -1.2115237275746207 247.62 184.78 349.45 239.37 1.4461034688918304 1.644572844049468 3.693064602218666 -9.09 1.43 21.40 -1.6131964590725634 0.9996076
Van 0.00 1 1.758919478454862 85.70 165.84 229.01 238.35 2.248325641744337 1.8333776393984986 4.833385659211921 -13.69 1.44 22.18 1.2059323698354933 0.94834894
Car 0.00 2 -1.358579353490148 336.64 184.15 397.61 221.07 1.46853332256958 1.653725507921114 3.892569316677847 -10.20 1.40 30.66 -1.679742708893798 0.62146384
Car 0.00 1 1.5587662887435894 247.33 185.18 311.15 217.84 1.5890575576393318 1.6839410283328438 3.90034665366272 -15.26 1.41 33.53 1.131667023360473 0.9553059
Van 0.00 1 1.807068065800939 404.12 163.98 445.95 207.06 2.264464661025009 2.0154920021151734 5.201714424246597 -11.74 1.29 46.54 1.559967121878576 0.9999999
Misc 0.00 1 -1.7805348048594336 455.41 157.48 500.60 206.74 1.6271804202167701 1.6688468449474716 4.0951506664381405 -7.44 1.13 41.62 -1.9574266039822457 0.99983656
Truck 0.00 1 -1.5566486865889768 481.82 154.99 507.10 195.06 3.1206671087625217 2.6024693390816735 10.913322496626282 -12.78 0.94 81.12 -1.7129087092142707 0.6648383
