Car 0.00 3 1.9718684116986136 18.06 206.67 231.83 330.78 1.5259945810592186 1.6475777731002712 3.823827805124321 -7.26 2.03 11.16 1.3951153335777084 0.9801732
Car 0.00 0 -1.6382202068951468 508.87 186.95 567.48 228.17 1.4659205976693344 1.6023795970441246 3.178742246829071 -2.81 1.94 27.14 -1.741389811495509 0.9999933
Car 0.00 1 1.8955197493222098 693.65 166.76 803.68 214.18 1.4083621132938575 1.6866330348612213 4.221930878363647 5.34 1.55 28.02 2.083839650769534 0.9838075
Car 0.00 2 -1.6931810537960867 497.83 184.28 543.68 220.35 1.505553990956993 1.6403338902355575 3.4961452951059724 -4.14 2.03 32.73 -1.8190023229518602 0.7910336
Car 0.00 0 1.5671751341458897 330.43 189.53 373.08 220.50 1.6083853918878745 1.6546241559745216 3.9128157851622487 -14.38 2.54 40.25 1.2240410269015842 0.9995523
Car 0.00 2 1.3244148204710822 633.80 176.35 732.91 209.48 1.439935155567379 1.7355964475037002 3.7414732967839623 3.41 1.68 34.04 1.4242579879542192 0.983255
Car 0.00 1 -1.671034143367086 482.87 180.93 505.48 203.08 1.5286446436128032 1.6063965105177307 3.6222106685266877 -9.85 2.47 61.03 -1.8310502966406434 0.9947699
Van 0.81 0 1.6676537180927138 810.58 100.77 1241.00 374.00 2.1480427975883103 1.9505590597247315 5.2080752680242535 3.32 1.64 4.82 2.2708210358414433 0.96286356
Car 0.00 0 -2.162573174634252 607.40 193.75 779.77 294.42 1.4624702896742534 1.6973286413313293 4.158591317139663 1.18 1.74 12.26 -2.066620775838208 0.99999046
DontCare -1 -1 0.9621007601406912 371.02 191.69 397.10 209.44 1.52256823506266 1.6312354479642057 3.90831255739192 -1000 -1000 -1000 1.7474989235381395 0.9678331
DontCare -1 -1 1.2618486444142203 411.65 181.27 463.77 200.06 1.3860227618186187 1.7262713157297516 4.174906449519195 -1000 -1000 -1000 2.0472468078116686 0.9511398
