Car 0.96 0 1.1973627666619162 942.59 213.40 1241.00 374.00 1.5094368070183706 1.5429759540320778 3.720558764539757 2.96 1.69 3.03 1.971075318419597 0.89597577
Car 0.70 1 -1.1052076379444937 0.00 141.88 163.62 367.28 1.5920420963136863 1.6341640216024065 3.7498158310876275 -6.53 1.64 6.80 -1.8703535068931907 0.8488767
Car 0.21 3 1.4160332391646246 0.00 180.07 288.26 322.87 1.4597258422343444 1.742442316627636 4.062386231623687 -6.13 1.69 8.92 0.8139362332605286 0.77483654
Car 0.00 2 -1.9174836138871054 30.08 168.91 357.84 286.89 1.5104450382111978 1.6465677407295847 4.059297906361618 -6.54 1.69 11.54 -2.433076348662511 0.9984053
Car 0.00 2 0.3708905736592154 277.16 173.54 451.37 236.14 1.5895196351973724 1.6609121218980694 4.243702696763076 -6.51 1.61 19.20 0.04399266182203193 0.99965334
Car 0.00 1 -2.119736806550298 355.51 165.36 484.56 225.16 1.546571713295431 1.688691950655117 4.170642452441253 -6.31 1.68 24.08 -2.3760177263895277 0.9670721
Car 0.00 0 -1.6683776984598975 674.19 182.11 750.37 238.55 1.4584719467727851 1.605885043060913 3.2374990751371766 2.80 1.73 20.70 -1.533928034940764 1.0
Car 0.00 1 -1.9131512502816062 758.41 186.66 1019.30 356.08 1.4999936058937025 1.6641576693118953 3.43220500846962 2.95 1.73 8.62 -1.5834175263627062 0.9830851
Car 0.00 2 -1.3696025619891028 650.23 174.81 697.53 215.59 1.52237205661893 1.639251838690176 3.781195731960335 2.70 1.77 31.51 -1.2841242722264594 0.71624845
Car 0.00 2 -1.1229197243836264 411.87 176.03 516.69 214.31 1.5476439058600377 1.6433055245043182 3.855427944228151 -6.39 1.76 31.77 -1.3214046084213695 0.9910212
DontCare -1 -1 0.04326374928024812 533.52 175.02 650.23 192.77 1.345732272025795 1.6767524548531914 3.9001377319322015 -1000 -1000 -1000 0.8286619126776964 0.9259191
