Car 0.95 0 -1.0279625813153128 842.45 203.91 1241.00 374.00 1.2834119055239868 1.7119518064619446 4.078330578409233 2.73 1.63 3.63 -0.3831404693274223 0.99308044
Car 0.89 0 2.0485640029099326 0.00 220.77 326.12 374.00 1.5613298456935596 1.6475266472162151 4.229360686741867 -3.58 1.84 4.66 1.393490912383783 0.87669545
Car 0.00 1 1.7779766927149634 217.44 197.60 420.67 333.01 1.557509824988098 1.5463416867615127 3.608841823540726 -3.86 1.85 10.05 1.4112696811369252 0.99718034
Car 0.00 1 1.722480476894651 357.79 194.68 485.02 277.41 1.522716239449234 1.5934891470433616 3.444182889662781 -3.75 1.88 14.82 1.4746460385706963 0.9999888
Car 0.00 1 -1.9660629192974906 741.79 185.37 982.28 329.27 1.4625598605541896 1.5254332639933967 3.8863424753175164 3.01 1.65 9.81 -1.6683521225341549 0.99996686
Car 0.00 1 -1.6303133564677577 708.50 182.80 817.60 263.05 1.5430198464362335 1.5388633900047684 3.782218018673458 3.06 1.70 15.25 -1.4322873591777583 0.9896427
Car 0.00 2 -1.541231040903602 944.92 154.98 1106.10 224.35 1.529502425697298 1.560816421425476 3.577069180213013 12.79 1.55 22.50 -1.0243373909776792 0.9999846
Car 0.00 0 1.2110149721291403 639.95 181.66 685.01 213.24 1.5326231870619964 1.6043743894161129 3.602482574187317 2.59 1.97 36.73 1.2814130120379223 0.77719855
Car 0.00 0 -1.742545978226934 591.07 183.32 627.15 203.77 1.4482763115136337 1.5691483237506294 3.6391780992374803 -0.12 2.14 51.48 -1.7448769763360605 0.99990094
Car 0.00 1 2.0614002207901816 554.08 181.45 594.88 199.18 1.465275280532093 1.6175881133140468 3.734268346928158 -3.27 2.37 66.56 2.0123110838060376 0.852199
Cyclist 0.00 0 2.480681196847234 497.69 180.23 515.69 202.09 1.6880012113023852 0.5627428812145185 1.6354958517874145 -7.93 2.22 55.33 2.3383287227826015 0.68662095
