Car 0.90 0 -0.8524054447796683 0.00 204.32 389.66 374.00 1.5659511502651882 1.7011996873380089 3.6299724747763062 -2.74 1.78 4.12 -1.4392869725637123 0.9512658
Car 0.58 0 -2.3243904868748526 826.02 187.78 1241.00 374.00 1.4627982046274852 1.6538701013387584 3.7433112209067727 2.78 1.68 5.11 -1.8261413089987735 0.9810704
Cyclist 0.00 0 1.5512220869448523 783.32 187.56 814.53 255.63 1.7478819466550206 0.6098843046634388 1.8879219321931267 4.14 1.77 16.03 1.8039650241677068 0.9992269
Car 0.00 0 1.7212157259371619 461.91 191.98 536.89 255.42 1.5383045416145038 1.5685297989012146 3.3444247414694215 -2.88 2.00 19.09 1.5714805782420687 0.9936884
Car 0.00 0 -1.8661573688176016 665.15 182.31 746.10 249.39 1.527338076271714 1.5889114209176445 3.3247721960173036 2.47 1.91 19.71 -1.7414901669753333 0.99999535
Van 0.00 2 1.4232683489706854 644.38 181.20 698.19 227.65 2.1675515673240042 1.8558767462228967 4.860599322074699 2.39 2.09 29.44 1.5042727718977533 0.6125268
Car 0.00 0 1.5129583636906485 540.24 186.84 572.92 214.79 1.6332955885498237 1.6124512211145305 3.7554805149660493 -3.21 2.43 43.68 1.4396012214282465 0.99636286
Van 0.00 2 -1.74970139662293 637.92 176.87 674.84 212.12 2.1397460284759617 1.8835220882748795 5.024773003363657 2.73 2.27 43.73 -1.6873537701236705 0.6666391
DontCare -1 -1 1.6102334494378905 581.44 186.48 598.15 199.02 1.4225793707935523 1.615492712026968 3.6330323239193345 -1000 -1000 -1000 2.3956316128353388 0.60759944
DontCare -1 -1 -1.9727333645012717 608.52 185.44 626.27 194.86 1.522143172454686 1.5723406218649292 3.776034990452328 -1000 -1000 -1000 -1.1873352011038234 0.7868505
