Van 0.42 0 1.5693727544883753 755.40 14.21 1241.00 374.00 2.153409406088791 1.831367040619774 5.016976157033491 2.92 1.57 6.68 1.9814690270731647 0.8440105
Car 0.49 0 1.6762064407255988 0.00 151.45 298.79 341.60 1.6280396062700462 1.747017993843689 3.6016847958193208 -5.98 1.62 7.76 1.0196395177167448 0.99782014
Car 0.01 3 -1.8562773327019553 0.00 176.13 325.46 295.68 1.482399586942644 1.7429625608683967 4.184620844327011 -6.18 1.58 10.15 -2.4031911853104 0.5183281
Car 0.00 2 1.4855091060188155 710.12 178.92 844.16 270.57 1.470622647908182 1.6060107902349376 4.0830536355600735 2.92 1.59 13.47 1.698984111033038 0.94504696
Van 0.00 2 1.6091559613731246 660.23 139.49 746.79 229.22 2.2207044768263913 1.874845428959055 4.957642687314796 2.90 1.65 24.17 1.7285685728470481 0.6537053
Car 0.00 0 2.6443928043034415 332.97 176.99 451.79 229.24 1.5111801450891804 1.6823646084131145 3.772492559753456 -6.92 1.73 23.00 2.3521384346238214 0.65116477
Car 0.00 2 0.3062952319767813 365.95 171.67 493.43 222.05 1.596244119462223 1.7327208959223175 4.074923100076713 -6.34 1.67 25.53 0.06288396568547977 0.5582905
Van 0.00 2 1.4619418467071394 458.07 155.51 555.02 202.82 2.219343350746236 1.900100957237704 5.051707029172825 -6.48 1.83 45.51 1.3205062595367623 0.9727393
Car 0.00 1 1.5968732955541949 639.03 177.72 672.25 203.83 1.4609190340904903 1.606573815709486 3.5308064391241456 2.55 1.71 41.57 1.6581388417242668 0.7535626
DontCare -1 -1 2.8902511159565787 548.10 170.85 641.89 185.47 1.4465097714035224 1.6542604260803604 4.052922057114639 -1000 -1000 -1000 3.675649279354027 0.7831474
