Car 0.00 0 -1.5503085116532187 576.58 177.22 619.38 216.23 1.3839398626057815 1.6335789023624205 3.4676397313700105 -0.46 1.27 31.71 -1.5648139590510992 0.9999999
Car 1.00 0 -1.614115242907081 0.00 178.19 246.35 375.00 1.5275329117482912 1.6952891715527916 3.806528283409872 -3.11 1.63 2.26 -2.5564977655780865 0.9641513
Car 0.33 1 1.4293697784331183 0.00 191.25 196.12 301.64 1.5368550218461465 1.5856159434379482 3.816012734674015 -8.51 1.53 11.43 0.7893774271703725 0.999882
Car 0.00 0 -1.1709224442627768 206.12 176.21 348.58 252.81 1.5148250920517754 1.5751183622242355 3.614501597486534 -7.91 1.45 17.56 -1.5941551672241163 0.9999994
Car 0.00 0 -1.5023024762657027 376.42 184.37 494.68 261.92 1.4422869834868621 1.7656950347782516 3.821048485241928 -3.70 1.48 15.91 -1.730799115557565 0.9997415
Car 0.00 2 -1.555057139196668 337.26 182.67 422.95 229.75 1.6339823383657646 1.7196043573976898 4.17995970150093 -7.64 1.37 24.37 -1.858852966863707 0.9970515
Car 0.00 0 -1.4847858632591109 490.15 183.55 546.39 222.15 1.3982311863271903 1.6724923618794822 3.403464989863434 -3.47 1.32 28.26 -1.6069626865609958 0.99999094
Car 0.00 2 -1.303314701714788 455.71 180.36 495.50 206.19 1.6052088666526985 1.6394838888855123 4.174028353892364 -7.82 1.17 42.74 -1.4842798153604027 0.82203335
Van 0.00 1 -1.5511006536569933 533.78 163.39 562.79 197.91 2.256944529258213 1.9431467676614953 5.245759082788276 -4.94 0.99 60.47 -1.6326130441487445 0.99999905
Car 0.85 3 -1.4369162182000021 0.00 187.31 59.04 269.29 1.5370605069963645 1.5606565394164467 3.6017127503977204 -12.05 1.56 12.70 -2.196057790838661 0.9967353
Car 0.00 2 -1.7543477425959448 74.62 184.80 222.63 246.56 1.5253928442305338 1.741056583142414 3.709303008519211 -12.17 1.47 19.30 -2.31694239091988 0.99182737
