Car 0.00 0 -1.8286954323437552 677.90 178.32 765.87 243.98 1.4691537882952403 1.6335936852456474 3.8163881582544232 2.82 1.71 19.26 -1.683311033550785 0.99999774
Car 0.99 0 2.5419700304653983 0.00 242.53 143.59 374.00 1.6898040924040985 1.5812544964910888 4.154204534493484 -3.81 1.84 2.85 1.613413779084301 0.6426808
Car 0.15 0 2.4506290117886405 940.43 160.67 1241.00 258.01 1.5605704378156375 1.6341261391253614 3.6865277906284715 8.21 1.31 12.07 3.047941625649537 0.9996314
Car 0.00 2 -2.1233300725605826 883.38 137.27 1137.40 235.58 1.5534729178814601 1.6323947769315386 5.156465189658203 8.26 1.23 15.24 -1.626653694441183 0.58108383
Misc 0.00 0 1.430157215395246 338.16 209.41 416.22 249.61 1.5399683978228282 1.6107189536751652 3.9340204094872857 -6.26 1.95 19.46 1.118926074942279 0.8639017
Car 0.00 2 -1.4127129773285727 379.95 183.53 460.85 238.92 1.506190915015192 1.621856206348672 3.7089643051252748 -6.14 2.00 23.60 -1.667239788718212 0.9999807
Car 0.00 0 2.1892777840283255 150.64 199.40 341.17 302.07 1.4701635878352832 1.594049214637413 3.6376966108904267 -6.16 1.95 12.56 1.7333026587430247 0.7478031
Car 0.00 0 2.081543938317571 805.00 159.84 973.50 218.74 1.6330043900577735 1.531622118568554 4.236693399153747 8.13 1.29 21.36 2.445230838760753 0.99774504
Car 0.00 1 1.7633624831822257 458.17 183.50 507.28 217.85 1.4855524156062316 1.6596786373020553 3.466827320061722 -6.11 2.06 34.80 1.589559236130117 0.99994504
Car 0.26 3 1.6632583374765257 1127.79 144.59 1241.00 192.41 1.592724375781269 1.6488790859193945 4.0175872017965695 22.57 0.71 27.55 2.349620034477422 0.9975375
DontCare -1 -1 -1.6978866020825247 603.31 173.98 620.02 186.52 1.5487044960080099 1.623490515416994 4.135516839228668 -1000 -1000 -1000 -0.9124884386850765 0.9831147
DontCare -1 -1 -1.6070677871492247 501.23 177.10 572.11 208.39 1.4754454050032806 1.6735170588554287 3.9658251871691133 -1000 -1000 -1000 -0.8216696237517764 0.66739345
DontCare -1 -1 -1.466289677717958 621.02 175.02 653.35 197.98 1.5221964771679055 1.627696286207571 3.6571554263458634 -1000 -1000 -1000 -0.6808915143205096 0.97560954
DontCare -1 -1 -1.3684275160220007 714.77 166.69 782.52 187.56 1.4707877714006614 1.7476822578073883 4.154350476466217 -1000 -1000 -1000 -0.5830293526245525 0.96843886
