Car 0.00 0 -1.6944870064642767 687.45 185.37 779.85 250.16 1.4717654589383315 1.7063529857159996 3.5529208948240663 2.90 1.40 17.46 -1.5298956390421088 0.9967944
Car 0.80 0 1.7541742483761649 0.00 187.04 311.38 375.00 1.5598700832395267 1.6223171961219454 3.6646679808721925 -3.51 1.60 4.65 1.1075835510613186 0.9832707
Car 0.00 0 1.3406736264613013 632.40 178.75 665.76 204.22 1.4895854558615398 1.708129338240757 3.8639883651734377 2.44 1.08 43.64 1.3965274796792688 0.9418482
Car 0.00 0 -1.2715999941017966 289.13 185.85 463.33 292.82 1.5436501581041526 1.6469917886616134 3.94367475261549 -3.74 1.51 12.27 -1.56746237536919 0.99999213
Car 0.00 1 -0.9786394397404532 150.69 185.89 311.34 260.96 1.5275116449972999 1.4682319902540588 3.2282023598776246 -8.07 1.44 15.72 -1.4529168685552594 0.99990416
Car 0.00 1 -1.4662114242699484 442.81 179.28 510.06 228.18 1.4971187099634122 1.630192032335832 3.534018056593933 -4.39 1.33 24.29 -1.6450140855899307 1.0
Car 0.00 1 1.7319966862585883 324.53 183.39 404.31 227.66 1.5742393586604309 1.5411949374438667 4.167566912375488 -8.51 1.37 25.35 1.4081174690411373 0.8499632
Van 0.00 2 -1.6367235193636755 396.84 172.58 446.72 212.74 2.1625594715704537 1.892116293877883 5.046670077198791 -8.75 1.22 33.94 -1.8890371834579973 0.75908464
Car 0.00 1 -1.5604959773507456 499.42 181.89 539.44 210.12 1.4688178229896736 1.6387531806440496 4.049987303219833 -4.52 1.20 37.04 -1.681925837307301 0.99999964
Van 0.00 2 -1.7285753498461585 439.39 172.09 486.06 204.53 2.1475818040897465 1.8235074082469178 5.426998851651001 -8.93 1.10 44.61 -1.9261433383519733 0.6502274
Car 0.00 1 -1.5617400278013687 523.70 180.66 555.04 202.51 1.490870828163476 1.6229856063337469 3.561802791558304 -4.50 1.08 47.57 -1.6560567946975193 0.99838805
Car 0.00 0 -1.5717098173943835 587.17 178.22 616.33 205.58 1.574881665763111 1.6483079802901888 3.7395690922961617 -0.37 1.17 43.81 -1.5801551769771125 0.9997317
