Car 0.00 0 1.698854030170713 444.44 184.15 523.80 232.93 1.5126683566539 1.6238484897376442 3.623900996647873 -4.04 1.80 23.62 1.5294518109006088 0.9995652
Car 0.21 0 -0.7798682014134268 0.00 192.23 263.12 348.57 1.4465567994682502 1.6107212447286987 3.800603015475073 -6.54 1.91 9.77 -1.3697580402764569 0.9346228
Car 0.00 1 1.7429072568800787 312.01 192.73 415.05 251.21 1.5596386011509609 1.606422974980011 3.686001809440651 -6.93 2.04 20.56 1.4178044340321603 0.999949
Car 0.00 1 -1.496200562515531 629.04 177.73 661.40 205.83 1.5590581711201381 1.7089042135239982 3.8555325140581513 1.99 1.85 42.21 -1.4490902192213366 0.9990509
Car 0.00 1 -2.7198065082218985 715.19 166.94 818.47 198.91 1.5114336538879585 1.6574979529441738 3.9517949019894982 7.56 1.23 35.21 -2.5083058983450486 0.9724454
Car 0.00 2 -2.179058567681585 710.80 159.52 799.64 197.24 1.5515592008648824 1.6477018215419197 3.9986560513601686 7.62 1.25 38.28 -1.9825674393005022 0.9346684
Van 0.00 2 -0.786970273652349 910.31 147.81 1006.44 182.60 2.078027806722126 1.8711127700363828 5.061133357526409 21.52 0.58 44.74 -0.338636782687601 0.8258189
DontCare -1 -1 1.8400069336083273 813.73 155.23 908.56 182.35 1.478156019356699 1.6861904256702804 3.9306110387072946 -1000 -1000 -1000 2.6254050970057756 0.736778
DontCare -1 -1 -0.852273897328649 579.35 173.98 589.81 187.56 1.4790488261549186 1.609512052750721 3.8390310072676326 -1000 -1000 -1000 -0.06687573393120072 0.97733605
DontCare -1 -1 -2.0176345566895346 657.48 168.77 712.73 183.40 1.4914547115384054 1.6764919117750072 3.8869173565284396 -1000 -1000 -1000 -1.2322363932920863 0.606989
DontCare -1 -1 1.463872023918901 519.98 179.19 558.56 190.69 1.388057858106346 1.7043195658089065 4.049091534815826 -1000 -1000 -1000 2.249270187316349 0.6982633
DontCare -1 -1 -1.5397998011347394 603.31 177.10 628.35 189.64 1.4525358978478622 1.6200994246364975 3.730962427459755 -1000 -1000 -1000 -0.7544016377372911 0.9286787
