Car 0.00 0 1.3085392276432852 599.03 175.73 626.41 202.65 1.5384113382367801 1.6714000695110702 3.7077891846523667 0.12 1.86 46.49 1.311120422168931 0.90116596
Car 0.91 0 -1.1784066120770316 0.00 184.83 394.18 374.00 1.4416045028536033 1.6801924884976291 4.212549047671356 -2.69 1.70 4.01 -1.7692811204227596 0.9997991
Cyclist 0.00 0 1.8981436947968344 760.07 142.76 894.53 285.22 1.694974768476591 0.5648313208653521 1.9734745575512314 2.76 1.37 9.45 2.182303479269214 0.8941141
Pedestrian 0.00 1 1.5431115748968462 763.33 160.92 796.60 268.19 1.795919415951128 0.6397944632259083 0.5667422232935333 2.53 1.43 10.99 1.7693787202226905 0.96270555
Pedestrian 0.00 1 1.4380291263249259 722.69 172.23 750.81 257.78 1.8578092543784333 0.6548100094583702 0.9945087400982284 2.20 1.49 12.90 1.6069466301163546 0.8092315
Pedestrian 0.00 2 -1.8789099613812308 226.67 176.24 260.65 285.89 1.880289272815342 0.47755310491592406 0.5544376788446808 -5.52 1.65 10.72 -2.3544264492282956 0.59963304
Cyclist 0.00 2 -1.62331019441155 739.17 151.04 838.53 259.04 1.761302457692132 0.6211929337291908 2.1024516923750305 2.91 1.37 11.95 -1.3844446477982673 0.9037637
DontCare -1 -1 1.8874821225788931 418.94 183.35 461.69 210.47 1.5718734789459419 1.5982537188292885 4.076401772104301 -1000 -1000 -1000 2.6728802859763414 0.9997819
DontCare -1 -1 -1.35012944141892 688.73 167.73 704.40 191.73 1.5117973577050876 1.6253777512074852 3.892479760699072 -1000 -1000 -1000 -0.5647312780214717 0.9902478
DontCare -1 -1 1.1052128235485892 509.56 177.10 555.43 193.81 1.4507958371011924 1.6633193597854519 3.86004500045544 -1000 -1000 -1000 1.8906109869460375 0.75804996
