Car 0.00 0 -1.6602302799609046 675.59 171.99 789.57 259.34 1.5179618328163784 1.7013271593214416 3.792407529555359 2.66 1.77 16.87 -1.5038414862912406 0.9991715
Car 0.00 1 -2.4111682335522513 55.98 182.73 335.49 286.27 1.55096192507133 1.6022114523412132 3.3895676006899262 -6.56 1.70 11.56 -2.9273281677985517 0.99767727
Car 0.00 2 -1.5374233360078673 129.34 182.12 405.35 269.44 1.4944779634295415 1.6200270664603853 3.63728712698082 -6.47 1.72 13.90 -1.973065429746555 1.0
Car 0.00 2 -1.5592465792458992 222.13 185.49 421.82 256.77 1.52806386619866 1.605605217880144 3.68695876201252 -6.47 1.80 16.33 -1.9364756660513192 0.79729927
Car 0.00 2 -1.0547487894680838 331.19 168.77 486.61 232.58 1.5393730126141023 1.6773571327985668 4.026199730239906 -6.47 1.85 23.37 -1.3248347318714724 0.93851346
Car 0.00 2 2.2113155285504202 322.67 177.32 452.88 237.53 1.466328543034048 1.6108071685494327 3.309994893275299 -6.47 1.81 21.11 1.9139154610286235 0.8745077
Car 0.00 2 1.2674813727524619 663.71 181.74 737.17 232.91 1.5664876665739726 1.6730937094153309 3.71471977432827 2.67 1.72 22.24 1.386963489317017 0.95206094
Car 0.00 2 -1.27406703034905 362.21 169.59 473.21 224.73 1.48065235873744 1.5871443555416012 3.808769019447365 -6.85 1.79 25.78 -1.5337759183496222 0.99762964
Car 0.00 2 1.1304050842907767 389.46 174.76 501.54 217.63 1.5253791500633966 1.6872735314728164 3.8696806236506487 -6.92 1.83 30.47 0.9070845247978119 0.5118921
Car 0.00 2 -1.516898282864366 636.82 179.45 671.82 207.40 1.4992767706333112 1.6480959889204645 3.8068429624066735 2.37 1.83 39.77 -1.457376018651461 0.99827397
Car 0.00 2 -1.6688933009889464 653.78 180.36 707.72 223.76 1.4708770554332447 1.6404603806049967 3.563623862467804 2.62 1.84 27.74 -1.5747242002232558 0.9998
Misc 0.71 3 1.7853541831162314 0.00 226.54 108.37 374.00 1.522015917003752 1.531620121812954 3.8182004598305608 -4.79 1.55 5.20 1.0409740412935493 0.69021666
Misc 0.23 3 1.789722622432981 0.00 220.59 205.68 368.46 1.414674029108734 1.5943831124068641 3.473617540799179 -4.66 1.62 6.31 1.1536155655270095 0.59876084
Misc 0.00 2 -2.183686033883367 84.91 211.57 266.61 327.75 1.4688489999441814 1.48676647177948 3.47985612054924 -4.84 1.64 8.03 -2.726117603873317 0.5053427
DontCare -1 -1 -2.3604720393803458 493.94 172.94 587.73 200.06 1.463138338532896 1.7282398336292648 4.356958495579757 -1000 -1000 -1000 -1.5750738759828975 0.97867954
DontCare -1 -1 1.7439537654307227 596.02 173.98 643.98 193.81 1.5246815875923645 1.672936405307188 4.0028763433323284 -1000 -1000 -1000 2.529351928828171 0.7872345
