Car 0.00 0 1.9229217628624777 147.43 197.56 428.65 352.07 1.4864336628286552 1.656878280705347 4.1633561422453305 -3.80 1.79 9.36 1.5372683723781897 0.9864715
Car 0.35 3 2.0256402353432517 0.00 202.21 230.12 352.38 1.6190132800309371 1.748400672590866 3.736266294621029 -6.77 1.88 9.31 1.3969078181236187 0.999676
Car 0.00 1 -1.6316863978889327 644.10 176.01 692.11 215.49 1.482682980951519 1.6212039322317982 3.634698541961708 2.37 1.70 30.65 -1.5545153249627963 1.0
Car 0.00 1 1.737987102070127 380.70 185.69 486.83 254.83 1.511813875642271 1.6809601888717556 3.770501511298218 -4.04 1.74 16.88 1.50306958630815 0.99999964
Car 0.00 1 2.407018677392278 773.82 164.09 932.98 212.03 1.4811515439121437 1.6562083803774261 4.088273706041374 7.88 1.23 23.76 2.72725331582025 0.99968433
Car 0.00 2 2.37314368883637 759.55 153.43 891.26 207.85 1.6079424027173232 1.7245723300339126 4.489522295199432 7.89 1.24 26.81 2.659356674916404 0.99741167
Van 0.00 2 -1.281858460107122 1022.43 135.91 1160.23 183.31 2.18767079060202 1.8879041882311536 5.0474034024566885 21.96 0.45 33.09 -0.6959509718682285 0.9048481
DontCare -1 -1 -0.628722027936254 486.65 176.06 546.07 202.14 1.5192936576256912 1.6697383963228607 4.007206933699646 -1000 -1000 -1000 0.1566761354611943 0.78472394
DontCare -1 -1 1.5824743817236762 546.02 171.90 562.73 192.78 1.5448929801402997 1.6521423713029766 4.3250847031698605 -1000 -1000 -1000 2.3678725451211244 0.95965135
DontCare -1 -1 -1.5186356688526015 586.65 171.90 603.36 186.53 1.493375217896552 1.6383530844659948 3.8925648910329724 -1000 -1000 -1000 -0.7332375054551532 0.99842477
DontCare -1 -1 -1.464696199693952 611.65 175.02 633.57 189.65 1.4892203848628711 1.6343844097764635 3.7870926206336404 -1000 -1000 -1000 -0.6792980362965038 0.8181679
DontCare -1 -1 0.9703757921841483 939.77 152.10 1046.06 178.18 1.4348797950713348 1.6823895417810821 3.6839514692650224 -1000 -1000 -1000 1.7557739555815965 0.59827924
DontCare -1 -1 -0.8683534423497061 685.60 166.69 731.48 183.40 1.4541345018713188 1.6505043276311302 3.6919012536631013 -1000 -1000 -1000 -0.08295527895225785 0.9876132
DontCare -1 -1 2.2648804346707205 729.35 165.65 818.98 199.03 1.427986681815834 1.6573524021269226 3.748083586000004 -1000 -1000 -1000 3.050278598068169 0.9360613
