Car 0.61 3 1.4169585863736014 0.00 138.37 214.88 342.85 1.6173639524547767 1.6043581806780243 3.948386656247177 -7.25 1.76 8.23 0.6947835439062062 0.99995255
Cyclist 0.00 0 -1.6742970878866057 423.90 181.30 468.35 265.37 1.854016109870777 0.5026966721921158 1.753314116078105 -3.33 1.77 14.58 -1.8988406398093551 0.71024376
Car 0.55 0 1.7312679151680808 971.54 184.31 1241.00 374.00 1.4671164046792697 1.5148465179563904 3.401127832137146 5.77 1.69 6.80 2.4349076073681926 0.72983366
Car 0.00 2 -1.75968794623879 840.08 188.45 1223.42 312.55 1.490575226378293 1.5561245971084976 3.7680656780825044 5.46 1.68 9.72 -1.2478848241780685 0.9999635
Car 0.00 2 -1.4085137108948569 819.99 165.79 1097.40 282.27 1.7540472004382324 1.7147590436698341 4.714997844897308 5.66 1.68 12.09 -0.9706646663656084 0.99999547
Car 0.00 1 -2.1364776651051383 240.82 183.32 428.84 243.56 1.4199954796402168 1.6580035418929004 3.39911397000412 -7.32 1.80 19.38 -2.4976212122781027 0.9989906
Car 0.00 2 -1.8740156749871115 305.09 182.02 456.72 234.15 1.4759682457713794 1.5591725253225708 3.2778507043943788 -6.94 1.79 22.01 -2.179459603070762 0.999668
Car 0.00 0 -1.7603834430363516 631.47 180.57 692.25 225.12 1.4514770809380722 1.6576999419094467 3.8358838112429763 1.69 1.69 25.25 -1.6935524257285728 0.81425726
Car 0.00 2 2.798328951993261 423.53 177.39 503.56 208.73 1.4849431071250152 1.663251786744728 3.7773012240753556 -7.40 1.77 36.50 2.5983004335094275 0.99636924
Car 0.00 1 1.8661319772389273 616.86 177.51 648.78 204.52 1.5290042114263784 1.5982567363144302 4.036309214435615 1.21 1.71 40.32 1.8961328938072353 0.7462347
Van 0.00 2 1.5422611786660294 599.82 166.85 617.04 187.25 2.165648415230713 1.8934936473225785 4.741114673966217 -0.19 1.68 86.31 1.5400598150571028 0.989342
DontCare -1 -1 1.2740394930031638 492.90 168.77 562.73 197.98 1.450228929874153 1.6729529791237259 3.9902294894085313 -1000 -1000 -1000 2.059437656400612 0.99708277
DontCare -1 -1 1.575467016143028 572.06 170.85 606.48 185.47 1.5364388305513572 1.6833757304312134 3.9787243997083093 -1000 -1000 -1000 2.3608651795404763 0.7565957
