Car 0.71 0 -2.071931735673223 869.44 154.22 1241.00 374.00 1.4434606808988761 1.5859755680622005 3.779633956156769 3.88 1.70 5.99 -1.4971425099928464 0.99713993
Car 0.00 0 1.7754061231997351 477.23 187.68 538.97 229.55 1.573701240476818 1.5583641149760628 3.2173909117803956 -3.92 2.07 28.06 1.636603797659563 0.9999721
Car 0.00 2 -1.8827079693463187 779.01 193.20 950.63 297.98 1.5344594869582366 1.5702966072322273 3.925678068898716 4.02 1.79 12.17 -1.5636714472692979 0.9037419
Car 0.00 2 -1.9362782994892935 735.46 182.17 836.04 254.20 1.5487557820795488 1.649580023503437 3.824227729939022 4.20 1.83 17.86 -1.7053124684452978 0.998162
Car 0.00 2 -1.6283355253424983 716.38 185.02 783.99 236.53 1.55580935290143 1.606542798942461 3.234365241728821 4.35 1.88 23.02 -1.441571628525824 0.9958917
Car 0.00 2 -1.8250611583378653 702.26 183.74 755.93 224.93 1.5757106359867763 1.6126485050381565 3.3819962610826875 4.59 1.94 28.44 -1.6650485425921722 0.9991725
Car 0.00 0 -1.7076951722290854 570.65 183.49 597.11 203.55 1.4851843345730018 1.5669187449575805 3.346276359759369 -1.98 2.28 54.99 -1.7436861704809723 0.9898599
DontCare -1 -1 -0.844775871434484 655.40 179.19 689.82 193.81 1.3968839350907516 1.5981239632429027 3.7167763133869554 -1000 -1000 -1000 -0.05937770803703568 0.9657963
DontCare -1 -1 1.5506429197874407 682.48 184.40 703.36 210.48 1.5382261670945596 1.6539101295830154 3.833420122169056 -1000 -1000 -1000 2.336041083184889 0.99370813
DontCare -1 -1 1.8008840093996863 525.19 187.52 568.98 215.69 1.4814006019203376 1.6553150520385647 3.5738984217272187 -1000 -1000 -1000 2.5862821727971346 0.9804976
