Car 0.50 0 -1.2650076607849936 0.00 216.53 325.96 374.00 1.4544219527213287 1.624636114826932 3.7547140811906243 -4.19 1.89 6.68 -1.825220094772378 0.9998777
Car 0.00 0 -1.8011188367989401 720.76 183.99 895.27 307.23 1.4267842996685218 1.6338724990101003 3.5202471782789613 2.64 1.65 10.51 -1.5550211052045717 0.99997914
Car 0.00 0 -1.2321873168137412 328.82 182.05 466.74 273.32 1.5473898969410371 1.6593226262093925 3.782114507757225 -4.51 1.93 15.86 -1.509237392997067 0.9996088
Car 0.00 0 1.6727351705220084 462.82 183.38 518.25 226.24 1.4697843160299968 1.6749747947515392 4.260625677310028 -4.89 2.07 29.75 1.5098221619928733 0.9999995
Cyclist 0.00 0 -1.5383196073260645 563.48 176.49 574.33 202.62 1.7502103667129134 0.6030603067188454 1.7400203450048828 -2.99 2.12 52.31 -1.5954167222181865 0.6384043
Cyclist 0.00 0 -1.5508450614896159 575.45 176.41 585.62 200.95 1.718236339779601 0.5917796881108475 1.8335106624687576 -2.17 2.03 52.75 -1.591959320301758 0.94476575
Car 0.00 0 1.4741734276202063 508.17 183.55 543.53 208.55 1.5554260875849437 1.6110947646857643 3.882413003720441 -5.31 2.16 45.79 1.3587249058483464 0.5428038
Car 0.00 1 -1.6246788772430758 634.85 177.81 655.60 194.87 1.4592974189488601 1.6000117541016483 3.283931570254364 3.24 1.98 66.63 -1.5760904052060192 0.9999887
Car 0.00 0 -1.7191810766842703 657.36 175.13 716.11 222.95 1.496400701236577 1.5183839642168426 3.264419751368561 2.70 1.71 26.35 -1.6170706559429862 0.9998815
DontCare -1 -1 1.8741745511677603 621.02 173.98 637.73 192.77 1.5249635808920872 1.6015759550691986 4.05218340655426 -1000 -1000 -1000 2.6595727145652086 0.70832527
