Car 0.50 0 -2.370832876363073 801.58 192.01 1241.00 374.00 1.4573991227714729 1.4942833774448776 3.813962051771679 2.76 1.54 5.50 -1.9057317800137326 0.99991584
Car 0.00 0 -1.6900395984437804 695.07 170.54 807.08 262.07 1.6063635576336097 1.6775084503652 3.5229683985338593 2.69 1.61 14.62 -1.5080802052541418 0.99998283
Car 0.00 2 0.8783593932774405 135.59 174.89 401.23 267.06 1.4769675213663291 1.6558286205591106 4.3329014350996395 -6.19 1.62 13.24 0.4410295509854132 0.8827583
Car 0.00 2 1.1131966272976737 231.05 173.52 430.36 251.87 1.5686592761246871 1.6349220194579506 4.338774697981872 -6.07 1.64 15.87 0.7478819986388623 0.99984777
Car 0.00 2 -1.5387892509487013 261.73 160.27 418.55 242.15 1.5977129343716812 1.677052035248413 4.785161512099304 -6.79 1.67 18.29 -1.8942603951284946 0.99312687
Car 0.00 2 -1.6341848308828215 302.46 179.73 436.34 232.28 1.5105302244244527 1.6219277710379505 4.227551715575256 -6.91 1.64 20.82 -1.9546379952044548 0.8683831
Car 0.00 2 1.8452425161984305 367.74 175.62 488.19 221.83 1.4085303921072196 1.6400665727169657 3.8262805735097314 -5.94 1.54 23.64 1.5990698237882652 0.663419
Car 0.00 2 1.1006276766445975 396.34 175.76 507.65 220.85 1.3903194371430587 1.6460468445630216 3.6432526429520036 -5.65 1.66 25.89 0.8857653514901662 0.96872866
Car 0.00 2 1.441780270138059 406.85 170.03 496.44 214.48 1.5006628822354984 1.625913384622469 4.054896684490242 -6.20 1.58 28.28 1.2259586116394132 0.9471763
Car 0.00 2 1.7166655073550086 405.94 171.60 517.03 212.68 1.4951484132377815 1.6298002063022399 3.329904036723175 -6.29 1.64 30.70 1.5145763215431731 0.9580489
Car 0.00 2 1.5435697017845253 461.72 163.50 535.57 198.03 1.5062987770704936 1.7163006880046272 4.312646227084198 -6.97 1.54 45.30 1.3909037852398356 0.9618046
Cyclist 0.00 0 -1.6115786778416972 576.80 171.81 583.44 189.21 1.7876276853848552 0.5539287381975841 1.7631517835358643 -2.78 1.51 67.07 -1.6530041972957032 0.58116674
Car 0.00 1 1.4894732619312148 655.72 178.04 703.95 215.98 1.5689735304383945 1.6784612380625152 3.6804856230841065 2.65 1.60 28.29 1.5828733920819935 1.0
Car 0.00 0 1.465058715143476 626.43 174.15 648.65 191.32 1.403837129828186 1.5937415317357921 3.7455158700571443 2.33 1.55 62.15 1.5025311096378247 0.51778835
DontCare -1 -1 -1.2933210293438773 529.35 170.85 572.10 185.47 1.4461812231509399 1.6590589352609062 3.8575449520825456 -1000 -1000 -1000 -0.507922865946429 0.9928556
DontCare -1 -1 1.8302419344570975 598.10 166.69 638.77 186.52 1.4882119078008842 1.7034618698717499 4.314164536200561 -1000 -1000 -1000 2.6156400978545458 0.89108735
