Pedestrian 0.00 1 -1.5022250051286559 644.88 144.09 661.88 202.98 1.7532294273286861 0.6514255571451855 0.9905182314822578 1.53 0.67 21.54 -1.4313134623260433 0.7894367
Pedestrian 0.00 1 -1.7173874984171729 281.31 138.04 316.98 259.16 1.7520047209135992 0.6274556908097935 0.5827326593706512 -5.04 1.24 11.62 -2.1266333936162063 0.999931
Pedestrian 0.00 0 -2.3655212680485587 714.82 180.39 772.15 354.35 1.701462929547186 0.7068712021496963 0.8186918800482654 1.21 1.52 6.61 -2.18446984523 0.9756551
Pedestrian 0.00 0 0.9256664077427725 769.42 166.24 843.08 351.47 1.7498478753868294 0.683195261218853 0.9555534167001152 1.92 1.52 6.85 1.19894583473862 0.5434834
Pedestrian 0.00 0 -2.1657375256207327 622.66 148.74 647.33 221.77 1.7309189116958332 0.6177268828538132 0.9225264718542003 0.85 0.92 16.36 -2.113828210258386 0.94879234
Pedestrian 0.00 0 0.8825408975270133 587.11 139.21 632.44 247.82 1.7598931556012285 0.6906354743328762 0.8542212364981079 -0.02 1.16 12.65 0.8809598711763649 0.9700248
Pedestrian 0.00 1 0.9272636334088187 574.85 140.38 606.52 237.01 1.7517676185261262 0.6649546957847547 1.0578893242189789 -0.37 1.06 13.79 0.9004390322409849 0.7517693
Pedestrian 0.00 1 1.447537818053041 536.60 138.05 572.27 245.56 1.8145542567971897 0.7203091438201141 1.0603485075542831 -0.85 1.10 12.54 1.379858249601194 0.9804863
Pedestrian 0.00 0 0.8509578863766531 518.38 138.41 555.38 247.80 1.7701450841877413 0.6887730228987408 0.6298319069454574 -1.29 1.09 12.16 0.745267661292044 0.9970414
Pedestrian 0.00 1 1.5969463447716574 500.23 142.82 522.56 204.31 1.8202567113939476 0.7620573024538231 0.6205451307604217 -2.77 0.68 20.96 1.465551278796957 0.99701357
Pedestrian 0.00 1 -1.05559499660996 477.21 143.45 494.21 205.39 1.7441624975207997 0.6393758672562313 0.5651996848890686 -3.39 0.72 21.24 -1.2138646263782806 0.88708174
Pedestrian 0.00 0 1.7883265326407294 468.39 145.00 494.72 209.39 1.8303380249444199 0.6351346428778839 0.5929131326982879 -3.63 0.81 20.46 1.612734370690549 0.9997435
Pedestrian 0.00 1 -0.49925132195023103 394.34 141.51 415.34 206.23 1.83176268026268 0.7583513538625908 0.8501686943480873 -5.81 0.71 20.23 -0.7789214689049826 0.77796555
Pedestrian 0.00 1 1.4974718252804617 417.84 146.73 433.51 203.17 1.8377044512335015 0.6899175959912014 0.8078490016767883 -5.34 0.65 20.82 1.2463998049344251 0.9985214
Pedestrian 0.00 1 -0.5538751641896109 435.05 141.66 456.05 206.77 1.8049056394401741 0.7132304067996216 1.031323981077423 -4.64 0.74 20.59 -0.7755247271682885 0.60889786
Van 0.97 3 0.9088985482838492 0.00 0.00 267.84 369.00 2.191668254334978 1.871872341827078 5.642852304333496 -3.16 1.66 3.69 0.20071880436941292 0.95273316
DontCare -1 -1 2.3419397632267813 692.18 125.40 1222.00 158.32 1.4028355110256385 1.7457635842920685 4.472337084017791 -1000 -1000 -1000 3.1273379266242296 0.99560404
DontCare -1 -1 -1.5639953427624445 325.26 151.10 381.82 206.63 1.5289298127225053 1.6049462922574425 3.7885236760006333 -1000 -1000 -1000 -0.7785971793649962 0.99912447
