Car 0.00 0 -1.5441696579244475 573.07 174.13 611.71 209.36 1.4639534916548442 1.5752124779583359 3.482370393477478 -0.77 1.09 34.92 -1.566216486099748 1.0
Car 0.00 0 -1.1314152340081076 66.44 191.48 366.87 341.17 1.460844528284521 1.669456116175785 3.108222024642029 -4.64 1.55 9.21 -1.5980983930953563 0.999998
Car 0.00 2 1.6582442606475691 147.91 186.68 312.67 258.26 1.4641923349170398 1.6473267500014448 3.0858978201971436 -8.52 1.46 16.59 1.183805703608862 0.57706696
Car 0.00 0 -1.4914121265199523 378.61 186.22 476.45 246.14 1.5378214571444702 1.6166886307956123 3.268027203284302 -4.56 1.39 18.53 -1.7327049903741816 1.0
Car 0.00 1 -1.2583781639721732 320.87 181.36 397.81 224.19 1.397247493621559 1.605786099350586 3.920404991261759 -9.06 1.31 26.40 -1.5889660137967414 0.99956113
Car 0.00 2 -1.323858724036489 427.14 179.13 492.65 222.99 1.4019850347010803 1.6681744859279537 4.584457295142212 -5.43 1.28 26.66 -1.5247863098532197 0.9992316
Misc 0.00 0 -1.0028053681042532 484.57 162.56 532.13 212.60 1.4719855490891647 1.6226927295984173 3.013031559191742 -4.62 1.21 33.54 -1.1396899333601993 0.87955076
Van 0.00 1 -1.4146454344179968 494.98 158.65 541.90 206.05 2.2442714790930367 1.9154216839080287 4.879656357520866 -4.74 1.03 38.63 -1.5367377009761007 0.9156148
Van 0.00 1 -1.5172880413618426 539.86 167.41 561.09 191.75 2.2292882795562363 1.9188490534280969 5.228294653648185 -6.15 0.65 77.97 -1.5960015635171674 0.8637031
Car 0.00 3 -1.0168422619488577 9.02 180.23 188.44 254.89 1.5072021413414192 1.5724685036302948 3.4764253368006135 -12.15 1.49 17.45 -1.625063897148551 0.9998266
