Car 0.67 0 -1.2047602395203452 0.00 201.92 209.16 374.00 1.6050428453652572 1.5614811622263336 3.7345323284492875 -5.91 1.92 7.22 -1.8907159777057825 0.99500704
Car 1.00 0 1.4980583424356322 1097.67 203.88 1241.00 374.00 1.5486197903572034 1.5355850153328323 3.6279881616459275 2.93 1.62 1.37 2.6314804045877422 0.6127421
Car 0.20 1 -1.9994911710408072 794.94 184.97 1186.65 374.00 1.5036721512494993 1.548947080290451 3.375262605153122 2.96 1.66 6.49 -1.571587428461827 0.999979
Car 0.00 1 2.0427434305336813 162.51 196.10 346.06 302.22 1.4603641781775665 1.5234319933415794 3.3543504049406434 -5.89 1.90 12.29 1.5958320336095313 0.9999919
Pedestrian 0.00 2 1.025771097340856 806.31 152.56 832.98 239.08 1.7616764353032959 0.6355015765217018 0.7655033586332702 4.80 1.51 16.81 1.3039136101226991 0.9993311
Pedestrian 0.00 2 0.8174445192005972 837.46 146.80 863.13 234.66 1.7627156385596645 0.6752710528013182 0.9450011892030143 5.40 1.37 16.34 1.136622495663529 0.9440045
Car 0.00 1 -2.1662323037770133 731.09 182.90 882.96 282.09 1.6231379139988136 1.6663062044145012 3.9892693926916505 3.07 1.57 12.07 -1.9171640821441223 0.9995357
Van 0.00 2 0.6382688442852835 317.20 176.27 420.51 216.29 2.17505247286757 1.8885578742330504 5.4138557592571255 -12.26 2.15 36.77 0.31643670385635114 0.9079459
DontCare -1 -1 2.3772501508381705 931.44 154.19 1096.06 182.36 1.4028817791311454 1.706764846360817 4.288784640036621 -1000 -1000 -1000 3.1626483142356188 0.8119661
DontCare -1 -1 -0.35368748108414216 402.27 179.19 464.81 195.90 1.5230868504202377 1.7500718229175949 3.5622444619760896 -1000 -1000 -1000 0.4317106823133061 0.5298994
