Car 0.84 0 -1.5984961474922041 917.12 187.22 1241.00 374.00 1.4755625393061351 1.6824052364291096 3.582219826184311 3.55 1.72 4.63 -0.9443680818854017 0.99991953
Car 0.00 0 1.7417700002577643 410.51 163.32 542.83 282.13 1.481902081873865 1.5345329784513855 2.9406790306196595 -2.34 1.74 13.47 1.5697671733254297 0.9273811
Person_sitting 0.35 0 1.8820147971299033 934.91 190.06 1097.09 374.00 1.6196814630000305 1.7276329838396454 4.0981108715162655 2.58 1.76 4.76 2.3787082231496393 0.8868279
Car 0.99 0 1.0266033569958548 0.00 215.18 239.95 374.00 1.5748632442025852 1.6058320917846107 4.5689711143598934 -2.92 1.68 2.35 0.13346463082057924 0.84703827
Car 0.00 1 -1.522490025558744 729.94 188.81 842.94 257.23 1.5014595001755666 1.5675015740753555 4.069421919189491 4.02 1.79 17.28 -1.2939167813949617 0.8292212
Car 0.00 1 1.2351718107846121 790.96 190.71 989.02 314.74 1.522326360345484 1.5919201292754555 3.7286252846346284 3.99 1.78 11.21 1.5771216377623223 0.99992406
Car 0.00 1 1.4889758313682417 556.64 179.33 592.47 212.61 1.5223872031836223 1.6549199775518322 3.7572040652261163 -1.71 1.84 35.10 1.440296370874301 0.99981815
Car 0.00 2 1.8202080438521246 483.25 181.26 561.65 245.24 1.5135386710806202 1.6317887671948814 4.080782400570907 -2.26 1.74 19.09 1.7023699269787984 0.7198298
Car 0.00 2 -1.7009544233467917 721.55 184.81 792.24 238.68 1.4448051605193328 1.547268300569191 2.3396998812780763 4.42 1.89 22.28 -1.505112997973512 0.8085626
Car 0.00 2 -1.638833181062017 700.18 182.73 754.63 222.26 1.5463307633815717 1.6610339984954738 3.3972393145189668 4.62 1.88 28.98 -1.4807432099403313 0.99989796
Car 0.00 2 -1.7969027022507529 686.72 181.04 732.37 214.84 1.4644082415668678 1.6308986742706442 3.7861683686600114 4.57 1.87 33.72 -1.6621955823501384 0.9997222
DontCare -1 -1 2.3320986787464957 611.65 173.98 683.57 195.90 1.411866411921234 1.6172063809545183 4.277272598944702 -1000 -1000 -1000 3.117496842143944 0.90415287
