Van 0.51 0 1.3953027288105826 0.00 162.65 94.42 231.75 2.2708962853183365 1.8948342079376412 4.720864919775772 -20.23 1.89 24.35 0.7020609125686144 0.71492374
Misc 0.00 0 -1.0805852572110037 91.99 177.14 166.17 221.61 1.5764260556368541 1.644874274051323 3.9105870371089364 -20.03 1.96 30.08 -1.6680506390143977 0.97463644
Car 0.00 0 2.0250122110035758 180.00 185.01 279.44 224.00 1.4916079997836065 1.6022149243117714 4.034815626345672 -16.08 2.04 30.72 1.542790886775722 0.99356234
Van 0.00 1 -1.5489238342877965 238.70 171.72 308.95 205.40 2.162137897231183 1.9434338497077657 5.313700226897049 -20.68 1.91 44.60 -1.9830932719559062 0.7020404
Misc 0.00 1 1.5001874352481703 301.65 178.64 331.73 201.54 1.5682833570806693 1.6213213608325863 3.4038642217741395 -20.34 1.94 50.06 1.1142511850449355 0.9988808
Car 0.00 0 1.870847270884786 413.01 178.94 446.32 199.77 1.4709403369395446 1.6332094494910383 3.6723162104711915 -13.40 1.95 53.70 1.6263068198245259 0.9988625
Car 0.00 0 1.6982209841397147 370.97 181.39 414.78 201.56 1.558451488968582 1.6357531075091505 4.18002958794693 -16.38 2.10 54.57 1.406612888472766 0.9949628
DontCare -1 -1 0.999389843144689 661.65 173.98 687.73 194.85 1.5045509993849706 1.6295466341735267 3.893515138082304 -1000 -1000 -1000 1.7847880065421373 0.56002
DontCare -1 -1 -2.5673555294659476 460.60 177.10 514.81 193.81 1.4661733250884723 1.5997027338208103 3.7091711332426454 -1000 -1000 -1000 -1.7819573660684993 0.93657875
DontCare -1 -1 1.366465107598577 699.15 173.98 784.61 185.48 1.3451471481291961 1.64654390445961 4.221819924317398 -1000 -1000 -1000 2.1518632709960253 0.93033236
DontCare -1 -1 2.0551360408451895 762.69 180.23 788.77 192.77 1.519741005153061 1.5995531224371338 3.7953943406567956 -1000 -1000 -1000 2.840534204242638 0.5080197
