Car 0.00 0 -1.6061336743321757 571.58 177.46 615.59 217.58 1.4308852333395194 1.6379677236737156 3.5529159178362275 -0.64 1.28 30.90 -1.6268426874895399 0.9998976
Car 0.78 0 -1.1290062824871878 0.00 178.92 377.44 375.00 1.6392535570828628 1.656146831131115 3.24588652154068 -3.15 1.61 4.90 -1.7003437623208146 0.97567046
Car 0.67 3 1.4510305980828146 0.00 193.22 150.14 323.90 1.6221408773033332 1.5140914463163757 3.1106305887327577 -7.83 1.59 9.09 0.7399633218530316 0.91930103
Car 0.00 1 -1.3619592497732977 279.99 176.99 386.02 238.57 1.36140401696846 1.6094050251604461 4.189326273404159 -8.05 1.42 21.36 -1.7223706917858543 0.999998
Car 0.00 0 -1.4442512998965125 409.24 183.08 504.98 247.33 1.5229858643195044 1.6127576523186111 3.865844294555583 -3.84 1.44 18.73 -1.6464678296795832 0.9998827
Car 0.00 2 -1.4920513267305235 371.21 181.84 441.29 221.96 1.5735140297381591 1.6980717473389053 4.4772215058432 -7.84 1.32 28.19 -1.763309179217638 0.9998926
Car 0.00 1 -1.4918681691077094 496.18 183.47 546.44 218.38 1.310508221742363 1.5810755186439895 3.410927729807892 -3.69 1.31 31.02 -1.6102673079314238 0.9999989
Car 0.00 2 1.8637339333680014 464.51 180.41 500.54 204.26 1.493082823586316 1.6337784857214832 3.7355774660931016 -8.01 1.15 46.14 1.6918449683501917 0.99198467
Van 0.00 1 -1.5887935599919896 534.15 164.25 561.67 197.21 2.3568496848573304 1.934786646262331 4.926660699600029 -5.20 0.98 63.19 -1.6709000565657468 0.9995882
Car 0.15 3 2.1179608861592154 0.00 186.01 168.60 261.83 1.595746890064926 1.603336393153801 4.12422485848526 -12.18 1.54 16.60 1.4849509409222228 0.961321
Car 0.00 2 -1.682321355738912 171.93 183.98 280.16 233.53 1.545968825352044 1.6284628131152534 4.078726502262153 -12.38 1.43 23.53 -2.166659147792951 0.98928773
