Car 0.53 0 1.9099177877095084 959.28 189.74 1241.00 359.73 1.5693901259271812 1.5895086445571327 3.5668091942892457 6.15 1.66 7.30 2.6100215389102317 0.88302505
Car 0.22 0 -2.467002765336309 0.00 177.62 314.23 307.29 1.4820421229867649 1.6097533025504493 4.000557886563339 -6.42 1.63 9.63 -3.0550053688838763 0.9996226
Car 0.00 0 -1.6027773144331317 640.32 183.75 674.52 208.57 1.534064896759243 1.6651761860312366 4.298035251103439 2.65 1.96 41.44 -1.5389163927417902 0.9859465
Car 0.00 2 1.8885873119023184 436.89 177.83 530.47 212.03 1.482460409757347 1.6570687771500492 3.39046283265213 -6.11 1.84 34.99 1.7157090962262083 0.86838
Car 0.00 1 0.15866620937851472 713.87 182.37 828.76 225.24 1.506059520301075 1.6878350668312454 4.10544014175991 5.91 1.88 26.87 0.37516681644692684 0.902194
Car 0.00 2 -2.189671413102422 321.98 173.99 474.66 237.02 1.5448154419480276 1.6564160168827915 4.225007610522308 -6.30 1.83 21.66 -2.4727207623675884 0.9910609
Car 0.00 2 1.6154277073827128 270.31 184.27 459.29 253.34 1.4575252834527206 1.6200627081753158 3.51863478323082 -5.65 1.78 16.70 1.2891928781112545 0.9999994
Car 0.00 2 -1.6228242042150836 102.60 183.15 397.78 285.18 1.350775987264366 1.5285146527649307 3.0800196101293946 -5.84 1.71 11.97 -2.0767340417718527 0.9969387
Car 0.00 2 -1.414697946110044 800.77 182.07 974.45 252.63 1.4715856242744636 1.6843912147642517 3.7981616911814595 6.50 1.79 17.20 -1.053381132391858 0.999998
Car 0.00 1 -0.43952258030441804 833.97 190.03 1038.18 265.21 1.4766439687280368 1.656054991549387 3.6490691175089265 6.61 1.78 14.91 -0.022232073525405238 0.9956424
DontCare -1 -1 1.2645017961647849 522.06 176.06 587.73 201.10 1.4781647998659324 1.6602944836677456 3.8400436175392056 -1000 -1000 -1000 2.049899959562233 0.70150685
DontCare -1 -1 1.9889520863678793 598.10 177.10 647.10 193.81 1.4997203968285036 1.6571933061541462 4.085349159441986 -1000 -1000 -1000 2.7743502497653276 0.75857496
