Pedestrian 0.00 2 -2.0194294909623007 87.04 163.66 103.04 215.96 1.7319175279144001 0.5788280572083664 0.980646428258171 -17.82 1.49 25.24 -2.634185767092495 0.87139785
Pedestrian 0.00 2 -0.518818930783544 521.14 161.40 532.14 197.32 1.8512107743326378 0.708043834128685 1.0353391138622665 -4.69 1.27 37.89 -0.6419718856896319 0.6834326
Car 0.00 0 1.3869434157994132 467.63 155.96 520.57 196.88 1.5487297050474595 1.6385407087118768 3.821321943901577 -6.70 1.32 41.21 1.225771721670111 0.9999609
Car 0.00 1 -2.025860504308019 503.44 163.54 556.56 194.05 1.4834610450832557 1.6220801950158024 3.7154590656385804 -4.89 1.24 43.43 -2.1379832591001704 0.9998816
Car 0.00 1 -2.2559645334866385 549.55 164.38 612.58 190.95 1.5154801061196637 1.6227950111688518 3.8780287114308263 -1.88 1.08 44.40 -2.2982815981875957 0.9717956
Van 0.00 1 1.331566841402326 693.67 154.99 756.76 189.13 2.217345693626008 1.8885675208722783 4.852364478462982 7.52 1.05 47.64 1.4881256019268163 0.5545373
Car 0.00 2 -1.7928017387774329 728.85 161.49 776.53 184.65 1.4960759099392604 1.7083565213443184 3.8383085356430198 9.74 0.80 49.57 -1.5987836263902782 0.96798193
Car 0.00 1 1.4443992088225226 767.20 160.18 819.45 184.83 1.5153208425088238 1.6312534420476699 3.7264801581726457 13.01 0.84 51.42 1.6922129276853934 0.7034115
Car 0.00 1 2.03997860948113 794.74 164.56 854.99 184.24 1.5711714554397773 1.6414768782169962 3.9081102219746495 16.36 0.86 55.18 2.3282068171208783 0.97554624
Car 0.00 1 1.5894282209363322 831.84 164.79 876.67 184.63 1.462423041817398 1.6102782928110504 3.7542976682410623 18.75 0.90 55.49 1.9152819808982495 0.55052173
Car 0.00 1 -1.7859756062414984 854.01 165.45 903.40 184.22 1.5617134500114631 1.6522937745512867 3.756289543710747 20.83 0.87 56.08 -1.4303352448433304 0.76857626
Car 0.00 1 1.1721386174347739 876.68 163.65 934.74 183.24 1.4976694289414596 1.611063893205061 3.5760792364702607 23.20 0.81 56.81 1.5598471699098337 0.9772724
Van 0.00 3 -2.029991344609533 921.88 153.14 984.13 180.67 2.115578531764946 1.8070996576999856 4.750893799418258 28.34 0.63 59.75 -1.5871064442023735 0.6860341
Car 0.00 1 1.7706197361138205 949.53 160.75 1005.56 179.53 1.441927411016674 1.5969081886769676 3.6550649573431397 30.88 0.54 60.72 2.2410949701118423 0.5460611
Car 0.00 2 0.6763477484372 974.38 161.93 1023.51 179.11 1.50206096878335 1.5984053120674038 3.884055575482645 33.40 0.52 62.04 1.1702122179413683 0.9995036
DontCare -1 -1 -1.2827448089930673 376.23 150.02 602.31 164.65 1.4789845574466896 1.6428094573975944 4.2979056110010525 -1000 -1000 -1000 -0.49734664559561903 0.82401884
DontCare -1 -1 2.854676083722387 1027.30 155.23 1131.51 176.10 1.4603584859339904 1.7019407965899849 4.086062761150398 -1000 -1000 -1000 3.640074247119835 0.937567
