Car 0.00 0 -1.5860976866122822 567.77 176.99 606.63 212.44 1.5131866209028673 1.6322235421003246 3.5110684206114198 -1.06 1.22 34.73 -1.616609377922804 0.99999726
Car 0.11 0 -1.1207633773472647 13.84 200.61 361.65 375.00 1.4363869506685447 1.565041176295414 3.352232592307129 -3.86 1.60 7.23 -1.6111513358861513 1.0
Car 0.11 3 -1.475240753093038 0.00 189.94 213.55 292.39 1.5726982693938922 1.5489842661382103 3.776330696545639 -8.59 1.56 12.37 -2.0822132672311042 0.9999968
Van 0.00 1 -1.2757528285172324 250.84 139.85 398.15 246.62 2.193321704876176 1.7886780897235108 4.811594633215713 -7.86 1.46 20.74 -1.6380063343095266 0.94219035
Car 0.00 2 -1.8060228089478354 29.67 186.64 196.40 250.96 1.5122391789971303 1.6437472508014583 3.66396835645298 -12.63 1.51 18.62 -2.4020380615263344 0.973887
Car 0.00 1 1.4503634656455855 354.88 182.33 424.95 223.56 1.517376442794354 1.5739162333966636 3.9026990515516187 -8.49 1.38 28.21 1.1580288224482582 0.95850945
Misc 0.00 1 1.98327033320931 493.23 163.11 541.83 211.18 1.4522089291183662 1.6429475390077972 4.08271746536354 -4.81 1.28 38.83 1.8600248642811184 0.5180134
Misc 0.00 0 -1.5060145343330245 429.70 143.51 522.85 233.92 1.633315436896534 1.6949001841904068 4.315612541638412 -4.23 1.41 23.94 -1.680901187552002 0.98264784
Truck 0.00 1 -2.0703899125244956 523.28 145.75 559.28 197.84 3.1506910225930405 2.5298677431881713 11.3632037373518 -5.74 0.92 64.38 -2.159312912184529 0.86426777
Car 0.00 2 -1.3075297931816916 226.60 180.27 311.49 223.72 1.468533173557968 1.6543091640533352 3.8975274359212304 -12.53 1.32 26.74 -1.74573220588102 0.9761721
