Car 0.00 0 -1.816283748545919 694.58 184.99 797.51 255.87 1.4989747352717828 1.6416914195479297 3.734456384681263 2.93 1.39 16.10 -1.6362662784881852 0.9992225
Car 0.00 0 -1.1280751387265067 99.18 181.15 407.43 366.71 1.5129343656642746 1.6794231489957714 3.5537862350569154 -3.54 1.53 7.83 -1.5526800977721458 0.9998739
Car 0.00 0 1.4434213946249823 636.85 177.30 673.48 204.93 1.5426055960176897 1.6129116409183883 4.005387099586525 2.59 1.03 40.38 1.5074743160435224 0.9633279
Car 0.67 1 0.734689668813024 0.00 186.44 146.14 314.78 1.6720670912234497 1.7140526541234398 4.066065328322448 -7.80 1.48 9.04 0.02279305950706112 0.59713566
Car 0.00 1 -1.386495010056768 363.65 182.92 488.64 263.62 1.4668074440030765 1.5961447202326202 3.2848072220907594 -3.76 1.44 15.43 -1.625517726505868 0.99976164
Car 0.00 2 -1.5474219592895846 233.16 184.02 355.22 244.89 1.430096999165268 1.6285597433061743 3.799259020142355 -8.10 1.39 18.84 -1.9534662613916896 0.65970564
Car 0.00 1 -1.8393173972752432 350.39 183.64 420.43 223.86 1.5561148602335166 1.5716215067268753 3.94790477504591 -8.52 1.37 27.74 -2.1373096149448205 0.9994802
Van 0.00 2 1.3320059339192252 413.34 172.53 458.30 209.67 2.3186580534209824 1.7728097835635377 5.630907831543731 -8.72 1.17 36.57 1.0979300645699233 0.99981683
Car 0.00 1 -1.4642878035691123 507.30 181.37 544.06 207.59 1.4193933833210182 1.6370982371927643 3.919647170357504 -4.50 1.16 39.65 -1.577297310427928 0.9999764
Van 0.00 2 -1.5301897870984416 450.38 171.39 493.34 201.82 2.2804150874843216 1.9002053631549312 5.128063672983694 -8.90 1.01 47.39 -1.715830753112453 0.82554054
Car 0.00 1 -1.7307964722302298 527.14 179.99 554.69 200.82 1.4920137360511732 1.648074078625574 3.8564089341192553 -4.60 1.02 49.70 -1.8230888629689388 0.99653363
Car 0.00 0 -1.6148440996792655 588.40 177.84 616.21 203.94 1.528723132685424 1.671372558242216 3.8832903412506963 -0.35 1.12 45.84 -1.6224792043675467 0.99998724
Car 0.00 1 1.611457155146871 617.68 178.12 631.22 191.91 1.5903798792330932 1.6220543601275825 3.652001829944649 1.79 0.69 77.42 1.6345736773081716 0.7369294
