Van 0.00 0 1.7020779559996466 707.85 78.05 992.44 329.26 2.23121798738142 1.8108204329466058 5.024170717054653 2.89 1.64 10.76 1.9644726677519067 0.8433545
Car 0.26 0 -2.3292159597065787 0.00 178.70 246.44 309.43 1.4935432992695283 1.6118252643109703 3.6785344054327394 -6.92 1.67 9.59 -2.9542820800221072 0.9997403
Car 0.00 2 0.22028572956589265 73.48 172.53 367.54 281.63 1.5644899386732292 1.7433053248287582 4.158689456187286 -6.49 1.71 12.24 -0.2672514247825814 0.99732023
Car 0.00 2 2.598491624989782 157.77 180.02 410.37 263.39 1.4572567496268463 1.689624279058113 4.059174003206291 -6.46 1.69 14.55 2.180649972858548 0.9984658
Car 0.00 2 -0.6319644014027457 306.50 179.40 476.34 238.68 1.4926540985523176 1.704843773758545 4.099410848818817 -6.06 1.75 20.19 -0.9235575099473803 0.77744925
Car 0.00 1 -0.3768744031575064 405.67 177.47 520.59 216.53 1.448485546168537 1.6307902115122819 3.6906450410709764 -5.96 1.72 29.49 -0.5762906890230016 0.61717665
Van 0.00 2 1.444486723342214 391.36 149.55 531.11 217.12 2.190349061985067 1.855811497763319 5.308933285826492 -6.57 1.89 32.14 1.2428465545604186 0.9952916
Car 0.00 0 -1.4865701655533652 653.30 181.71 706.16 221.48 1.5318171143351507 1.6215368129969978 3.648756222926178 2.61 1.77 28.15 -1.3941169029614606 0.97034264
DontCare -1 -1 1.849735097089086 519.98 173.98 561.69 194.85 1.4459545168845367 1.575016781008377 3.571811484299698 -1000 -1000 -1000 2.6351332604865343 0.7036641
DontCare -1 -1 -1.9081273833897452 579.35 172.94 611.68 187.56 1.4739520031778526 1.5708197497488403 3.7002365012989427 -1000 -1000 -1000 -1.122729219992297 0.87247366
DontCare -1 -1 -1.7477183500912528 614.77 173.98 640.85 190.69 1.4860456514923286 1.647002055561676 3.86653486279408 -1000 -1000 -1000 -0.9623201866938045 0.94901174
