Van 0.23 0 -1.6135653304543833 0.00 161.80 126.26 228.81 2.1134165073861695 1.856325189218445 4.6213767210186 -20.20 1.86 26.08 -2.272587870341828 0.99814713
Misc 0.00 0 1.6532097841289382 123.45 176.07 191.21 218.01 1.488486040738077 1.6106915578903103 3.865581695117154 -19.95 1.92 31.83 1.0933406819456053 0.5870483
Car 0.00 0 1.9406902054932456 224.91 184.28 310.72 219.26 1.5227472184976947 1.6219311051727676 3.9120427464471246 -15.98 2.05 33.89 1.5000805446854266 0.9999933
Van 0.00 1 -1.7927614013340811 255.50 170.67 321.64 202.97 2.1858466947567976 1.8778483929192258 5.28250103985672 -20.58 1.84 46.40 -2.2102256094402466 0.7124444
Misc 0.00 1 1.6351624588158469 313.37 177.29 341.82 199.40 1.5707481395272922 1.6539634533883476 3.6510517021046067 -20.27 1.86 51.80 1.2621674580948132 0.9389137
Car 0.00 0 1.970238254466329 427.37 177.96 457.88 197.42 1.418049835023136 1.6267301507951164 3.5880926122293855 -13.29 1.90 57.36 1.7425610411619192 0.99995244
Car 0.00 0 1.6420854339983801 386.10 180.02 426.92 198.86 1.4630641940800857 1.6797378019155407 3.819315994285145 -16.31 2.03 57.98 1.3678680365710436 0.7777637
DontCare -1 -1 1.1936172703888754 662.69 173.98 686.69 191.73 1.4431857619254302 1.6530541696311378 3.8720645337701822 -1000 -1000 -1000 1.9790154337863237 0.91883844
DontCare -1 -1 -2.432809011140142 464.77 175.02 520.02 193.81 1.4869394194154453 1.6208150752545738 3.9412322436795617 -1000 -1000 -1000 -1.6474108477426936 0.91908085
DontCare -1 -1 2.88884432713059 693.94 173.98 765.86 179.23 1.4374689388839912 1.6796963617862606 4.1244403888807675 -1000 -1000 -1000 3.674242490528038 0.8934063
DontCare -1 -1 -2.8875103751805167 754.35 177.10 796.06 190.68 1.4762306701211643 1.5772854231954956 3.6898025592193986 -1000 -1000 -1000 -2.1021122117830684 0.8209529
DontCare -1 -1 2.2474849383023123 602.27 175.02 624.19 184.44 1.4878126274614047 1.6639391288818264 3.7765120362267877 -1000 -1000 -1000 3.0328831016997606 0.52661884
