Car 0.00 0 -1.5819896404307823 575.78 174.60 655.62 247.31 1.3198524717061233 1.6295897711725378 3.302379565440216 0.17 1.36 17.89 -1.5724874110623102 1.0
Car 0.00 0 -1.0985634783890585 74.38 189.59 276.87 275.53 1.4296034354536247 1.6624529094160938 3.3851914574728394 -8.43 1.54 14.42 -1.6275859980676706 0.9909424
Car 0.00 0 -1.0669338862088065 267.97 182.64 439.76 289.19 1.4507673833338928 1.61799124746634 3.284208135806122 -4.26 1.53 12.54 -1.3944150368999935 0.9983242
Car 0.00 0 -1.4160564402726035 434.70 183.74 501.72 228.12 1.4769352156488609 1.600924081421032 3.7321508695707704 -4.72 1.34 24.55 -1.6059994041242707 0.9999958
Car 0.00 1 -1.4767602468517165 483.46 179.40 533.29 213.46 1.5281071056431543 1.72159605405344 4.077977763615646 -4.47 1.18 32.69 -1.6126565162198665 0.9999981
Misc 0.00 1 -1.2977422336724143 500.41 141.16 561.02 204.24 1.56326462736413 1.6472061251015806 3.5899339487181092 -4.67 1.01 45.78 -1.3994002017654623 0.6919548
Misc 0.00 1 -1.6079383427884917 548.97 153.98 575.61 191.05 1.5407255034713458 1.5860629372955704 3.7201354225502397 -5.08 0.56 82.49 -1.6694438903507922 0.9622685
Car 0.00 2 -1.4436834762480597 115.89 185.00 260.27 241.44 1.4878254350094509 1.6454865329624557 3.846013398967781 -12.44 1.49 21.64 -1.965413564071738 0.9976446
Car 0.00 2 -1.2034779349949698 240.86 182.80 323.42 223.28 1.53258023260221 1.5930305675329113 3.5974033047781373 -12.86 1.39 28.56 -1.626564778117905 0.9996762
Van 0.00 1 -1.3245729962971549 402.97 172.29 445.63 201.91 2.1680551427533246 1.8423917019819451 4.937761990183639 -12.21 1.05 48.02 -1.573565539673947 0.99897826
Car 0.00 1 -1.3434786359455924 643.50 180.29 663.60 195.17 1.4495034742920112 1.5954254002036 3.30837328930954 4.79 1.00 74.77 -1.2795029340004427 0.97879547
