Car 0.90 0 2.7172663966801505 863.56 210.05 1241.00 374.00 1.7337324026791763 1.730905301189556 4.914874093733825 3.04 1.68 4.20 3.343793827090826 0.9048201
Car 0.00 0 1.7851057211544852 426.84 192.49 500.36 251.72 1.4671971093682956 1.6064023666740799 3.5030958523378755 -4.28 2.14 21.41 1.587799984352957 0.99999595
Car 0.72 0 -1.0298140803959708 0.00 202.83 335.48 374.00 1.7360421720711898 1.625224760985508 3.9096752909348393 -3.45 1.80 5.29 -1.6077160173582166 0.99972063
Car 0.00 1 -1.6850944320347647 750.96 194.38 971.85 344.61 1.5842510912387084 1.6195866831303978 4.170580553017654 2.95 1.82 9.32 -1.3785481410760712 0.85781735
Car 0.00 1 -1.7409127364542822 681.18 190.79 785.09 268.26 1.5073145389376592 1.5539579384685898 3.057903306685486 2.57 1.90 15.92 -1.5808613744597297 0.9996693
Car 0.00 2 -1.9295757869866232 647.88 185.04 723.62 243.45 1.5044860340474557 1.658699984914198 3.8335883674548055 2.03 1.84 20.55 -1.831111779024297 0.9873969
Car 0.00 2 -2.0152495066311698 632.75 191.35 691.23 234.90 1.5400502592144918 1.6250688017071628 3.566954271994629 1.80 2.11 26.72 -1.9479858635834744 0.9768862
Car 0.00 2 -0.8113911310818533 460.30 192.49 516.98 235.42 1.5776881355611991 1.6509119600714588 3.9828600754366303 -4.53 2.19 27.22 -0.9763015004878846 0.8806432
Car 0.00 2 -1.6179862106826643 491.50 191.46 529.44 221.20 1.4789981771080207 1.6349703252972507 3.710263447962799 -5.15 2.39 37.45 -1.7546457523852548 0.9994733
Car 0.00 2 -1.4547657380488257 750.65 176.12 818.50 209.61 1.5105777721671771 1.6317623241530204 4.3154484500513455 10.99 2.28 45.71 -1.2188153597709737 0.9629141
DontCare -1 -1 1.629021723815475 540.81 183.35 625.23 208.39 1.46821054851696 1.653467900371685 4.14585577150444 -1000 -1000 -1000 2.414419887212923 0.9707159
