Car 0.00 1 -3.0299967090275626 414.12 176.27 513.31 210.78 1.407934785243721 1.62869742444767 3.749665783844986 -6.59 1.66 32.62 -3.22933698915552 0.99861646
Car 0.00 0 -1.4501389349487166 651.59 172.12 704.25 215.68 1.4341303858725738 1.5221380957127952 3.737928750120201 2.68 1.65 29.62 -1.3599052273264312 0.99999356
Car 0.00 0 1.6003636299308877 512.58 180.69 565.21 221.62 1.518399821483196 1.6271589112193727 3.8667674969286705 -2.53 1.64 25.88 1.502914389859578 0.9999958
Car 0.00 2 -1.5718881568780656 228.66 178.30 434.31 247.06 1.5097939673630905 1.7006821923614883 3.552294062577286 -6.48 1.64 17.02 -1.9356716386308777 0.9996959
Car 0.00 2 -1.32680502633122 171.23 180.32 402.55 261.41 1.4158311936824035 1.6643891066969776 3.734820695720711 -6.45 1.67 14.62 -1.7422971222721109 0.99996185
Car 0.00 2 1.4237150559809546 63.84 185.32 366.35 295.97 1.558223586883993 1.6382790256948614 3.4244181384668733 -5.84 1.72 10.83 0.9291681936581853 0.8017056
Car 0.39 1 -2.353299037614141 0.00 179.53 307.09 338.79 1.5171699876716744 1.5575511001707458 3.685961367689171 -5.91 1.68 8.10 -2.983635138034766 0.9987601
Car 0.00 0 -1.843344704308782 725.42 192.90 902.84 300.41 1.502150312420578 1.7293627404333496 3.845922486052015 2.86 1.63 11.14 -1.592039681044717 0.99547535
DontCare -1 -1 -1.8903119722988944 625.19 176.06 647.11 192.77 1.470083516445608 1.6090963625074768 3.735174575947323 -1000 -1000 -1000 -1.104913808901446 0.9090373
DontCare -1 -1 1.638201625147138 596.02 173.98 608.56 186.52 1.516416734904648 1.6175156284780645 4.141733812294998 -1000 -1000 -1000 2.4235997885445864 0.99929404
