Pedestrian 0.00 0 -1.484276690581117 711.67 169.93 755.65 292.44 1.804765955955143 0.7283582966116142 0.7553119106004142 1.87 1.60 10.89 -1.3142180689890608 0.92759603
Pedestrian 0.00 0 1.829116211333547 420.38 170.61 457.78 263.99 1.7949710166457844 0.7177509497192573 1.0197579977819824 -3.40 1.58 14.30 1.5956881896095847 0.99004865
Pedestrian 0.00 1 1.8905322114613394 374.47 172.82 401.69 261.70 1.7990466481450749 0.6849550324764919 1.0141922650644684 -4.43 1.58 14.64 1.5966958109796738 0.8671155
Pedestrian 0.00 0 -1.2829030911114554 849.81 165.88 886.39 256.30 1.7399345854673338 0.6900245416250896 0.708164271504631 4.90 1.38 13.78 -0.9412589676791177 0.9058511
Pedestrian 0.00 0 0.8725502649929862 814.90 163.41 846.17 252.03 1.7623919983770502 0.7172283883479309 0.6169561264822387 4.45 1.39 14.51 1.170128787983772 0.9927085
Pedestrian 0.00 0 1.4932131181147437 649.58 169.39 677.66 239.33 1.743163383975978 0.6998799051430893 0.9470745218703651 1.55 1.56 19.92 1.5708678927296509 0.98600984
Pedestrian 0.00 1 -1.7950503538039069 729.15 173.69 768.43 285.02 1.7399982022497607 0.7315884585765076 1.0585812894413376 2.38 1.57 11.34 -1.5881764048241638 0.9765562
Pedestrian 0.00 1 -1.68129858473805 692.08 174.64 724.92 263.15 1.8166599398854923 0.6751822623696995 0.792757463247528 2.05 1.58 14.43 -1.5401777768244718 0.5853751
Pedestrian 0.00 1 2.6638266603138785 769.85 164.26 800.53 251.90 1.7380848335478258 0.6378516014006805 0.7420540867159271 3.66 1.45 15.27 2.899074397972975 0.6197978
Pedestrian 0.00 1 -1.430953756966863 781.22 162.02 804.79 235.10 1.7493259515058053 0.6970266904023361 0.9914086801717186 4.99 1.34 18.55 -1.1681716966281734 0.9921056
Car 0.00 0 1.7655083994057517 556.94 176.72 601.78 211.27 1.6018140915600967 1.6613267616094494 3.777507575355568 -1.01 1.35 34.99 1.7366510222731846 0.99998415
DontCare -1 -1 -1.7031906406071524 616.94 172.48 639.83 189.14 1.535994133335204 1.6401764836819315 4.103719862304725 -1000 -1000 -1000 -0.9177924772097041 0.64792293
