Pedestrian 0.00 0 1.6362686763193945 933.04 128.45 995.37 284.08 1.85981550946867 0.7041884566930008 1.4072952983686828 4.64 1.41 9.56 2.0881323190138215 0.9949864
Pedestrian 0.00 1 0.9893791834500174 993.77 126.12 1052.43 284.09 1.7587802279185307 0.650959862330265 0.7926976872393989 5.27 1.37 9.28 1.5058521287965796 0.91009957
Car 0.88 0 -2.5480772415783743 899.01 190.33 1241.00 374.00 1.529501226153822 1.6011719249845886 3.931718828283348 2.96 1.52 3.81 -1.8875794280635514 0.99128526
Car 0.00 2 -2.6667552749302725 16.54 202.55 149.35 239.37 1.5230673569074284 1.7012946226359749 3.9697820266113664 -20.54 2.51 28.17 -3.296774699140177 0.923757
Car 0.54 3 1.461078398921762 0.00 207.73 101.25 260.68 1.3813610825507354 1.6437601719708586 3.5590055157766725 -16.80 2.32 19.75 0.7562170117457268 0.9999137
Car 0.00 0 -1.572979987426896 817.01 166.58 915.73 203.14 1.3368530127970886 1.5602041178108597 3.5966899563894654 10.11 1.17 28.69 -1.2341797232676839 0.9923752
Truck 0.00 2 0.39104874531296296 707.07 112.41 894.11 189.50 3.0012794411363792 2.6375640882641362 11.081117275569344 10.82 0.89 41.72 0.6448060236703828 0.97508395
Van 0.00 0 -2.511411444344793 212.61 177.33 352.28 229.90 2.2712760637631035 1.9672968337392045 5.042273761534738 -12.77 2.15 28.22 -2.9363556622826805 0.99794406
DontCare -1 -1 1.8879824439671378 139.77 184.40 220.02 220.90 1.4924777824251365 1.6321183790178442 3.9014943485484506 -1000 -1000 -1000 2.673380607364586 0.7726345
DontCare -1 -1 -0.314218477406774 318.94 177.10 423.15 205.27 1.4101341817347717 1.6141194228739881 3.5309281220064546 -1000 -1000 -1000 0.4711796859906743 0.9738643
