Car 0.59 0 1.3903590003636221 0.00 179.55 204.45 369.18 1.6424159634678077 1.6674887829185867 4.170181946955719 -6.11 1.67 6.90 0.6656088902582381 0.93099254
Car 0.25 3 2.0228318432953696 0.00 168.66 309.10 313.26 1.4737194593815517 1.717845923519268 4.07967119117836 -6.53 1.70 9.53 1.4221048364941686 0.52497625
Car 0.00 2 2.0228933850911 97.65 180.18 327.35 281.44 1.561951049026699 1.4878435426117325 3.15418251057724 -6.69 1.73 12.26 1.5233752348412208 0.93232155
Car 0.00 2 0.3910014192250113 236.52 174.06 433.11 244.22 1.5296076018182945 1.6951239996315384 4.311536179982223 -6.52 1.62 17.20 0.02866751638914844 0.99333465
Car 0.00 1 -1.8918582955983023 331.29 165.60 473.36 231.07 1.4479968104331207 1.6465917669893646 3.9308799152598763 -6.31 1.71 22.06 -2.17045728409639 0.9941267
Car 0.00 0 -1.639043272533689 680.11 183.69 766.68 247.15 1.4703825305967044 1.6318920788080835 3.1134432723150636 2.79 1.75 18.71 -1.4910159119491906 0.9999784
Car 0.26 0 -2.1636703769352774 793.96 191.22 1193.25 374.00 1.559780445304365 1.5501679622293854 3.6100023110733415 2.95 1.74 6.60 -1.7433393088998321 0.97717196
Car 0.00 1 -1.5032787332918982 653.55 175.48 704.80 219.18 1.4808340001671028 1.5494121231795692 3.480682687960663 2.73 1.79 29.53 -1.4110924093721853 0.8705358
Car 0.00 2 -0.8250009576466422 396.66 177.90 509.23 218.87 1.5200242152257275 1.6559727110625648 3.80782609631876 -6.44 1.83 29.75 -1.0381823058240145 0.8775966
DontCare -1 -1 -0.6338614980366568 491.85 171.90 591.89 197.98 1.5125643018452835 1.6416705318452263 4.073813261590995 -1000 -1000 -1000 0.15153666536079147 0.81920856
DontCare -1 -1 -1.3377871821310858 600.19 170.85 656.48 202.14 1.4580769691436004 1.6637107387842083 3.8475820488632704 -1000 -1000 -1000 -0.5523890187336375 0.9056919
