Car 0.00 0 -1.6051741997387747 600.65 174.79 628.08 201.73 1.5581151809363079 1.6727607206167125 3.9590126966462518 0.22 1.80 46.47 -1.6004399979655446 0.9694392
Car 1.00 0 -1.5210008593883853 0.00 187.48 337.99 374.00 1.5705617781548213 1.6888456710339927 2.9041859080419923 -2.66 1.70 2.64 -2.3101725897797687 0.9201103
Cyclist 0.00 0 1.5246464247491698 786.77 138.01 949.24 308.09 1.9761942099202727 0.4486931205897522 2.2262618346537018 2.78 1.38 8.03 1.8579334974604742 0.9458889
Pedestrian 0.00 1 1.1400371948864798 787.44 159.81 822.44 283.65 1.8636920614544106 0.7520423288729858 0.7712629331061744 2.55 1.44 9.54 1.401226670715099 0.99866176
Pedestrian 0.00 1 1.2098152200367789 738.44 170.71 770.11 266.89 1.7364770224693966 0.7131882439640236 0.7894558427641296 2.23 1.47 11.50 1.4013511449594316 0.7763944
Pedestrian 0.00 1 2.198290959992681 167.30 175.74 206.97 301.56 1.7733064735684347 0.6440373863366318 0.8427583170840645 -5.53 1.64 9.37 1.6651222784258808 0.81961477
Car 0.00 1 1.7732357094672064 83.56 199.55 254.53 271.12 1.494444581103177 1.6844633140326881 4.046283291779556 -9.75 1.98 16.23 1.2322727309892616 0.96282864
Car 0.00 1 1.766237766542707 407.53 186.04 455.28 213.06 1.5040255546389532 1.6640634455443764 4.44680877228836 -9.54 2.06 38.68 1.5244248057347833 0.9999995
Cyclist 0.00 2 1.7035468677666525 758.41 147.64 871.57 270.45 1.7748816605080222 0.6197517306714249 2.1574153704965973 2.95 1.36 10.56 1.9759583462625032 0.7546985
DontCare -1 -1 -0.14499421516922517 505.40 177.10 557.52 192.77 1.4688166495232295 1.63843453048779 4.0088317265139 -1000 -1000 -1000 0.6404039482282231 0.88470113
DontCare -1 -1 -1.5039588893440108 694.98 170.85 708.56 191.72 1.5216249263665091 1.5320385538698578 3.834701499097147 -1000 -1000 -1000 -0.7185607259465625 0.9977981
