Car 0.00 1 -2.628489808240209 94.38 170.53 231.97 210.44 1.5117663744656753 1.7103495293022537 4.093929978214302 -19.97 1.58 32.35 -3.181540595552349 0.9541289
Truck 0.00 1 1.0121557871487479 123.41 155.58 199.76 198.83 3.118759879338999 2.6542125577569293 11.283943306121731 -32.44 1.80 52.44 0.4581634666472192 0.96453834
Car 0.00 1 2.9462607661869864 633.32 169.46 706.30 197.44 1.5496837667940568 1.5816026770235443 3.886159615717926 3.29 1.33 40.30 3.027717841028207 0.933483
Pedestrian 0.00 0 2.092033282914434 834.17 162.69 846.06 190.13 1.8146491995457363 0.692093538054533 1.0113987741777801 15.73 1.18 49.56 2.3993696541076743 0.8411368
Car 0.00 0 1.487431147196565 771.57 158.55 811.89 189.66 1.6098199043242645 1.667803074485197 3.843730115458467 13.47 1.22 53.73 1.7330665815412258 0.9984793
Car 0.00 1 -1.4300428787854056 799.34 162.93 839.72 186.93 1.539790718239398 1.62622431597723 3.787082830570736 15.90 1.05 55.00 -1.1486242279749128 0.9983387
Car 0.00 1 -2.28548784653214 834.19 164.40 888.85 185.88 1.5519811048923444 1.64813106811656 3.8750736882315064 18.97 0.96 54.72 -1.9517791443116772 0.89661694
DontCare -1 -1 2.564711765446935 694.98 153.15 1239.81 194.86 1.4716189022926998 1.6796749450923347 4.056826265655555 -1000 -1000 -1000 3.3501099288443834 0.9999448
DontCare -1 -1 1.3442222187903266 473.10 155.23 503.35 192.77 1.588969402369709 1.651758740908041 3.555412845812836 -1000 -1000 -1000 2.129620382187775 0.9984957
DontCare -1 -1 0.24937971035507722 238.52 162.28 354.00 190.66 1.4414748254983138 1.6078791611553573 3.950529234610596 -1000 -1000 -1000 1.0347778737525255 0.82870656
