Pedestrian 0.00 1 1.6819872046497206 1011.84 139.61 1102.17 364.59 1.8028521439436627 0.5157004948046875 0.8829069664487743 3.71 1.42 5.94 2.240283810754762 0.82625157
Pedestrian 0.00 1 0.7679303447392325 1047.64 145.24 1119.17 361.05 1.7511633731800866 0.6548862046834898 0.7699158681342506 4.16 1.42 6.01 1.3733884806988357 0.92652833
Pedestrian 0.00 1 1.6892407769945006 652.63 141.47 672.30 202.34 1.939957627505417 0.6393114756134224 0.9271648308048153 1.63 0.63 20.85 1.7672595504111135 0.96031487
Pedestrian 0.00 1 -1.6503989482906203 282.65 138.09 321.48 259.30 1.7566648050587428 0.6273831333306503 0.4627695498773956 -5.00 1.24 11.61 -2.0570565995730807 0.8574428
Pedestrian 0.00 1 1.4679181883719306 515.19 154.40 545.32 232.70 1.7712828623506975 0.6431444808182192 0.7202676949808502 -1.51 1.01 14.10 1.3612325996132697 0.960272
Pedestrian 0.00 0 1.6396636525776724 552.05 148.82 582.77 232.39 1.7220099395517063 0.6273107285884094 0.7697975082108879 -0.84 1.02 14.46 1.5816375791850987 0.99812704
Pedestrian 0.00 0 2.4620872298863272 833.89 147.72 889.54 270.16 1.710339264423008 0.5934366042998505 0.6090592859098816 3.64 1.20 9.98 2.811823328875925 0.5152738
Pedestrian 0.00 0 -1.7089036116984229 478.89 141.42 506.12 219.49 1.7802808186415386 0.6728921066311073 0.9359229212412739 -2.81 0.93 17.42 -1.8688347831176901 0.7186843
Pedestrian 0.00 1 1.0445701638844351 474.42 141.02 497.98 212.31 1.7598430700044883 0.7239496018078995 0.8490994298616552 -3.27 0.81 18.50 0.8696204526265281 0.80798733
Pedestrian 0.00 1 2.1364188949253897 433.20 140.33 463.23 214.54 1.7901458194855404 0.6591114568796825 0.9047059459397697 -3.79 0.83 17.90 1.9277685846699641 0.99416816
Pedestrian 0.00 1 1.5852358788859586 430.66 139.18 458.90 215.57 1.7532754379235012 0.6722168754127693 0.824795477629652 -3.94 0.82 17.13 1.359161946486934 0.98346937
Pedestrian 0.00 2 2.3053104440358023 598.70 139.99 612.87 193.98 1.8525020866099549 0.6130672375944328 1.0010370356748008 0.01 0.47 25.32 2.3057053887230086 0.9956381
Pedestrian 0.00 1 1.5555417845633368 645.52 145.79 665.18 198.75 1.7599435522597087 0.6873074489918423 0.7692876426288986 1.62 0.63 25.02 1.620199730987318 0.8894606
Van 0.97 3 1.358442143597875 0.00 0.00 268.03 369.00 2.1427287194063283 1.83184241746418 5.799629805439758 -3.16 1.65 3.69 0.6502623996834388 0.9836774
DontCare -1 -1 1.6376498276975493 328.35 135.68 422.93 201.49 1.464872274902315 1.6498124276013517 4.027874635659256 -1000 -1000 -1000 2.4230479910949976 0.90738034
DontCare -1 -1 2.7264948646214346 707.60 125.40 1220.49 166.54 1.5163392931042623 1.6661330491961384 4.114044444762268 -1000 -1000 -1000 3.511893028018883 0.9765954
