Car 0.00 0 -1.786163673796926 750.22 174.66 981.36 346.02 1.6596455130545806 1.65812398425354 3.3413474728689576 2.74 1.67 8.60 -1.477726978788748 0.9999654
Car 0.53 3 1.4438509802010397 0.00 185.85 250.40 362.51 1.4662622924713802 1.6038199730874443 3.4516471495256806 -6.19 1.72 7.38 0.7459224981581797 0.99996316
Car 0.03 3 -1.3331423262741904 0.00 177.19 332.63 305.53 1.5207744449196767 1.5829513736726188 4.650174992285766 -6.08 1.68 10.00 -1.8794234241250698 0.99665904
Car 0.00 2 -1.5069652433183531 88.62 161.02 336.89 284.52 1.56343961915061 1.7060298465849304 3.627373607955971 -6.74 1.78 12.41 -2.004503546512133 0.99963665
Car 0.00 2 1.3093224922802786 176.57 184.14 372.48 258.62 1.4721603434352588 1.6616627157391453 4.190053807698288 -6.91 1.68 15.00 0.8776336542497503 0.69536847
Car 0.00 2 -1.6767860884454588 288.37 183.47 453.23 245.82 1.4464322779147338 1.5899922393919372 3.67133875390152 -5.86 1.71 17.78 -1.995158277316608 0.91626364
Car 0.00 2 -1.156174019971166 332.49 180.85 480.24 239.84 1.4437304217188072 1.6316195179433965 3.563866930209198 -5.60 1.77 19.98 -1.429442607960138 0.7269758
Car 0.00 2 1.4126910279181342 357.19 175.84 472.40 232.17 1.5210110488167417 1.5934674174250507 3.6155639906750108 -6.06 1.78 22.44 1.1489293517034733 0.6433436
Car 0.00 2 -1.353784010806356 358.81 173.38 498.37 224.52 1.5111843183456373 1.7148921184898758 3.7137856205330277 -6.20 1.71 24.80 -1.5987626739332201 0.597897
Car 0.00 2 1.6684773648765425 408.95 177.69 506.97 216.45 1.5558289330272388 1.624442364341154 3.123061256609955 -6.23 1.73 29.72 1.4618461314413462 0.9773557
Car 0.00 2 1.9532755772259573 443.65 166.90 529.31 206.79 1.6043653864233207 1.6880195804597282 4.203408079348602 -6.71 1.79 39.35 1.784379131023202 0.99417925
Cyclist 0.00 0 1.6603763113406043 573.84 175.99 581.57 195.97 1.8032851661909675 0.5807234679519129 1.7335555544520282 -2.63 1.86 58.57 1.6155029207240934 0.857497
Car 0.00 0 1.5415411638703684 670.62 183.69 732.16 233.02 1.5899986404745292 1.6083955273689174 3.6068027188406373 2.72 1.73 22.37 1.662538619294455 0.99996734
Car 0.00 2 -0.9035748402264456 719.91 171.49 832.38 217.68 1.5422296956001234 1.6539040052057647 4.3911000659094235 6.23 1.65 27.49 -0.6807115140549227 0.7026823
Car 0.00 2 1.2899085144188742 680.09 173.80 749.23 204.84 1.52412922017336 1.6500576671869898 3.4590715338812257 6.15 1.85 42.86 1.432426139214794 0.631548
Car 0.00 0 -1.6655501509693007 631.00 178.64 655.87 197.68 1.4500251490442466 1.6556600623489761 3.832395080603757 2.56 1.88 56.27 -1.620086565219652 0.9978725
DontCare -1 -1 -1.6066927398231368 516.85 176.06 565.85 190.69 1.4551476839749526 1.6688393906415844 3.7312111278400804 -1000 -1000 -1000 -0.8212945764256885 0.6590156
DontCare -1 -1 1.6629246259715895 594.98 171.90 636.69 186.53 1.4721794020204257 1.6691100329817676 4.176979320250549 -1000 -1000 -1000 2.448322789369038 0.9872377
