Car 0.00 0 1.8859825591233115 214.00 194.75 445.13 324.03 1.4088756445615005 1.7267436303855324 3.872691023290255 -3.84 1.78 10.65 1.5399283249477453 0.9999833
Car 0.09 1 2.0109105269101004 0.00 203.28 263.58 334.96 1.5342443905590486 1.7198575951815986 3.8671817622483755 -6.80 1.94 10.45 1.4340309351444698 0.9999707
Car 0.00 1 -1.6282421658423285 641.99 176.35 687.68 214.17 1.446456544455738 1.6428859189809704 3.5530897845850373 2.33 1.72 31.91 -1.5553536571030795 0.9999896
Car 0.00 1 1.5442301734027009 399.44 186.74 494.47 249.85 1.5966083783476066 1.5554914020658874 3.493493305645981 -4.09 1.79 18.38 1.3252732091035433 1.0
Car 0.00 1 2.591464833417211 765.10 163.63 915.99 209.28 1.4664287272660446 1.666454746639862 4.2495571543798825 7.84 1.20 24.91 2.8963827764763925 0.97518504
Car 0.00 2 -2.7020115415242056 752.13 153.31 877.61 205.36 1.5021602291433525 1.6825889938236618 4.1827739348040005 7.84 1.21 27.99 -2.4289100777470916 0.7797077
Van 0.00 2 -1.404553429284368 1007.17 135.97 1139.25 181.70 2.175225767784319 1.9217943871473504 4.925528151744651 21.88 0.39 34.26 -0.8362016329048285 0.99627507
DontCare -1 -1 -1.2924476424839835 490.81 179.19 546.06 203.19 1.547929039579482 1.6570951633812332 3.734793709717789 -1000 -1000 -1000 -0.5070494790865352 0.99673706
DontCare -1 -1 1.9992539147522788 685.60 159.40 732.52 185.48 1.521022636332215 1.636166106230154 3.8328507003710652 -1000 -1000 -1000 2.784652078149727 0.9258715
DontCare -1 -1 1.0670249621060233 910.60 150.02 1027.31 179.23 1.4603005688457202 1.6074115291894817 4.008006574712791 -1000 -1000 -1000 1.8524231255034715 0.7805609
DontCare -1 -1 1.5499394229289631 719.98 170.85 817.94 193.81 1.3748899701802444 1.6265202437253141 3.6791293044910813 -1000 -1000 -1000 2.3353375863264114 0.950705
DontCare -1 -1 1.3235889385130744 541.85 175.02 571.06 191.73 1.5413569085119676 1.6007411994696998 3.9437616785393144 -1000 -1000 -1000 2.1089871019105226 0.9368875
DontCare -1 -1 -1.293209628262792 585.60 171.90 602.31 186.53 1.533547584321947 1.6625504412413978 4.0254412760363 -1000 -1000 -1000 -0.5078114648653438 0.9990152
DontCare -1 -1 -1.561277937204812 611.65 172.94 634.61 186.52 1.4794516864983749 1.6240622953237438 4.007964732252159 -1000 -1000 -1000 -0.7758797738073637 0.87482834
