Car 0.00 0 -1.6456682989981513 592.47 173.46 619.64 200.32 1.4989519905118656 1.6795645051361465 3.8741314393804456 -0.31 1.71 46.60 -1.6523205613848115 0.9999776
Car 0.00 0 -1.3674435327437262 262.00 180.24 490.69 343.09 1.503183817845435 1.6581735343397999 3.9726487492547418 -2.76 1.72 9.47 -1.6510348844528049 0.9999999
Car 0.67 1 -1.3460932532933096 0.00 195.43 92.94 284.22 1.6013056862919044 1.648643463170662 3.8944656160996343 -12.34 2.10 14.15 -2.063269782129967 0.9995413
Cyclist 0.00 0 1.6758722449329237 698.39 159.05 777.25 245.02 1.780400696711645 0.5532112267970037 1.9433522327268982 2.62 1.45 15.16 1.847005035571779 0.99406564
Pedestrian 0.00 1 -1.7824735353377203 707.07 167.13 726.68 237.18 1.7550090583417368 0.6872613298979473 0.8298059260258579 2.43 1.47 16.72 -1.638149097872406 0.7289699
Pedestrian 0.00 1 1.2172812978413443 680.18 172.85 698.31 232.14 1.7798608964685154 0.7495969589141083 0.8730620761187875 2.00 1.50 18.51 1.324913437786761 0.78251153
Pedestrian 0.00 2 0.8850934664395194 352.93 174.45 368.53 246.37 1.7979600703719807 0.7022127229061794 1.0566053507635498 -5.64 1.64 16.24 0.5508343665218649 0.6234589
Cyclist 0.00 2 1.469652467468057 695.34 159.61 760.70 231.54 1.755164032371745 0.6263700665145111 2.124168793710556 2.84 1.40 17.68 1.6289253403047115 0.96073127
DontCare -1 -1 -1.682686016955648 228.31 181.27 248.14 219.85 1.5749944079487037 1.5780443914891624 3.9749462624416734 -1000 -1000 -1000 -0.8972878535581996 0.9717167
DontCare -1 -1 -2.32360698381928 516.85 175.02 551.27 191.73 1.4737112413911533 1.581701166248455 3.9571449552998925 -1000 -1000 -1000 -1.5382088204218318 0.8220092
