Pedestrian 0.24 1 1.6258276077595095 265.48 146.14 339.48 373.00 1.7653532991561842 0.6374105754581165 0.7824514476368332 -1.77 1.56 4.74 1.2684448616497823 0.9995648
Pedestrian 0.41 0 1.6227025697615485 134.87 166.59 340.77 373.00 1.7531818700399053 0.6519845648941469 1.16437746265625 -1.94 1.61 3.86 1.1569845703442605 0.7319462
Pedestrian 0.00 0 1.618114915737186 643.67 158.53 675.01 248.52 1.820599587113018 0.6839242073980045 0.46630344966148374 1.00 1.31 14.61 1.6864545970784162 0.9891649
Pedestrian 0.00 0 1.6481631333616118 471.53 165.32 493.86 225.31 1.7699633309993696 0.6731215081450415 0.879871436932137 -3.82 1.30 21.93 1.4757029171094733 0.75732285
Pedestrian 0.00 1 1.0505142966893057 453.11 166.38 473.11 223.17 1.778425143510456 0.6985592673805427 1.079767283589592 -4.49 1.28 22.60 0.8543954405461351 0.9876051
Pedestrian 0.00 1 1.5615382446583848 625.18 160.05 646.18 220.70 1.8043208135667992 0.6487750596639585 0.7633658913681411 0.89 1.22 22.91 1.6003663849077239 0.8855949
Pedestrian 0.00 0 -1.463614852228437 684.22 160.82 710.89 247.84 1.7723113349083615 0.6260131429222298 0.7869258938143158 1.81 1.29 14.38 -1.3384040598589368 0.9822229
Pedestrian 0.00 1 -1.4148675064232688 721.92 156.14 749.92 227.58 1.7711558783802939 0.7702880705979538 0.8798579476559663 3.43 1.16 18.64 -1.232890366595289 0.9512754
Pedestrian 0.00 1 2.1213929216053824 760.81 152.72 780.14 215.06 1.757488989215697 0.6810848358360004 1.0127934632608795 4.84 0.99 21.65 2.341333073952456 0.88190377
Car 0.00 0 1.7519943128016333 550.57 168.79 588.06 197.91 1.5692306164471816 1.6584416211308384 4.206632034979858 -1.78 0.88 41.20 1.7088172803453865 0.99996495
Pedestrian 0.00 2 -1.0636696378376822 292.08 166.00 329.42 260.38 1.7226032106581879 0.6373667232033682 0.858492050857296 -6.00 1.51 14.27 -1.4616907204652345 0.9505157
Pedestrian 0.00 0 1.7304582754757742 718.21 165.00 736.88 237.39 1.8708166344467354 0.6625592260894251 0.9307883089194202 2.74 1.30 17.14 1.8889770064656455 0.89004064
