Van 0.00 0 -2.0751372138645987 731.12 67.75 1121.46 371.81 2.0983049864997483 1.8928315421646071 4.444280801171112 2.92 1.56 8.63 -1.7488743679824106 0.91566175
Car 0.17 1 -1.7970454255726676 0.00 154.75 352.56 307.72 1.5471545330999803 1.6144725599051857 3.596857356034317 -5.99 1.61 9.65 -2.352564955973243 0.71754783
Car 0.00 2 1.555366950170372 700.02 182.29 812.25 261.18 1.512399458680899 1.5658820115686798 3.952404463790455 2.95 1.68 15.43 1.7442733256893574 0.7115227
Van 0.00 2 1.5194746824589114 656.88 142.66 735.81 224.92 2.2105362224509335 1.9053703421806527 4.788430718535232 2.91 1.67 26.07 1.630637081665104 0.8912087
Car 0.00 1 -2.2016825834896903 354.30 176.76 463.02 224.86 1.4678797986178111 1.6263835516483927 3.9603925218210603 -6.94 1.73 24.92 -2.4732916031639345 0.9518253
Car 0.00 2 -0.6302622119572501 382.98 174.67 500.76 221.40 1.5827270936040592 1.6792885579825783 3.9098571484313394 -6.37 1.78 27.46 -0.8582044028615972 0.941617
Van 0.00 2 1.7141282270338873 464.25 157.30 557.11 202.64 2.33676025226017 1.9683540040706826 5.2349175194442745 -6.49 1.90 47.44 1.578167836595116 0.9593517
Car 0.00 1 1.7121484289553504 637.60 177.98 669.12 202.86 1.5133543735189747 1.650535640558734 3.7605098282323266 2.54 1.74 43.53 1.7704329029752544 0.8783444
DontCare -1 -1 0.944892362752233 544.98 171.90 608.56 188.61 1.4950084205536556 1.641201532697811 4.002011062704124 -1000 -1000 -1000 1.7302905261496813 0.78814834
DontCare -1 -1 -1.5900047654893736 614.77 169.81 635.64 189.64 1.585185833629818 1.6030115515650654 3.7847118397579576 -1000 -1000 -1000 -0.8046066020919254 0.9563702
