Car 0.96 0 -1.0203253189709525 0.00 199.28 302.27 369.00 1.4869545366434764 1.6800959177972221 3.4260421862230683 -3.17 1.66 3.35 -1.7781231310010903 0.98491144
Pedestrian 0.00 1 -1.3106807927277426 1052.82 138.53 1136.48 295.61 1.6312906755510521 0.659333785929985 0.5408016262361908 5.32 1.29 8.22 -0.7362750849179548 0.9848587
Pedestrian 0.00 0 -0.9751266996052603 1048.55 130.77 1150.88 306.61 1.7306081833693934 0.657337267817266 0.7251728294203186 5.40 1.30 7.58 -0.35612627617545844 0.89511347
Cyclist 0.00 1 1.3602398047831397 991.41 147.00 1029.10 216.34 1.7123564402927016 0.51951197322299 1.8543471424306297 10.56 0.89 18.51 1.8786874731854921 0.94012326
Pedestrian 0.00 0 1.8772402564671378 455.34 166.47 491.01 275.59 1.8211661367121887 0.6526465489801836 0.8807330388361716 -2.10 1.51 11.50 1.6966216458828702 0.8835474
Pedestrian 0.00 0 -1.6572807739165167 416.25 170.77 464.92 279.31 1.7837164843831015 0.6940756234613132 0.8746715674195567 -2.45 1.48 10.87 -1.8789673296322702 0.8301902
Car 0.00 1 1.6351346532490592 446.87 170.87 481.37 195.64 1.526298315153123 1.6668510467471027 3.761093387507 -8.72 0.88 44.05 1.439704413836909 0.94318426
Car 0.00 0 -1.5567714004453759 649.06 169.14 679.63 192.39 1.5202017094759654 1.600911426609888 3.6603616197929765 4.02 0.76 48.28 -1.4736987345001231 0.9999988
DontCare -1 -1 -2.3278671661999564 877.18 156.24 905.99 196.35 1.5298926945595455 1.6253391273976707 3.839054001622 -1000 -1000 -1000 -1.542469002802508 0.7466812
DontCare -1 -1 -1.8169844458487372 626.40 166.51 642.87 179.90 1.4699222933320713 1.588415044611826 3.724362002812424 -1000 -1000 -1000 -1.031586282451289 0.7767731
