Car 0.00 0 1.9359105388310294 200.45 196.16 460.50 372.42 1.4810885865060996 1.6767429702640915 4.17970644136528 -2.76 1.68 7.84 1.5974187784502982 0.99933076
Car 0.00 0 -2.2193064848568778 699.96 177.12 837.25 272.30 1.5647206906048965 1.5596554868580246 3.880720157303014 2.72 1.59 13.46 -2.0199114989367257 0.56809396
Car 0.00 1 -0.9409486214306693 367.30 181.40 503.49 275.79 1.5697139169840526 1.615062969988718 3.972284698985615 -3.11 1.65 13.44 -1.1683451330917412 0.9964342
Car 0.00 2 -2.24483580986527 679.13 175.25 768.68 237.62 1.4782271947531413 1.5283393331529045 3.5247789194212342 2.81 1.53 18.78 -2.0963104170921083 0.9941256
Car 0.00 2 1.9823540608075003 659.10 176.43 725.16 227.34 1.6190971065132331 1.7037098922492409 3.5242805053816224 2.59 1.67 23.83 2.0906156355922936 0.95798934
Car 0.00 0 -1.51190081337956 503.69 177.08 555.74 221.63 1.471187990513296 1.6459802289219045 3.8686366315336014 -2.89 1.66 26.33 -1.621223923779883 0.98821545
Van 0.00 2 1.790514082708631 653.85 163.33 707.50 215.55 2.182202902168534 1.9300153540527059 5.0740238570772584 2.68 1.58 28.37 1.8847005637087615 0.99906605
Car 0.00 2 1.5852441331979374 534.11 169.70 571.94 200.93 1.533008864503951 1.6705359735251808 3.76018335124115 -2.87 1.36 36.64 1.5070740500556317 0.67931837
Car 0.00 1 -1.5301237712290625 634.90 167.36 662.04 190.98 1.4876162003545474 1.673317081546917 4.114427315197982 2.44 1.14 46.87 -1.4781118373654676 0.9999808
DontCare -1 -1 -1.4210586259749274 571.02 166.69 607.52 181.31 1.4993396945117425 1.6259952087612295 4.112427787982025 -1000 -1000 -1000 -0.6356604625774791 0.6697315
DontCare -1 -1 -2.0354147712376456 617.90 163.56 635.65 179.23 1.4324074018566322 1.5796164565445328 3.675991820298233 -1000 -1000 -1000 -1.2500166078401973 0.86317194
