Car 0.00 0 -1.540010149651442 574.54 174.28 656.21 248.65 1.380679279920311 1.646440170025959 3.322107272349396 0.16 1.36 17.53 -1.5308831925928614 1.0
Car 0.00 1 -1.1124674240734915 0.00 190.86 242.96 289.32 1.5546261373727035 1.6098568507195854 3.798930866770544 -8.43 1.55 12.90 -1.6912910197609432 0.99995244
Car 0.00 0 -1.0114175836232047 200.90 183.31 416.57 311.99 1.4452975172369193 1.6450784162343883 3.3465819527731324 -4.23 1.55 10.72 -1.3872510975512737 0.9999999
Car 0.00 0 -1.4755924950030188 421.95 184.38 495.23 232.42 1.5038657024322462 1.602475910699501 3.898929430298605 -4.69 1.37 22.86 -1.6779464140837417 0.9999788
Car 0.00 1 -0.6738705794003348 339.36 181.23 418.09 225.54 1.5831465687422466 1.6647667281986618 4.055457489691772 -8.38 1.36 26.55 -0.9796052365037333 0.9511639
Car 0.00 1 -1.4780822480705123 476.70 179.23 529.96 215.24 1.5665141906408977 1.688131287014618 4.132439123593368 -4.46 1.19 31.04 -1.6207910640188747 0.99996316
Misc 0.00 1 -1.3989002714541297 495.92 139.64 559.68 205.67 1.5464251976279926 1.5816705518127823 3.718844549857178 -4.64 1.03 43.99 -1.5039902052467569 0.97780764
Misc 0.00 1 -1.6037721718337874 548.14 153.71 575.55 191.75 1.4796344268886756 1.610230095005169 3.6430566032753373 -5.00 0.62 80.56 -1.6657582018635653 0.90000254
Car 0.00 2 -1.5478777951237301 71.44 185.21 235.85 246.99 1.4374315369693946 1.6482570425332927 4.111729042731323 -12.40 1.50 19.98 -2.1033216936047845 0.99905974
Car 0.00 2 -1.9197912673142294 218.69 182.50 308.51 225.38 1.4842545989720535 1.591573185539379 3.5838976373300935 -12.86 1.39 27.03 -2.363865763556776 0.990637
Van 0.00 1 -1.4190798411753516 396.41 171.89 441.10 202.61 2.1358096185257054 1.8394915634845925 4.802235541695404 -12.15 1.05 46.37 -1.675341737436996 0.99999917
Car 0.00 1 -1.2821183959629874 649.97 180.61 670.34 195.43 1.5620826151041698 1.621607662430539 3.93997794588665 5.50 1.03 75.12 -1.209032617155271 0.8762785
