Pedestrian 0.17 0 -1.3709116588023047 874.55 149.71 987.55 373.00 1.7488062302026701 0.7265298198250008 0.9844513950655365 2.23 1.55 5.26 -0.9699270004176053 0.5344437
Pedestrian 0.00 2 -2.1148106614735465 362.77 156.88 402.77 259.21 1.7581704286303175 0.6601633615133238 0.7054199991533661 -4.30 1.43 13.88 -2.4152322784055507 0.96786547
Pedestrian 0.00 0 -1.4465984414008002 813.78 162.62 884.78 354.88 1.7845816905054999 0.6700479275819731 0.9612635267684364 2.24 1.52 6.80 -1.1283814412020194 0.9673931
Pedestrian 0.00 0 -1.5432757093247513 637.91 161.22 702.16 333.85 1.7664919248226834 0.6733432430115414 0.822501916975727 0.61 1.51 7.67 -1.4639121173186564 0.6449359
Pedestrian 0.00 0 1.6338744992997984 496.18 163.05 553.18 304.54 1.6954798078540516 0.6950698512879085 0.4530884740660095 -1.14 1.49 9.31 1.5120320622798813 0.7408914
Pedestrian 0.00 0 -1.1875875751164298 713.67 156.89 775.00 295.22 1.7200419022146416 0.6784363332477283 1.038568478615036 1.84 1.48 9.96 -1.004908226258064 0.98603684
Pedestrian 0.00 0 -1.478008241453443 577.96 157.81 626.30 275.12 1.7672954177859974 0.6795688103225899 0.8099050787994766 -0.14 1.46 11.70 -1.4899734823773758 0.65322435
Pedestrian 0.00 1 1.6132856021311621 653.09 169.88 703.09 313.73 1.7766163083169413 0.6674847583559227 0.8117734757969284 0.94 1.50 8.69 1.7210369565631551 0.9706935
Pedestrian 0.00 2 1.2955410639431815 632.91 153.57 680.91 261.04 1.7895424193147373 0.6851830388692093 1.070733707935562 0.70 1.36 12.84 1.3500042835610202 0.98550344
Pedestrian 0.00 2 -1.4235735992577414 652.63 160.13 734.49 292.36 1.740635320023055 0.7097458522108269 0.7775072721550369 1.23 1.44 9.91 -1.3000880617021742 0.6729143
Car 0.00 1 1.8978944579747061 462.86 170.37 550.55 236.06 1.4780082929699134 1.6461279590339803 3.879195287950435 -2.46 1.30 19.40 1.7717634916810239 0.7771223
