Car 0.99 0 1.1867338875916342 868.43 169.99 1241.00 374.00 1.364024758693428 1.6540812917710686 3.537762569390335 2.87 1.50 3.06 1.9401025362278315 0.7775965
Car 0.00 1 -2.1310183564808707 747.51 175.13 960.68 304.09 1.4847204651503276 1.6946501203538322 3.7982597594485665 3.01 1.46 9.84 -1.834162750080175 0.9941392
Car 0.00 1 -1.5665116729822497 704.20 177.07 793.87 248.63 1.479275096562357 1.6765735366107368 3.343257742129364 2.93 1.52 15.94 -1.384726608263043 0.9958395
Car 0.00 0 1.7345764944937567 345.36 192.35 440.68 254.59 1.5330517723976087 1.714958048677578 3.95441045065979 -6.05 2.12 20.36 1.4457352521123237 0.99999964
Car 0.00 1 1.6107337000456194 487.16 186.53 521.16 212.02 1.4917945958493661 1.648749559438362 3.730633871756592 -6.32 2.26 43.18 1.4654015691865068 0.9999883
Car 0.00 1 -1.2666624645378928 639.08 177.24 670.03 201.92 1.4634671512810897 1.684959619557991 4.253963159524002 2.82 1.81 46.66 -1.2062986838089538 0.9964316
Car 0.00 2 1.5274526449528079 501.46 185.93 532.40 207.65 1.5277043961739551 1.6102317490340614 3.623746337495842 -6.27 2.27 48.75 1.3995394853934489 0.73420244
DontCare -1 -1 -1.0453627268460135 525.19 178.15 555.44 199.03 1.4819159176020336 1.5870503776432419 3.745693953834572 -1000 -1000 -1000 -0.2599645634485652 0.6035771
DontCare -1 -1 -1.4100366393711905 550.19 177.10 576.27 191.72 1.4549150768487167 1.6492294923128032 3.813335375987091 -1000 -1000 -1000 -0.6246384759737422 0.95066404
DontCare -1 -1 -1.6845044429090361 575.19 178.15 607.52 193.82 1.4623044695524883 1.6314560168148422 3.5784733464346314 -1000 -1000 -1000 -0.8991062795115878 0.7496358
DontCare -1 -1 1.5083911950376372 611.65 172.94 633.57 186.52 1.4729677181510639 1.7001469724537277 3.959149995945492 -1000 -1000 -1000 2.2937893584350855 0.9482315
DontCare -1 -1 -1.8357244888928275 660.60 168.77 692.93 184.44 1.4977501708833885 1.6377684802473926 3.8031570968554402 -1000 -1000 -1000 -1.0503263254953792 0.9976152
