Pedestrian 0.00 0 -1.629853637018476 585.95 172.73 612.95 222.85 1.816278447807188 0.6191106419351768 0.9208892179438972 -0.38 1.33 23.81 -1.6458119629943002 0.99928844
Tram 0.00 2 0.3632241050389151 314.09 130.00 467.11 213.65 3.592378602032385 2.345425403026991 18.80795151283653 -10.00 1.38 34.13 0.07820406518686751 0.8214316
Tram 0.00 2 2.0596410493042807 457.37 129.26 532.45 206.26 3.602421559993944 2.3518229409140874 18.07514906217964 -5.35 1.16 35.91 1.9117453131479338 0.9986072
Tram 0.00 2 2.0741918245938162 519.27 124.51 756.75 199.61 3.6014902374193287 2.428766424117737 19.266209158205108 2.15 0.82 38.76 2.129604594732646 0.99994636
Person_sitting 0.50 1 2.144520358243261 1074.95 224.57 1237.00 373.00 1.5354314766643953 1.5003533505560303 3.878990905486145 3.44 1.48 4.37 2.8113985026635406 0.9010789
Person_sitting 0.10 3 1.0078231851246695 983.96 210.76 1086.10 373.00 1.5911613333790016 1.6153894358040237 3.958577515684166 3.36 1.51 5.68 1.5420057600300539 0.9884162
Person_sitting 0.00 2 1.626032036789928 779.92 201.34 848.76 301.52 1.4882011044590187 1.6881430365802192 3.8906663638875867 2.74 1.51 9.44 1.9085239574285242 0.5574083
Person_sitting 0.00 2 -1.2664792100575308 821.52 199.13 892.35 299.19 1.5682321827678394 1.7029781036735916 4.037548022471466 3.32 1.47 9.44 -0.9282952425993848 0.9472822
Person_sitting 0.00 1 -1.6659048060562949 751.27 204.28 816.41 288.60 1.508343547937126 1.6359691445441389 3.73072558840374 2.63 1.50 10.55 -1.4215953375652055 0.74315125
Person_sitting 0.00 2 -1.9409117261555533 805.66 194.96 854.16 284.48 1.531224040669055 1.6235380426706219 3.5656873156652833 3.34 1.46 10.60 -1.635665080099992 0.9497657
