Car 0.33 0 1.2793653766301016 782.05 191.30 1237.44 374.00 1.5607504103152465 1.708723939275875 4.170745002232589 2.75 1.69 6.19 1.6974398036471197 0.9788327
Car 0.47 0 2.037031308808599 0.00 199.92 408.87 374.00 1.566958841290922 1.5954583354951286 4.449792044364013 -3.12 1.77 6.10 1.564245572976108 0.6087743
Car 0.00 2 -0.8479184667256217 716.50 185.92 888.29 298.22 1.5032707046537113 1.5495344542623901 4.005723850928344 2.79 1.67 11.46 -0.6091087568044327 0.99483806
Car 0.00 2 -2.2923921505596976 677.82 176.28 781.48 252.50 1.526720013358296 1.6481006418080473 3.861955375537374 2.57 1.63 16.54 -2.138243913403259 0.990815
Car 0.00 0 -1.4409131417658667 458.33 183.04 536.69 247.20 1.5112909063516569 1.6529757224680328 3.6819541325197602 -2.90 1.77 19.07 -1.5918282083706 0.9990422
Van 0.00 2 1.566334490259413 667.58 165.42 743.52 237.12 2.2449861238827324 1.8878337020134164 4.9164917299688335 2.67 1.73 21.17 1.6917939428817672 0.656311
Car 0.00 1 1.4548172364619116 514.28 177.32 561.78 216.17 1.5409010559140157 1.6191413954557323 3.861778086643764 -2.95 1.68 29.90 1.3564733058320342 0.99999833
Car 0.00 0 -1.5921809999879937 638.16 173.27 670.84 201.44 1.5415429942129564 1.6603375703753376 3.8812712432221557 2.37 1.51 39.60 -1.5324038178867598 0.9979
Car 0.00 0 1.5949112820115428 558.84 171.88 581.27 192.13 1.6289860162703704 1.6185178731293821 3.5313375463114167 -3.13 1.47 56.82 1.5398806631522544 0.9986035
DontCare -1 -1 1.9925785223629813 574.15 167.73 641.90 185.48 1.3870324943034362 1.7386055581928634 3.8617686886676634 -1000 -1000 -1000 2.7779766857604296 0.99406576
