Car 0.97 0 0.943893508115087 910.45 180.63 1241.00 374.00 1.6162862259714317 1.6440474123419666 4.048300104342498 2.90 1.56 3.06 1.7024524802533199 0.9897277
Car 0.96 0 1.2470663944866995 0.00 226.96 94.33 374.00 1.6055219847528648 1.5297439538599396 4.243282513819732 -6.06 1.90 5.31 0.39580059259288203 0.95049405
Car 0.00 0 1.9649961153653006 171.76 178.21 365.88 289.85 1.4525486308901023 1.7269581326009178 4.120861755810775 -6.10 1.85 13.39 1.5375249304424337 0.9999993
Car 0.00 0 1.498831764855657 515.71 179.13 558.67 207.36 1.4781333435146522 1.6274125252576017 3.7544191052542115 -3.86 1.76 38.61 1.399188756020249 0.99920005
Car 0.00 1 1.761663601794515 320.27 181.03 428.37 246.78 1.4778670932917308 1.6071314283372307 3.5409405102358247 -6.39 1.85 19.88 1.4506653211889742 0.9999294
Car 0.00 1 1.402205885448728 424.52 184.82 482.67 221.51 1.4159783426491928 1.6988521360517883 3.8160631266758824 -6.64 1.96 30.82 1.190004887636896 0.9998791
Car 0.00 1 -1.5835666256633143 632.10 174.08 657.73 196.42 1.5158829562185716 1.6698861376108074 3.877657191954651 2.49 1.66 52.58 -1.5362455697838044 0.99913114
Car 0.00 1 -2.811167554059301 698.39 166.16 777.39 190.80 1.4933115955261898 1.713058508253231 3.984365644060173 7.98 1.09 45.43 -2.637286563677168 0.96524596
Van 0.00 2 -0.30562670628098054 862.35 150.44 938.56 178.72 2.169294988282523 1.8226401532148553 5.1438792029560085 22.06 0.42 54.95 0.07613409987829267 0.9970657
DontCare -1 -1 -1.7526770393040518 1033.50 151.06 1239.98 200.06 1.4325761351554107 1.607476338064804 3.7419223581777 -1000 -1000 -1000 -0.9672788759066036 0.99996614
DontCare -1 -1 -1.6297232220557074 583.52 170.85 596.06 183.39 1.4941615707992029 1.6306866465793395 3.8013901879415894 -1000 -1000 -1000 -0.8443250586582591 0.9536297
DontCare -1 -1 1.7203145186093192 487.69 178.15 522.11 204.23 1.4892162088124465 1.622817454180255 3.7427905594334985 -1000 -1000 -1000 2.5057126820067674 0.8715518
DontCare -1 -1 1.0127144614842276 784.56 156.27 851.27 178.19 1.399500251170845 1.7359273501397514 3.9659105112181092 -1000 -1000 -1000 1.798112624881676 0.8404165
DontCare -1 -1 -1.0091721574452261 660.60 165.65 716.89 186.53 1.478109076973648 1.636420532381668 3.8963779156432534 -1000 -1000 -1000 -0.22377399404777787 0.64643925
