Car 0.36 0 -2.0249397913601737 0.00 193.71 271.40 340.70 1.4261871728865814 1.5178370916010284 4.083254085980453 -5.94 1.69 8.00 -2.6636235949851965 0.8787937
Car 0.00 2 1.4029114107277731 44.90 185.45 363.82 306.15 1.4871205765573692 1.6931011073948288 3.6018026938066865 -5.62 1.73 10.21 0.8997298793857849 0.9287432
Car 0.00 2 1.40161191026238 159.41 178.02 379.09 280.26 1.624240883049221 1.7322852902771377 3.669909270607033 -5.93 1.77 12.67 0.9638619317809451 0.9635083
Car 0.00 2 1.897759930291448 191.57 179.05 433.75 265.26 1.501797382142992 1.6845120110274696 4.147407012187042 -6.10 1.81 15.00 1.5115196710641676 0.7277929
Car 0.00 2 1.846757517257009 251.12 178.23 412.34 247.93 1.5320472348301124 1.6864145987392807 3.3915336598978425 -6.70 1.73 17.47 1.4805429709692528 0.9295788
Car 0.00 2 1.396771670379911 306.42 181.88 459.77 240.82 1.565587796625347 1.6388672508956337 3.18684829970459 -6.20 1.78 19.90 1.0947454165621178 0.79155594
Car 0.00 2 -1.6418616558101515 315.04 178.71 471.27 232.19 1.5204177302128088 1.693684025919571 3.558286445342102 -6.70 1.77 22.42 -1.932254185442189 0.6246497
Car 0.00 2 -1.8507990698006491 377.17 175.00 490.84 221.90 1.5854131582944107 1.6672866896451854 3.896563051395216 -6.53 1.76 26.93 -2.0886881361738032 0.9013002
Car 0.00 2 1.6068369383600096 389.88 165.55 506.56 219.18 1.4743577915994834 1.6928998523117447 4.170392083130874 -6.57 1.82 29.50 1.3877014406967783 0.89655596
Cyclist 0.00 0 1.2825269560006003 561.93 178.24 572.44 204.36 1.7379559437167202 0.5751305368899298 1.6235640747869873 -2.69 1.93 44.99 1.222806989326798 0.90180326
Car 0.00 0 -1.6999920020487647 717.36 188.74 849.07 284.36 1.5132723025797319 1.5121234201551819 3.1941261460409547 2.81 1.69 12.53 -1.4793803269692747 0.5841412
Car 0.00 1 -0.4343244592335562 783.11 174.65 968.73 247.60 1.4941328711627435 1.6881029226542854 3.952259102963009 6.35 1.74 17.65 -0.08896952070372627 0.95985854
Car 0.00 2 -1.4003246883538107 700.51 172.44 791.46 212.83 1.5523134827433538 1.5478447370888138 3.9549348299727822 6.16 1.78 33.13 -1.216489789558751 0.5726303
Car 0.00 0 -1.715079397955213 636.81 179.31 667.59 202.55 1.4261355478136253 1.6616613969863796 3.939239444337883 2.65 1.84 46.48 -1.658127284134722 0.99646336
DontCare -1 -1 1.0549178282406668 503.31 179.19 558.56 201.11 1.4845799322991085 1.6328829315216684 4.164601044856109 -1000 -1000 -1000 1.840315991638115 0.90774417
DontCare -1 -1 1.7773489962008338 585.60 170.85 639.81 190.68 1.480198551323862 1.6804326989413643 4.108568059407272 -1000 -1000 -1000 2.562747159598282 0.91785145
