Car 0.96 0 -1.1669993559506278 0.00 199.09 302.11 369.00 1.4952503222791862 1.7614893012405777 3.7850918789730454 -3.17 1.66 3.35 -1.9247971679807656 0.88499486
Pedestrian 0.00 1 0.609911517300878 809.14 154.92 858.81 306.81 1.7319949208203507 0.6723981405881119 0.5563599882433319 2.71 1.46 8.50 0.9185469073765682 0.72902054
Pedestrian 0.00 0 2.1759692589428763 827.26 147.70 901.26 316.88 1.8445840714875412 0.6971150021341515 0.6993528125593567 2.90 1.46 7.88 2.528606747125573 0.9498075
Cyclist 0.00 1 -1.6624771441009383 989.42 148.38 1025.90 217.85 1.6889108117092704 0.5457893439738941 1.8525488702977562 10.48 0.92 18.47 -1.146368226286136 0.9593402
Pedestrian 0.00 0 1.0245788852360587 294.91 167.45 352.57 275.37 1.7583835543509376 0.648151783206768 0.707631018550148 -4.71 1.52 11.63 0.6397806889816826 0.83180887
Pedestrian 0.00 0 0.8110622326519827 265.73 170.99 304.07 278.00 1.7785989972207499 0.6506374123779011 0.7639496220061683 -4.98 1.48 11.00 0.385942620493315 0.8759696
Cyclist 0.87 1 1.5515847849336009 1203.91 131.02 1223.00 236.01 1.691094629036293 0.5887482331304741 2.083940099033203 10.84 0.89 11.50 2.3074481192580545 0.7786753
Car 0.00 0 1.6596900979664664 446.72 171.19 481.17 195.96 1.6766481254069519 1.6957753889919662 4.079909997187652 -8.73 0.90 44.06 1.4640846946988222 0.99693775
Car 0.00 1 -2.3364468375828604 725.48 165.61 819.08 199.29 1.434792787191124 1.6665881604613209 3.9342039843426133 7.86 0.84 33.49 -2.105922110703059 0.9985788
DontCare -1 -1 -1.6247739727285246 628.46 165.49 667.54 178.88 1.4735958803264808 1.614878653800621 3.9709811975584413 -1000 -1000 -1000 -0.8393758093310764 0.76817405
