Pedestrian 0.00 0 1.3602135638382773 721.52 178.49 732.86 212.89 1.7774901142719937 0.6971112880197239 0.4862983939955139 5.95 2.04 37.07 1.5193632765656264 0.99663574
Misc 0.00 0 1.2795483926918845 19.13 190.08 97.91 234.02 1.5029477461992216 1.6005338498116874 3.8052250204012776 -20.91 2.21 27.41 0.6278673886045418 0.99920124
Car 0.00 0 2.0038418332722525 123.67 188.64 245.16 243.26 1.425469324347229 1.6091335930587196 3.5224350859747315 -13.95 2.15 23.85 1.4745950524404077 0.9999354
Car 0.00 2 1.6709310496833663 90.58 187.65 206.03 237.76 1.4535914812056732 1.675982422447338 4.19143904944519 -16.83 2.22 26.48 1.104764055572229 0.997644
Car 0.00 0 1.742784352102552 365.92 184.20 414.38 210.56 1.536695849504919 1.6865852170349502 3.8817370814607526 -14.04 2.33 46.22 1.4478773809593979 0.99999654
DontCare -1 -1 2.019166783490453 663.73 175.02 677.31 195.90 1.4953147474496078 1.6323282600106144 3.9084102792070294 -1000 -1000 -1000 2.8045649468879015 0.83583385
DontCare -1 -1 1.7361580292370657 694.98 176.06 705.44 201.10 1.5179267217224848 1.6517230004729175 3.772094594441452 -1000 -1000 -1000 2.521556192634514 0.5271901
DontCare -1 -1 -0.3657492836329599 735.60 176.06 906.48 195.89 1.3846172693936538 1.7544514828087234 4.069291876755752 -1000 -1000 -1000 0.4196488797644884 0.959908
DontCare -1 -1 2.0454554120686392 853.31 193.77 990.85 239.65 1.4273238930670928 1.6945519068004036 3.8625971978866542 -1000 -1000 -1000 2.8308535754660875 0.5430937
DontCare -1 -1 1.3260120610382895 588.73 179.19 610.65 187.56 1.5151706136582803 1.6812991679371738 3.9626691584811593 -1000 -1000 -1000 2.111410224435738 0.63424176
