Van 1.00 0 -0.23049552837875886 894.69 0.00 900.20 374.00 2.243564798973999 1.7403971949671937 5.287793917411613 3.00 1.55 1.61 0.8477519092012844 0.8448319
Car 0.00 1 -1.7414677600052695 743.78 146.64 1000.97 337.86 1.5223323385050904 1.650297654113307 3.4301855733023072 2.82 1.56 8.94 -1.435910122126149 0.9999931
Car 0.00 1 0.8933139006283621 698.78 174.39 829.49 266.10 1.5354870617209386 1.6441658095182323 3.6465440710411454 2.81 1.59 14.15 1.0893500268404235 0.99729174
Car 0.00 1 -1.7637141058829169 640.58 176.94 713.15 226.65 1.4942942451505374 1.658759649163618 3.58432845970253 2.02 1.60 23.03 -1.6762263247451787 0.9992405
Car 0.70 0 -1.3696950385954718 0.00 199.09 49.22 268.37 1.5485487937746953 1.6555559106828117 4.051967935763397 -14.94 2.15 17.10 -2.087779326200215 0.7740304
Misc 0.00 0 1.5465679290380816 110.11 202.37 167.54 263.80 1.6151357818214607 1.692328236317768 3.703265236817398 -10.98 2.00 16.80 0.9676861339245422 0.67373234
Cyclist 0.00 0 1.4305063197996954 471.78 176.23 490.10 220.59 1.7677264172006701 0.6705203593878937 1.8025253964985275 -5.31 1.90 29.58 1.2528849591571822 0.99999905
Car 0.00 0 -1.5885736207154135 412.07 186.50 466.85 228.83 1.5230320048338186 1.6505252116085434 4.216920869551696 -6.01 1.85 25.56 -1.8195116361330128 0.94522005
Car 0.00 1 1.9227118949082236 602.53 173.52 662.73 217.49 1.5022906105785083 1.6553152867318535 4.056384863458671 0.84 1.74 29.93 1.9507700157284602 0.8336204
Car 0.00 0 -1.664621421196733 564.04 178.95 604.32 206.07 1.5634950775472831 1.6623091392876053 4.046364607416191 -1.57 1.86 42.00 -1.701984976915557 0.9998461
Cyclist 0.00 0 -1.8596023778107504 493.66 175.99 510.46 216.17 1.774244918989048 0.5892476828007889 1.7081037639106178 -4.76 1.84 31.55 -2.009344668382699 0.68549067
DontCare -1 -1 -1.6172129037466387 526.23 178.15 565.86 200.07 1.5137321933923673 1.6428606335730696 3.6655572821722413 -1000 -1000 -1000 -0.8318147403491905 0.97756356
