Car 0.54 0 -0.83413823048142 0.00 197.64 438.65 374.00 1.5169591553328943 1.6400457036407137 4.130450921259918 -2.72 1.78 5.83 -1.2706714847642016 0.6519438
Car 1.00 0 -2.070839242139135 951.33 223.70 1241.00 374.00 1.5034452531306457 1.6102858104468727 3.5059601237402345 2.44 1.74 1.49 -1.0482606978434008 0.6064237
Car 0.16 1 1.2596267322686057 781.42 187.32 1108.26 374.00 1.5017075579433155 1.5223654725314522 3.8925543931649114 2.79 1.71 6.91 1.6433725697660986 0.9902086
Cyclist 0.00 1 1.8384936908867697 773.85 186.43 802.10 250.53 1.7305787047725474 0.5008704454808426 1.7554515889311695 4.13 1.76 16.96 2.0773587717128232 0.8955981
Car 0.00 0 1.6063590245929102 476.44 189.15 542.64 246.09 1.5223428456863772 1.636359784072771 3.471710311375656 -2.87 1.96 20.91 1.4699564201919628 0.9999908
Car 0.00 0 -1.7361685196545462 661.02 180.41 733.47 240.97 1.4968767914740753 1.6486022055806064 3.408470796547928 2.48 1.87 21.52 -1.6214330176655238 0.99999845
Car 0.00 0 1.5455132434752326 543.75 185.88 575.42 212.56 1.5403429589985322 1.663551817900076 3.7032113691196824 -3.16 2.40 45.51 1.4761892213489884 0.99999976
Van 0.00 2 -1.9710376719620566 637.19 176.88 672.78 210.67 2.1703880070825434 1.9047071864908172 5.035422431135225 2.76 2.28 45.52 -1.9104791213511325 0.70998704
DontCare -1 -1 -1.2222494641926627 581.44 184.40 599.19 196.94 1.4507656175462913 1.62500610879673 3.78273053666214 -1000 -1000 -1000 -0.4368513007952144 0.700958
DontCare -1 -1 2.220252231755529 611.65 181.27 628.36 189.65 1.4967863749532413 1.5944172882200622 3.976652534805336 -1000 -1000 -1000 3.005650395152977 0.73877203
