Car 0.31 0 -2.197011903920446 0.00 184.61 263.35 312.32 1.4917307033954572 1.655426728791132 3.819013515614071 -6.68 1.64 9.25 -2.8224574715142388 0.99979824
Car 0.00 2 -0.34315796295670076 50.62 185.16 371.13 290.18 1.581986081209631 1.6621131294132614 3.331500010691681 -6.18 1.71 11.43 -0.8388194240031575 0.8853837
Car 0.00 2 -1.8692153553154807 138.12 181.10 389.31 266.99 1.5699309561221313 1.639089777386322 3.78215338488678 -6.57 1.70 13.87 -2.3115895782922258 0.99799335
Car 0.58 0 -1.9048937122013907 839.80 184.45 1241.00 374.00 1.5117676289571833 1.693241528487339 3.2066217233763123 3.08 1.72 5.41 -1.387341539621521 0.9999877
Car 0.00 0 -1.8514453629639487 688.19 190.49 775.29 251.39 1.523925837018193 1.5942811959148788 3.5062756707296754 3.06 1.89 18.96 -1.6914327472182555 0.99971455
Car 0.00 2 -0.844774798550878 270.05 183.20 443.02 253.68 1.5685167539684486 1.6611765057505512 3.994312899313965 -5.70 1.74 16.33 -1.1806037791215864 0.9421374
Van 0.00 2 -0.9039293686535697 317.59 177.10 459.74 246.74 2.148924108140669 1.9206432053899003 4.811451105231094 -5.70 1.83 18.70 -1.1997957376864985 0.99790525
Car 0.00 2 -1.5718321278134848 364.11 180.17 477.16 233.00 1.5397505931375932 1.6879695349098587 3.681898074351349 -6.16 1.88 23.58 -1.8273597626809004 0.9983771
Car 0.00 1 -1.0674254457142691 734.11 185.80 854.07 224.97 1.614807494339199 1.725043691015377 4.305266069375076 6.58 1.83 26.20 -0.8213693902946322 0.6106887
Car 0.00 2 1.6884533176806311 413.06 163.91 510.93 215.12 1.4898292202322196 1.7037608765722656 4.110193001233139 -6.69 1.86 32.72 1.4867709792272703 0.9998641
Van 0.00 0 1.4753151247885565 636.22 165.74 673.36 204.75 2.1673885244061566 1.8777768859719468 5.371402947062301 2.80 1.95 46.60 1.535328808476097 0.72506815
Car 0.00 2 1.6887170607831816 458.96 181.15 536.48 207.27 1.5489004425524187 1.6749840371967697 4.289737241469421 -6.60 1.97 42.48 1.534582164720145 0.68578166
Car 0.00 2 1.7069550762560706 482.29 177.18 551.26 205.91 1.4866658415465068 1.5688732930184746 4.503476278983154 -6.14 2.11 47.50 1.5784047367683745 0.65036017
Van 0.00 2 1.3834690759566168 627.63 166.76 653.74 197.61 2.2012399188359595 1.9297384345983697 5.308413846248436 2.66 2.11 64.01 1.4250011865391818 0.92774385
DontCare -1 -1 1.1010176400330405 533.52 173.98 608.56 194.85 1.5357520714221906 1.623621695926919 3.991134004794159 -1000 -1000 -1000 1.8864158034304888 0.9248587
DontCare -1 -1 1.8245146135475974 608.52 172.94 629.39 193.81 1.5183036412397783 1.6725379892350578 3.807848176114359 -1000 -1000 -1000 2.6099127769450456 0.7858953
