Car 0.15 0 -2.035027132430349 775.48 183.28 1161.59 374.00 1.6046368855802726 1.7182712250114822 3.9810673912392045 2.82 1.60 6.70 -1.6366381446571707 0.999746
Car 0.00 0 -1.4004586050894599 286.15 199.93 446.08 296.64 1.5059105515299749 1.6273377717198276 3.6164943297729875 -4.24 1.94 12.99 -1.7159606872323563 0.99997973
Car 0.00 0 -1.6940208981421332 679.28 180.45 771.50 250.22 1.5306135419575881 1.6316839971305275 3.9085360971615697 2.59 1.66 17.10 -1.5437014406849736 0.99931633
Car 0.00 1 -1.3279572139170508 415.16 182.63 502.16 245.09 1.4877540584473323 1.594604647970333 3.206314759455719 -4.58 2.03 22.26 -1.5308756723931494 0.9999906
Car 0.00 0 1.6070694300022463 489.75 182.63 531.87 217.27 1.5115502610622358 1.657084926283493 4.13889838954071 -4.96 2.13 36.27 1.4711603277819956 0.9998254
Cyclist 0.00 0 -1.3386066118862967 569.88 177.41 578.70 199.02 1.7398113496955787 0.5278690436093998 1.7412355905795955 -3.13 2.26 63.04 -1.3882168870776517 0.81846756
Cyclist 0.00 0 -1.974943564334188 581.18 176.95 589.52 197.34 1.7003030921686744 0.48673164259483337 1.8848167537177467 -2.17 2.12 63.31 -2.009205936869043 0.98899394
Car 0.00 0 -1.9207452098515372 519.38 183.73 549.50 205.46 1.5307826384721708 1.582984752273693 3.757954234384098 -5.45 2.27 52.36 -2.0244588265778676 0.79134816
Car 0.00 1 -1.6247585053232054 630.14 178.23 649.03 193.77 1.4600373696355533 1.6118863739730263 3.529268520079651 3.00 2.07 72.96 -1.5836632340990926 0.9990415
Car 0.00 1 -1.6060779551651816 646.74 175.66 692.46 213.53 1.4967782519577455 1.606360505586996 3.4358124305830384 2.62 1.76 32.79 -1.5263449403250144 0.99999547
DontCare -1 -1 -1.948847190537725 611.65 173.98 618.98 194.85 1.4129165861575317 1.617678194558754 4.326972859107055 -1000 -1000 -1000 -1.1634490271402766 0.88073057
