Car 0.73 0 -2.128779129185949 845.31 175.34 1241.00 374.00 1.496075429376812 1.63178896929188 3.875976080201664 2.97 1.57 4.76 -1.570935528793931 0.6594923
Car 0.18 0 2.0819110433247427 0.00 184.60 351.85 374.00 1.5111737096501898 1.633382254532113 3.957731196783581 -4.31 1.83 7.71 1.5721734423542963 0.65315366
Car 0.00 1 1.274581984677587 735.96 181.51 948.41 308.02 1.5695473741559696 1.6529240601421737 3.575081395112076 3.08 1.61 10.65 1.5561030425257636 0.7745746
Van 0.00 1 1.3478489528086524 666.76 111.62 804.29 245.56 2.232316765480242 1.9141629567449523 5.05698447936927 2.89 1.58 18.40 1.503641384577103 0.90558356
Car 0.00 2 -1.7327037016537528 659.98 169.94 718.37 224.84 1.4938416167913389 1.611867736345663 3.7561267261729623 2.71 1.72 25.78 -1.6279681085327868 0.79708993
Car 0.00 2 -1.9103577295925955 652.31 175.55 703.50 215.82 1.483891290035696 1.6399390448541784 3.7109010984526063 2.70 1.67 29.71 -1.8197281904844635 0.69237477
Car 0.00 1 1.4627032811429839 628.96 180.67 663.81 208.33 1.4992978948919486 1.6424563129158163 3.836595088370242 1.95 1.89 39.95 1.5114755859048048 0.7960607
Car 0.00 0 -1.6743397722628455 491.95 188.34 526.04 213.13 1.604924604651184 1.6592109643579864 4.114965068303146 -6.02 2.28 42.54 -1.8149201719333163 0.73358953
Car 0.00 1 -1.5656868364338319 603.33 176.51 643.28 203.90 1.5270866005501162 1.6253959362120771 3.897975435607233 0.80 1.95 46.85 -1.5486127220605703 0.82398874
Car 0.00 0 -1.6250637556102614 577.43 183.21 606.91 202.35 1.4986739776848268 1.606500498271122 3.911068109922209 -1.51 2.35 58.99 -1.6506557259098058 0.93625647
DontCare -1 -1 -1.9904373745110373 543.94 179.19 561.69 196.94 1.5227396980679047 1.6011499830247307 3.896131945900717 -1000 -1000 -1000 -1.205039211113589 0.8998441
DontCare -1 -1 1.4764535138991217 463.73 184.40 496.06 199.03 1.5072024673043203 1.6220389672280693 3.452797936402359 -1000 -1000 -1000 2.26185167729657 0.5316568
