Car 0.00 0 -1.894927934804235 705.93 189.12 855.05 284.64 1.5432129002927255 1.6413323928327703 3.898393454156914 2.82 1.72 12.82 -1.6784073908471542 0.9999684
Car 0.35 0 -1.5570938606422882 0.00 194.48 281.46 330.20 1.450023405608387 1.6656613231362247 3.077695148192444 -6.42 1.74 8.76 -2.1895456953562036 0.9646006
Car 0.00 2 -1.552199657135878 50.51 187.48 337.69 294.42 1.5062814153550577 1.6702573404373073 3.2110231091604615 -6.40 1.77 11.24 -2.06981144193817 0.9999795
Car 0.00 2 -1.6118337186661105 116.68 190.51 365.54 276.35 1.4333398718206596 1.5928071246208095 3.256176846228638 -6.74 1.79 13.35 -2.079368867891319 0.9999157
Car 0.00 2 -1.5201154025879244 208.49 186.66 407.25 260.89 1.4719316664902877 1.601056537842884 3.5693797340021516 -6.50 1.81 15.64 -1.913998174822005 0.9689773
Car 0.00 1 -1.798689873018537 651.65 183.89 727.38 235.22 1.5494224227784585 1.6296940401853466 3.6044927110300446 2.35 1.79 22.60 -1.6950799227833557 0.99742824
Car 0.00 2 0.5534603158619742 378.18 184.11 503.94 227.12 1.480395075288267 1.6537809551419163 3.747373396657505 -6.11 1.90 26.21 0.3244334316129469 0.9526171
Car 0.00 2 -2.163311914601598 644.43 182.19 690.79 213.99 1.4821200746862602 1.712618916547432 3.834073735527792 2.57 1.80 33.36 -2.0864254101518065 0.9925257
Car 0.00 2 1.7995275864985327 391.71 182.17 490.71 222.71 1.4445607293216896 1.666274375534191 3.9570894261227036 -6.73 1.93 28.83 1.570196970093383 0.6993638
Car 0.00 2 -1.5521005569633584 408.90 174.11 491.57 215.32 1.572065759804697 1.5962971367598915 3.718612866602936 -6.88 1.78 31.12 -1.7696804752253505 0.9969482
Car 0.00 1 -1.5044704313066344 630.14 174.80 658.28 200.12 1.5634473156003665 1.6468355164588833 3.8125536685214425 2.44 1.93 52.81 -1.4582998962565323 0.99757355
DontCare -1 -1 1.3072976330902915 506.44 172.94 589.82 202.15 1.505580801871271 1.7195455648661995 3.979138525329628 -1000 -1000 -1000 2.0926957964877397 0.6173036
DontCare -1 -1 -1.55550665786979 605.40 173.98 637.73 193.81 1.527052265480758 1.6349904046119594 3.792554089926281 -1000 -1000 -1000 -0.7701084944723418 0.8976125
