Car 0.00 0 -1.574214297174711 560.43 177.08 602.06 215.05 1.4732811119227123 1.5545706816674614 3.6232007314787293 -1.25 1.25 32.56 -1.6125861166224218 0.9998627
Car 0.74 0 -1.4380876729872565 0.00 186.02 361.34 375.00 1.5097712300537538 1.5727097981335068 3.6906490494833375 -3.24 1.61 5.07 -2.0067289340697743 0.9999994
Car 0.00 1 -1.1879083077099661 300.82 190.42 446.15 284.73 1.4382537457911682 1.5648683079244041 3.4289003779516602 -4.03 1.51 12.77 -1.4935997798441212 0.9999956
Car 0.00 2 -2.0270365039494376 74.15 188.69 278.87 278.31 1.4992126844643068 1.6979270645142936 4.727133588992157 -8.17 1.53 14.04 -2.554047452976154 0.7973624
Car 0.09 3 -0.8258148590710501 0.00 188.21 164.44 254.36 1.5215603293670725 1.5404284589649582 3.6769938488827134 -12.93 1.49 17.73 -1.4559178087291609 0.97101104
Car 0.00 2 -1.278512523570333 240.01 184.12 345.43 241.06 1.5762089345423889 1.6887274675728225 3.899128785483637 -8.90 1.44 20.52 -1.6877485351978394 0.99979347
Van 0.00 1 1.1869165460255484 350.22 152.01 437.94 225.21 2.146817195706568 1.942130348280592 5.822569964283752 -8.37 1.39 28.75 0.9036166993238934 0.74416983
Car 0.00 2 -1.5436047549035887 204.34 184.93 300.22 228.40 1.467328820732088 1.5896864452124977 3.696309449277916 -13.01 1.46 26.51 -1.9998316308187571 0.9999994
Car 0.00 1 1.5149934711542468 403.73 181.66 452.72 213.01 1.5296082146285486 1.6385353498817825 3.7425265630112077 -9.06 1.31 36.42 1.271178049069209 0.95959413
Misc 0.00 1 1.4770934666183333 496.88 165.88 538.81 207.54 1.5276642598962795 1.621910239821806 3.8865247314200784 -5.49 1.27 44.41 1.3540966772956633 0.9905654
Misc 0.00 0 -1.3114650408413748 456.22 149.71 526.31 221.08 1.4827311303286266 1.5983355113030815 3.8741859683171893 -4.68 1.31 29.59 -1.4683272215051466 0.99926156
Truck 0.00 1 1.703539208569799 520.26 149.39 550.82 196.47 3.0840455474885893 2.5888300026297855 11.365249413463975 -6.88 0.91 70.35 1.6060524834136534 0.7801591
Car 0.00 2 -1.7024675915625433 305.52 180.34 363.59 213.38 1.5838643278746318 1.5648699023486519 3.8717946020291234 -13.12 1.27 34.64 -2.0645243976282748 0.70373136
