Car 1.00 0 0.8743366758015494 929.34 167.97 1241.00 374.00 1.4654570560722064 1.4991989874006653 3.32800664206604 2.85 1.49 1.97 1.8403185323629785 0.8349021
Car 0.00 1 -2.0158241848137717 762.19 175.83 1018.09 325.74 1.495810883474202 1.6218652588040972 3.871962745800712 3.01 1.46 8.73 -1.683800019279556 0.7240501
Car 0.00 1 -1.626204510280166 711.24 176.30 809.55 253.87 1.5390292595891666 1.6550206572474384 3.2538239528761292 2.94 1.50 14.82 -1.430366581569322 0.9874572
Car 0.00 0 1.7970759878542761 328.32 191.35 431.57 257.37 1.5040097333310556 1.6863345422507667 3.890911219768324 -6.05 2.06 19.24 1.4924164459601037 0.9998847
Car 0.00 1 1.6088798689332346 483.74 185.83 518.89 211.96 1.4426700103847694 1.6842444383264923 3.9683951308355714 -6.32 2.20 42.07 1.4597690835384949 1.0
Car 0.00 1 -1.2588920752194266 639.98 175.38 671.80 200.68 1.5341972246585798 1.608864545142784 4.131118254862823 2.83 1.69 45.54 -1.196828713825668 0.9998385
Car 0.00 2 1.6659593964603285 498.96 184.18 530.80 206.27 1.5308000467537355 1.6279239275218391 3.5081733634100343 -6.26 2.13 47.64 1.5353057604436013 0.9933675
DontCare -1 -1 -1.8210667232659201 523.10 176.06 575.23 201.10 1.5079239982931327 1.6400158826918745 4.047143848739662 -1000 -1000 -1000 -1.0356685598684718 0.7910097
DontCare -1 -1 -1.5911058886584382 578.31 172.94 611.68 192.77 1.46824799140975 1.6327400508062386 3.96834843059639 -1000 -1000 -1000 -0.8057077252609899 0.98044044
DontCare -1 -1 -1.858349279561315 621.02 171.90 635.64 185.48 1.439502105471344 1.618300068444147 3.5223784913645173 -1000 -1000 -1000 -1.0729511161638667 0.930956
DontCare -1 -1 -1.7389478544381003 663.73 163.56 693.98 181.31 1.5482919275580358 1.6276647385866785 4.077338414393463 -1000 -1000 -1000 -0.953549691040652 0.65910715
