Car 0.00 0 1.4487665827062468 947.83 163.63 1094.69 246.25 1.4289378154842567 1.696516207671299 3.550854819022217 8.48 1.37 15.31 1.9545886573572604 0.97201973
Car 0.00 2 -1.3290831605580191 835.47 166.65 946.33 243.42 1.559506371971817 1.5856106423498535 3.875720495484867 6.56 1.51 17.37 -0.9679801697560484 0.9114488
Car 0.00 0 -1.7788508246329169 318.02 186.26 377.27 223.81 1.4262059259979438 1.528680800712242 2.596223490439453 -10.76 1.94 29.32 -2.1305761909967362 0.99999535
Car 0.00 1 -1.3438653657820563 494.54 170.43 589.05 211.14 1.384959042426796 1.6710800707997226 4.0161979218349835 -3.04 1.67 32.15 -1.4381418230458145 0.9994174
Car 0.00 0 1.4054165194418768 113.73 188.73 159.21 220.62 1.6106915104953956 1.6602852114201927 3.859302881184132 -25.46 2.46 38.84 0.8251777350528752 0.9859183
Car 0.00 0 -1.5467506843295435 274.63 180.06 299.06 202.61 1.5215828371053945 1.6209647108526373 3.4439544846640016 -26.89 2.39 59.97 -1.9682656445564528 0.9432454
Van 0.00 0 -2.1472944180157523 555.21 146.04 892.81 349.01 2.2483516815235234 1.8620248051439954 5.239140732044029 1.07 1.72 9.38 -2.0337128865439618 0.9975865
Car 0.00 0 -2.1431372920658927 421.28 192.88 551.84 266.00 1.4372146282164764 1.6056297265650177 3.703905256591835 -2.89 1.82 15.98 -2.3220544625439867 0.99998844
DontCare -1 -1 -1.499237441518579 159.56 186.48 182.52 209.44 1.501871012505741 1.5906277739168548 3.822490548841753 -1000 -1000 -1000 -0.7138392781211307 0.74971074
DontCare -1 -1 1.9091899255898337 191.85 180.23 251.27 200.06 1.4116763923136901 1.6804043606580639 4.015997158490219 -1000 -1000 -1000 2.694588088987282 0.9935462
DontCare -1 -1 -1.0541575709965567 1051.20 148.98 1239.97 218.81 1.4348210695950698 1.6595912419916534 3.618641602002182 -1000 -1000 -1000 -0.26875940759910844 0.9922834
DontCare -1 -1 1.9066704968598227 0.00 204.19 90.67 344.86 1.551159596425147 1.606631680643692 4.011033626400032 -1000 -1000 -1000 2.692068660257271 0.99573696
