Truck 0.27 1 2.036428020396505 0.00 155.36 74.39 205.91 3.0644609792711925 2.5725181857586192 11.235457231689 -36.30 1.96 44.95 1.357091894947071 0.94561154
Car 0.00 1 2.7034685174610953 478.36 170.21 558.63 201.84 1.429502450284214 1.6546856344403171 3.98390902777771 -4.59 1.39 35.81 2.5759871373880645 0.9905096
Pedestrian 0.00 2 1.295649872222219 778.63 161.62 791.35 190.64 1.798646090031023 0.6858301255193424 0.9681108115026855 11.29 1.15 46.88 1.5319772749041873 0.6724601
Car 0.00 0 1.079319373765264 715.74 156.20 760.27 189.00 1.5717269483773422 1.6131932784528875 3.70374605258564 8.97 1.11 50.96 1.253554955132787 0.9995784
Car 0.00 1 -1.9316221634533743 747.00 162.85 791.57 188.07 1.5084108145727229 1.633596726945176 4.013759421311416 11.48 1.08 52.35 -1.7157461106839684 0.99914265
Car 0.00 0 -2.181153074898992 784.94 163.43 839.69 185.82 1.5832838680414867 1.6757332713068867 4.034626321993866 14.63 0.92 52.54 -1.9095780777745974 0.9767974
Van 0.00 1 -1.7881212244418005 921.28 155.11 981.94 186.27 2.2641085754265404 1.8184213364576531 4.779221681708145 24.59 0.95 52.14 -1.3474384608617067 0.8182191
Car 0.00 2 -1.6012867531415562 956.69 160.01 1003.81 181.54 1.5268362461408984 1.6136476763249779 3.7381422167048837 27.36 0.64 53.45 -1.1281801681002492 0.996876
Car 0.00 1 1.5082804272559027 999.30 158.17 1053.66 181.69 1.5083744371129584 1.641565357586875 3.65464295645813 31.06 0.65 53.93 2.030814670042522 0.86056316
DontCare -1 -1 0.4998074332859854 91.85 165.65 197.10 195.90 1.4660456258623313 1.6677379303337478 4.007292645178833 -1000 -1000 -1000 1.2852055966834337 0.6539462
DontCare -1 -1 -1.7913561622288565 390.81 161.48 415.85 194.85 1.4734082113771152 1.6244827483506346 3.895357536278763 -1000 -1000 -1000 -1.0059579988314082 0.9948494
DontCare -1 -1 2.885889367261205 641.85 147.94 1240.00 184.44 1.395302281138153 1.6272464760304832 4.2483222355471035 -1000 -1000 -1000 3.6712875306586534 0.9958586
