Car 0.80 1 1.462842040756021 0.00 189.87 109.67 371.82 1.5789883177547168 1.55395606837286 3.215815859042206 -7.04 1.77 6.90 0.6674011733872998 0.93937445
Car 0.28 3 1.0811979631569724 0.00 190.75 287.17 326.30 1.568077892419548 1.6759352975250625 3.1297096778974915 -6.40 1.77 9.18 0.4723753639655969 0.9574817
Car 0.00 2 -1.8088975260641913 14.28 182.45 340.91 288.84 1.5011464454053354 1.6769566454650306 3.708199681840935 -6.88 1.74 11.68 -2.3412200372970373 0.99928194
Car 0.00 2 -1.4239038983967642 202.16 180.44 406.02 260.50 1.5171424102789175 1.7276678004027748 3.9998884220943833 -6.78 1.84 16.22 -1.8198326740334765 0.98225546
Car 0.00 2 -0.6324129263546805 240.86 166.43 434.73 252.33 1.551934318971486 1.6343751989962005 3.828314585737982 -7.00 1.95 18.79 -0.9890238988390233 0.54036385
Cyclist 0.00 0 -1.489388191201959 523.93 182.67 541.31 222.87 1.769832953380451 0.5874907427637768 1.659985932561245 -3.20 2.00 29.62 -1.597005908058319 0.98845685
Car 0.60 0 -1.6536005745318274 1006.74 176.60 1241.00 370.73 1.6113822314707946 1.682015828108921 3.4977644850836183 6.25 1.71 7.00 -0.9247458480791965 0.85235566
Car 0.07 2 -2.135734693208013 918.02 188.69 1241.00 321.48 1.666295603272171 1.4778391414047622 3.159026043616333 6.05 1.77 9.46 -1.566751535098669 0.93119544
Car 0.00 2 -1.643281259634767 843.61 189.03 1083.93 284.57 1.4954714871762704 1.5777839936973 3.730825977526703 5.85 1.78 12.28 -1.1987040119323416 0.9846385
Car 0.00 2 -1.7500052760031561 822.46 185.20 992.44 264.70 1.4813564795820426 1.620158582246437 3.3691554536447907 6.01 1.78 14.87 -1.3659097050870792 0.9999989
Car 0.00 2 -2.342073098817144 763.88 183.74 953.89 254.89 1.5318903460918378 1.6440112099708462 3.2487425376997376 5.86 1.86 17.39 -2.017048387586801 0.98310477
Car 0.00 2 2.0657297233727316 732.73 186.24 902.03 242.01 1.5707445371715736 1.5891890742541694 3.3879427482710267 5.72 1.84 20.32 2.3401251856609866 0.8176828
Car 0.00 2 -1.3783956180003027 730.79 175.92 867.99 235.87 1.585430674609394 1.709432645952835 4.333522873126068 5.83 1.89 22.64 -1.1263623981819282 0.9986211
Car 0.00 1 -1.3215495953944068 383.54 183.45 499.67 221.89 1.4912134580133867 1.6570251726271057 3.643861400090256 -6.94 1.96 29.85 -1.549987104637186 0.99788624
Car 0.00 2 -0.8268143097546439 414.53 185.48 512.80 220.32 1.4626400809554767 1.6965405263663673 3.7385263537393 -6.61 2.08 32.67 -1.0264456860719813 0.974232
Car 0.00 0 -1.7137931744244437 633.46 184.96 674.70 216.09 1.5284700206300628 1.6295231052400017 3.988516779743233 2.10 2.04 35.79 -1.655184764611196 0.82609594
Car 0.00 2 1.6698393608119826 623.05 181.15 648.00 202.44 1.5211958451016259 1.6123677671612644 3.7495970000849153 1.75 2.02 50.84 1.7042474907457241 0.9693555
Van 0.00 2 1.772362575927053 609.21 171.84 624.59 189.94 2.2392602521111584 1.8709669435476495 4.761095193976211 0.91 2.24 96.87 1.7817563328476638 0.9558907
DontCare -1 -1 1.4317616979267935 547.06 176.06 598.14 189.64 1.4745570499269676 1.6707640954018974 3.8467017739416147 -1000 -1000 -1000 2.217159861324242 0.94059414
