Pedestrian 0.00 2 1.5206119949605803 681.78 148.04 700.33 204.39 1.9476088522378159 0.6867235507157516 0.48004065135215757 2.86 0.75 22.51 1.6469895077947307 0.85121137
Pedestrian 0.00 1 0.6479293266918997 272.11 136.14 311.75 256.15 1.7190943932536793 0.618603615024395 0.6642436651298904 -5.26 1.21 11.73 0.2263877357635855 0.9922633
Pedestrian 0.00 0 -2.1830139915135245 650.99 143.91 717.53 292.49 1.7344207181040001 0.7142920102265549 0.8685936523387336 0.91 1.33 9.00 -2.0822453504659055 0.64853686
Pedestrian 0.00 0 -0.39114101330307527 726.66 131.78 784.47 286.42 1.771593398824687 0.6998089607146454 1.0192751852581405 1.82 1.29 9.16 -0.19500542758694714 0.7757242
Pedestrian 0.00 0 1.7650738666441779 608.55 140.20 646.45 249.81 1.774277373627181 0.6172453816321564 0.6891165790865326 0.42 1.14 12.23 1.7994021582723447 0.99708396
Pedestrian 0.00 0 1.6878434355047087 573.06 141.71 613.45 253.32 1.6772560788694573 0.656945226648159 0.7887714100787544 -0.23 1.18 12.06 1.6687744370571942 0.9869805
Pedestrian 0.00 2 -1.5600374546509723 662.36 142.36 722.40 242.98 1.7499593817073655 0.5961096565511894 0.7553856638977432 1.58 1.11 13.10 -1.4400065542290648 0.5158295
Pedestrian 0.00 2 1.4737425158408026 719.46 142.73 749.32 237.48 1.707704057395811 0.6031020636943054 0.8821025947826111 2.31 1.02 13.20 1.6469881822931676 0.9754284
Pedestrian 0.50 3 -2.736665562787328 1190.23 194.07 1223.00 272.94 1.7949332757297707 0.5576221327570152 0.7197886375496292 15.07 2.23 17.29 -2.0197632913877013 0.59000444
Pedestrian 0.00 1 0.9946571747448782 467.48 141.18 501.27 252.83 1.791370210647936 0.6612245812353563 0.8825468435669446 -2.00 1.16 11.93 0.8285571521429452 0.9320426
Pedestrian 0.00 1 0.7497995058682303 487.82 148.48 512.26 241.63 1.635163047761078 0.575299134412117 0.725087386162033 -1.83 1.06 12.81 0.6079024512640664 0.96180034
Pedestrian 0.00 0 0.9953148523953299 520.97 137.60 553.10 241.06 1.7688232580575896 0.6982082258251381 1.0903007058212661 -1.28 1.08 13.15 0.8982821329466664 0.98299086
Pedestrian 0.00 1 1.7429705868151526 563.70 153.16 582.72 239.09 1.7537427772212577 0.6227192375150394 0.7500398276159668 -0.67 1.06 13.29 1.6925993866733813 0.9954334
Pedestrian 0.00 1 0.8766718069699149 537.14 143.46 564.77 234.78 1.8255475102368546 0.6658447309669924 0.9151620050678158 -1.02 1.05 14.22 0.8050644921186485 0.92271656
Pedestrian 0.00 1 1.5894729579475264 453.35 144.72 475.41 217.12 1.796899860203619 0.675023514711566 0.7340577659914398 -3.60 0.90 17.91 1.3911112148234137 0.9958364
Pedestrian 0.00 2 1.5492948974159102 523.47 146.80 542.04 212.96 1.7033631852272701 0.5682275499489975 0.8622860355088615 -2.13 0.82 18.39 1.4339848823301549 0.7474597
Van 0.97 3 1.2966762642052512 0.00 0.00 267.52 369.00 2.150228935771189 1.4976091781710816 5.388400373810577 -3.17 1.66 3.69 0.5869351653376473 0.86504763
DontCare -1 -1 2.0369827608254294 322.18 148.01 428.07 195.32 1.4507627863256645 1.6262563590617323 3.9558668603525544 -1000 -1000 -1000 2.8223809242228777 0.9990441
DontCare -1 -1 2.4998957673695426 836.07 122.32 1222.00 168.60 1.3815181854932022 1.6679683954180622 4.2337673475370785 -1000 -1000 -1000 3.285293930766991 0.86360747
