Car 0.86 0 2.173035935559545 1098.87 213.82 1241.00 374.00 1.6884205046860885 1.6598244861425304 3.5935813059435273 6.42 1.69 5.76 3.0125683485688737 0.9995565
Car 0.40 3 -1.738729746141706 985.57 177.76 1241.00 334.86 1.4560897502867889 1.5268959247232818 4.462821798525848 6.41 1.69 8.28 -1.079948069373343 0.999726
Car 0.00 1 -2.3750401298191886 790.76 167.67 1019.61 253.08 1.5139523100858938 1.821063398635521 4.035548078022995 6.44 1.68 16.14 -1.995388636020687 0.94594157
Misc 0.00 2 1.6441078121450285 115.92 209.76 309.23 296.41 1.5086172682984185 1.5974414788843536 3.5132147838697816 -5.63 1.65 10.29 1.143468310345471 0.95370793
Car 0.00 1 -1.3901747624066214 63.48 135.07 354.91 275.99 1.5338080324052286 1.5252514623762512 4.111362861596145 -6.78 1.64 12.42 -1.8898598935492985 0.8390677
Car 0.00 2 -2.362279907861028 178.96 179.73 368.76 252.76 1.489926156011076 1.5705323212505722 3.9352708627806092 -6.89 1.56 14.90 -2.7954109644490766 0.8620713
Van 0.00 0 1.578804756575499 653.54 145.48 728.61 219.24 2.071414492570362 1.887332222059889 4.456533072346496 2.74 1.50 26.07 1.6835219540878668 0.8202671
Car 0.00 1 -1.0018675486233573 312.45 177.97 469.92 229.30 1.5347686562506866 1.6898951076628113 3.822943555317917 -6.62 1.64 21.99 -1.2942836354329232 0.5589807
Car 0.00 2 -1.4236418763783316 381.50 167.74 506.80 218.95 1.5651503246097278 1.6963373788358116 4.094924735032119 -6.16 1.65 27.05 -1.6475498563067137 0.62706363
Van 0.00 2 1.73620002070931 632.18 156.02 673.56 202.52 2.1803921586950636 1.9307724187230302 5.412296620959091 2.47 1.68 43.57 1.7928297903282402 0.9774829
Van 0.00 2 -1.1323624412205557 498.82 160.04 565.99 192.99 2.1663919906248665 1.9105203492646647 5.129016825759458 -6.95 1.77 64.93 -1.2389947906696501 0.99862444
DontCare -1 -1 1.8063006410982947 580.40 170.85 632.52 183.39 1.5022494125930976 1.6855807148577118 3.916001400105753 -1000 -1000 -1000 2.591698804495743 0.9323461
