Car 0.00 0 -1.4582280675556998 572.57 175.48 622.28 220.80 1.5106355095101904 1.586238249457016 3.538598077498474 -0.42 1.25 27.57 -1.4734608392013648 0.9999887
Van 1.00 0 2.030515686669622 0.00 46.65 144.03 375.00 2.3081824253429986 1.7327622721051408 4.361044345253753 -4.15 1.68 2.48 0.9983651833958296 0.99952483
Car 0.00 0 1.6897652159121375 146.88 188.80 300.27 265.49 1.5701792280940723 1.5235472761751556 3.9989118595943833 -8.45 1.58 16.08 1.2059282795569273 0.9210542
Car 0.00 0 -1.488111794986997 337.72 172.14 466.44 259.00 1.5039368741033983 1.6231086992384338 3.9337819983587647 -4.71 1.50 17.01 -1.7582397937206096 0.9999163
Car 0.00 1 -1.7280410985138754 349.20 181.48 423.64 222.41 1.6154973435966682 1.6651013114215278 4.247961925469436 -8.56 1.32 28.06 -2.0241341403006925 0.848696
Car 0.00 1 -1.476347909369741 455.62 182.42 511.72 220.56 1.4898128028778743 1.6486288339556598 3.908137573056021 -5.09 1.35 29.73 -1.645911448818604 0.9999999
Van 0.00 1 -1.356617854037557 495.87 159.95 542.74 207.61 2.1724301758339024 1.9229056561445428 5.124081348830509 -5.00 1.16 41.32 -1.4770391461423515 0.9773915
Car 0.00 1 -1.9415214220669608 527.72 176.99 554.88 200.34 1.5382904451160144 1.6445271999300861 4.091256039343872 -4.83 1.04 52.57 -2.0331416931261015 0.99646133
Car 0.00 1 -1.2569275657322745 257.54 181.38 336.46 221.85 1.4356857020227622 1.6485134971053743 3.604419248305359 -13.07 1.43 30.42 -1.6627315072273965 0.9999982
Misc 0.85 3 0.354674176373754 0.00 132.86 150.87 319.02 1.484224338438959 1.594230148261919 3.5631125738249207 -8.46 1.62 8.74 -0.4144463550561597 0.9947129
