Car 0.90 0 -1.9698980013516287 892.33 203.98 1241.00 374.00 1.6111855212418746 1.715428582644596 4.01324460109333 2.99 1.70 3.82 -1.3057812569327405 0.8876886
Van 0.00 0 1.521409680196319 685.65 110.39 860.63 276.23 2.2532131369342423 1.913512373909874 5.171040190213966 2.86 1.64 14.60 1.7148506073532603 0.8686465
Car 0.00 0 -2.778431491055761 122.54 178.63 343.56 270.48 1.4632227573363494 1.6108323924900436 4.159930484496154 -6.94 1.70 13.40 -3.2563045778659374 0.98850095
Car 0.00 2 0.23480148712662263 207.55 175.87 422.02 257.63 1.5064202215342235 1.6594393246532821 4.179851280652084 -6.49 1.78 16.06 -0.14924261107597703 0.97486115
Car 0.00 2 2.23451288143662 256.05 177.04 449.37 242.21 1.5527526832936716 1.6368797284276628 4.183786885939636 -6.46 1.66 18.35 1.8960186472412175 0.93845445
Car 0.00 2 -0.6462124745037894 354.23 180.07 494.40 229.48 1.5535553511051845 1.6794522658647442 3.871015420310297 -6.15 1.81 24.05 -0.8965648035417837 0.7389589
Car 0.00 1 -0.5804634849217276 428.35 180.87 529.25 215.38 1.4846581037907314 1.5761614882112884 3.9455613066778565 -6.02 1.89 33.29 -0.7593651831879153 0.5343173
Van 0.00 2 1.187868402400289 414.37 154.98 538.55 215.20 2.1912507973728097 1.8956663260316087 5.240690929645347 -6.60 2.03 35.94 1.0062525311030106 0.950683
Car 0.00 1 -1.433976993956838 648.01 183.10 693.53 218.00 1.4705452028481674 1.628099506041541 3.8122529742644216 2.59 1.88 31.95 -1.3530897026542346 0.9868832
DontCare -1 -1 2.015457377829824 526.23 177.10 593.98 195.89 1.5093435387878131 1.6876172714592361 4.215008543931045 -1000 -1000 -1000 2.800855541227272 0.95109797
DontCare -1 -1 -1.7898699502137045 597.06 175.02 638.77 191.73 1.484519940224142 1.6610826098085785 3.8723649644629146 -1000 -1000 -1000 -1.0044717868162563 0.76912296
