Cyclist 0.76 0 0.5627436200764517 1005.80 196.55 1241.00 374.00 1.7904041926730727 0.5470562034456921 1.6855050353730583 2.77 1.74 3.71 1.2040849050143296 0.9166263
Car 0.00 0 1.9263394633915762 388.85 187.64 529.68 273.48 1.4657750394015026 1.6406120725633049 3.761177698277035 -2.89 1.77 14.43 1.7286773790277505 1.0
Car 0.00 1 -2.0972813526776175 461.82 173.54 568.58 251.13 1.5614518862037372 1.7108981677056694 4.070773841939964 -2.35 1.82 18.71 -2.222228335578562 0.99999666
Van 0.00 1 1.106132791438375 865.18 126.42 1084.43 220.45 2.1485447953571892 1.9544818872665597 5.126037331128168 11.09 1.38 22.30 1.567625618354848 0.5032628
Car 0.00 0 -1.6952143842962126 726.15 179.91 788.23 222.09 1.564945366588087 1.6479766976745271 3.636796640358963 5.39 1.72 27.01 -1.498246053130108 0.99994063
Car 0.00 1 1.7156771878388266 544.58 175.61 603.34 223.90 1.5576764758495998 1.6650139757157707 3.977499375246563 -1.35 1.85 27.96 1.6674313941353265 0.9999999
Car 0.00 2 1.4288539747383933 713.50 172.02 766.47 213.79 1.4632828835217666 1.7409442432881737 3.8776633927003528 5.86 1.77 33.17 1.6037153494542151 0.980249
Car 0.00 2 1.6628546277668814 569.32 175.96 611.75 214.98 1.5899418446986389 1.7150690697790527 3.778052711986103 -0.87 1.83 32.86 1.6363848528945826 0.9755005
Car 0.84 0 1.6435228223588805 0.00 180.52 79.86 302.92 1.5542414191930007 1.6032585941912079 4.0095935185776135 -9.63 1.62 9.35 0.8433733581031506 0.6398123
DontCare -1 -1 -1.6462667221811156 609.56 172.94 634.60 195.90 1.4959814105002593 1.5863889076472664 3.9664990325794602 -1000 -1000 -1000 -0.8608685587836673 0.57498974
DontCare -1 -1 1.7378312210228781 662.69 171.90 690.86 186.53 1.5098719823925209 1.6892150708199882 4.172789113722839 -1000 -1000 -1000 2.5232293844203264 0.98567307
