Car 0.85 0 -1.1370142261174063 0.00 184.05 140.41 374.00 1.4966570012091112 1.5766260840655708 3.8664652548135305 -6.52 1.66 5.86 -1.9756737620273608 0.7934656
Car 0.00 0 -1.7643730054285864 637.03 182.55 675.01 209.80 1.5047230444668245 1.6102275916100883 3.819926360748806 2.32 1.84 37.75 -1.7029932503430338 0.98072815
Car 0.00 2 -1.4256679574635367 410.76 178.58 516.52 217.03 1.476084057596178 1.6886245452524566 3.937876822553673 -6.31 1.85 31.21 -1.625157626102529 0.81061435
Car 0.00 1 0.508053139844213 725.96 182.46 860.65 232.44 1.5514235481439542 1.702646984970703 4.007655413948097 5.79 1.83 23.18 0.75282877790027 0.5874034
Car 0.00 2 -1.7122055302050452 251.45 171.41 441.67 248.50 1.471873343345375 1.6398971856297397 4.2568390240297695 -6.45 1.76 17.89 -2.05823607611815 0.9995172
Car 0.00 2 0.6921523372319083 207.12 181.24 433.76 257.44 1.4922645747481298 1.7074594267369652 3.8200141099617864 -6.17 1.71 15.44 0.31198100589659766 0.97084415
Car 0.00 2 0.6666197339680533 162.31 185.84 413.63 276.38 1.5065279550670099 1.703928797757759 3.618416683875122 -5.71 1.75 12.92 0.2504799327093981 0.9985066
Car 0.00 2 1.2194769541409354 48.77 186.20 337.44 295.08 1.4720710556773853 1.6483686894835377 3.542053925000229 -6.17 1.71 10.83 0.7016245002335425 0.9868955
Car 0.37 3 -0.9479624787953238 0.00 187.99 304.33 340.29 1.3613391671149444 1.6026092909933471 3.1455129553900147 -5.92 1.72 8.23 -1.571537259252397 0.9969015
Car 0.00 2 -1.5302147539940218 845.87 183.63 1074.97 275.45 1.6549183282820892 1.6682808019877815 3.705912949644127 6.39 1.78 13.45 -1.0866905922153958 0.99999213
Car 0.00 0 -0.6530872146275382 897.34 191.10 1181.55 294.03 1.5188367151474964 1.6596133776666069 3.3338202406988526 6.48 1.71 11.18 -0.12779796399034704 0.9646422
DontCare -1 -1 1.911337242522512 496.02 173.98 639.81 195.90 1.444537319597454 1.6003193326951408 3.8125473765061284 -1000 -1000 -1000 2.69673540591996 0.7615634
