Van 0.00 2 -1.26653449336556 466.32 165.85 537.30 194.57 2.210884740122161 1.9064174132501317 5.241874707692909 -7.80 1.53 52.26 -1.4146945140973914 0.9956065
Car 0.00 1 2.5365779558804373 332.85 180.49 465.60 225.76 1.5544156957237434 1.5684438490034485 3.8420876824633265 -7.30 1.76 25.15 2.254082150509616 0.9846474
Car 0.00 0 -1.6747449646380286 642.12 174.08 715.17 233.45 1.49470854213521 1.6044063337804222 3.4922920932398225 1.98 1.71 22.31 -1.5862274404638785 0.99965835
Car 0.00 0 1.8388049165394644 451.00 186.13 530.66 246.32 1.4856103438703727 1.5434181832434082 3.9366341998205567 -3.00 1.72 18.46 1.6776998176490676 0.9763331
Car 0.33 3 -1.6069046976652483 0.00 183.02 289.31 309.58 1.521519037783743 1.7539498352171325 3.312809245787659 -6.77 1.64 9.54 -2.2240736011242976 0.99956375
Car 0.72 3 -2.1938644210484366 0.00 184.09 169.66 359.26 1.4681365717022132 1.434989526188507 3.595121549569168 -6.87 1.64 7.08 -2.964209957990617 0.88492334
Car 0.92 0 -2.2938389937069754 841.59 218.34 1241.00 374.00 1.5461690857826185 1.5269222103716278 4.697086172305145 2.66 1.63 3.78 -1.680631644832466 0.99376583
DontCare -1 -1 -1.4291289458659033 609.56 175.02 634.60 193.81 1.5222958618594717 1.6271708284230375 3.6208830793724442 -1000 -1000 -1000 -0.643730782468455 0.78071344
DontCare -1 -1 1.7540591518071036 578.31 172.94 591.89 183.40 1.5287355453526985 1.5444612421752357 3.841086335606971 -1000 -1000 -1000 2.539457315204552 0.9373845
DontCare -1 -1 -0.7851264039662222 518.94 171.90 561.69 186.53 1.5317494481621694 1.6210779708535814 3.850072445474663 -1000 -1000 -1000 0.0002717594312260374 0.9768834
