Car 0.32 1 -1.9573633233692984 789.97 140.82 1241.00 374.00 1.5431284740386915 1.6887370117665672 3.8572215605630586 2.85 1.63 6.20 -1.526490858772568 0.9999856
Car 0.00 1 1.180867807069097 715.61 183.30 888.85 301.48 1.4849901165632915 1.5856258117319488 3.917243955783644 2.80 1.72 11.51 1.419499299085353 0.9813778
Car 0.00 0 -1.7523868242886405 643.41 186.75 729.21 245.02 1.496669879537673 1.583822506731882 3.309425132475891 2.01 1.86 20.24 -1.6534030696895061 0.99768496
Misc 0.00 0 0.6593337217953543 7.20 218.88 89.01 295.71 1.520743527338506 1.637774088671937 3.843998781532147 -10.97 2.23 14.10 -0.0018567296896448982 0.8068108
Cyclist 0.00 0 1.3862389037993292 455.50 184.65 477.49 236.03 1.7420339072477375 0.6835315318017197 1.9782958878601455 -5.16 2.19 25.81 1.1889178540454286 0.99418736
Car 0.00 0 -1.4880663389947753 384.74 196.59 452.96 246.21 1.5352846592484426 1.6230906576575184 4.1993952562437435 -6.01 2.14 22.85 -1.7452607993349594 0.97301215
Car 0.00 1 1.467054114737783 602.46 178.78 668.19 227.48 1.4842537645070266 1.645102440631523 3.8811306749806787 0.85 1.93 27.25 1.498236664556955 0.91629505
Car 0.00 0 -1.7423910508540015 560.47 188.56 602.82 218.38 1.5525953605590772 1.6478363827527904 3.857743123556585 -1.62 2.37 39.27 -1.783620538142595 0.8016047
Cyclist 0.00 0 1.010193363824163 480.56 184.40 499.12 230.57 1.7617283962089871 0.5661385773851466 1.6997557385290527 -4.64 2.14 27.72 0.8443427679473671 0.75625086
DontCare -1 -1 -0.9516305486348013 500.19 188.56 567.94 211.52 1.496775424462409 1.6763454706133747 3.9291539733634377 -1000 -1000 -1000 -0.16623238523735306 0.64240414
