Car 0.74 0 -1.3302733163025717 0.00 194.93 214.48 374.00 1.472482595947237 1.5607375346781158 3.716751443348923 -5.84 1.69 5.98 -2.1038277018854084 0.95118594
Car 0.00 0 1.26354177395371 714.04 189.76 869.39 284.25 1.4967824429093313 1.6656909280182266 3.413953142367401 3.00 1.69 12.92 1.49169685987406 0.9996427
Car 0.37 3 -1.0196401635792594 0.00 181.14 262.82 326.49 1.405475281533451 1.580915435469284 3.3249747326002503 -6.31 1.65 8.49 -1.6587926516466407 0.99914396
Car 0.00 2 -1.5626112186026315 40.40 161.11 316.18 284.50 1.5769599381653976 1.6280723058344269 3.5098363031969453 -6.44 1.56 10.93 -2.09505468144494 0.99999976
Car 0.00 0 -1.6829430247333388 653.98 174.31 705.08 216.71 1.5390863720147323 1.6461229764582062 3.6813295801506425 3.02 1.85 32.41 -1.5900302000042843 0.9890404
Car 0.00 2 -1.3868365148690085 387.83 177.55 494.98 219.94 1.5460586197493982 1.6241801262558841 3.8648668975905562 -6.34 1.72 27.17 -1.6160800830880613 0.9291678
Pedestrian 0.00 2 -1.6899182880905013 310.38 164.45 324.71 210.46 1.6632801382247162 0.6404210067626905 0.4238097486803436 -11.62 1.48 28.66 -2.075108190462776 0.99134094
Misc 0.00 2 1.5737260154590498 418.68 192.03 488.79 232.87 1.5138633585354697 1.6242729064734125 3.7344971915111924 -4.53 1.70 20.77 1.3589858212475545 0.9189684
Misc 0.00 2 -1.6894690553334097 429.02 190.96 490.88 231.30 1.4786682095198345 1.67072743109478 3.787807488940754 -4.58 1.73 21.86 -1.8959967814027014 0.53861403
DontCare -1 -1 1.381124154725347 456.44 173.98 595.02 205.27 1.4700702283351135 1.6837389238835716 4.01432113548378 -1000 -1000 -1000 2.1665223181227953 0.93276227
DontCare -1 -1 -1.5826265141975622 603.31 172.94 661.68 197.98 1.541698573511691 1.6715615235926056 3.9756478091106797 -1000 -1000 -1000 -0.7972283508001139 0.97466284
