Car 0.78 0 1.824989334740911 0.00 204.64 177.98 374.00 1.4755268808273982 1.4937029027105713 3.6894989927635575 -6.57 1.82 6.39 1.0257031754124954 0.9539883
Car 0.23 3 -1.505871974923883 0.00 192.33 321.69 328.55 1.440112196263523 1.6620854691327953 3.395925091706314 -5.99 1.76 8.93 -2.0967118161510014 0.99864703
Car 0.00 2 -1.290541366734777 25.16 194.70 349.68 291.03 1.4607641514210414 1.4753604226471329 3.7397164722309495 -6.69 1.77 11.58 -1.8144175514365775 0.99996996
Car 0.00 2 1.2373484532025198 186.59 184.43 385.80 268.22 1.491159215923996 1.7265822582603836 3.7269211580381776 -6.29 1.77 14.10 0.8177430906988375 0.9987752
Car 0.00 0 1.2535828808930258 711.71 181.47 875.67 288.35 1.4017932046024513 1.5841272131265545 3.5299042632208253 2.71 1.57 11.74 1.4804439373449652 0.94568306
Car 0.00 2 -1.7081373343851904 369.01 178.50 496.15 227.66 1.5247410897916567 1.6706262522102737 4.013320775829353 -5.75 1.72 23.42 -1.948891945394678 0.92206216
Car 0.00 1 1.5350196930256228 670.82 174.23 722.02 215.83 1.5131846520869445 1.6360584648983025 3.5381091107950593 3.11 1.50 26.75 1.6507617551451315 0.827557
Car 0.00 2 1.0530690113690238 404.57 179.55 509.90 215.00 1.4801979441015434 1.6689013720215702 3.8561359375120188 -6.40 1.71 30.31 0.8449742713142866 0.5297255
Car 0.00 2 1.3556229035046439 445.02 176.45 523.04 207.29 1.4888506684272003 1.6589596450985813 3.9734770675526048 -6.25 1.66 35.86 1.183067288696633 0.98389304
Van 0.00 2 1.6991328308966498 642.86 161.17 664.38 185.49 2.1334664221038437 1.875234144375248 4.7903940955341335 4.36 1.24 72.88 1.75888598301178 0.9893281
DontCare -1 -1 -2.189721123376165 505.40 168.77 606.48 197.98 1.5033974744199228 1.6842200525761986 4.048316585026779 -1000 -1000 -1000 -1.4043229599787166 0.9474615
DontCare -1 -1 -2.0434890250351767 613.73 168.77 628.36 178.19 1.4874639253883075 1.6396061007590437 3.897540224842825 -1000 -1000 -1000 -1.2580908616377284 0.96943396
