Pedestrian 0.00 0 1.380571694174085 899.37 140.10 960.37 307.16 1.749823496621455 0.7260871361282539 0.9218500559935474 3.57 1.32 8.14 1.7938840230486823 0.8163945
Pedestrian 0.00 0 -1.3294409970429282 574.13 160.73 627.46 274.41 1.7342982864383412 0.6478669866260958 0.8880889197597408 -0.17 1.45 11.83 -1.3438102531341742 0.9986331
Pedestrian 0.00 2 1.6766795451429228 224.65 164.35 272.31 295.40 1.778077279627676 0.4611527229932022 0.4645121512720489 -4.91 1.50 9.93 1.2174727628234998 0.88278025
Pedestrian 0.00 0 1.8574254075672965 436.34 161.59 484.34 278.29 1.826714397818203 0.6790469902840328 1.0597902206489944 -2.39 1.51 11.64 1.6549135365261995 0.8239321
Pedestrian 0.00 1 1.9672005037453513 774.19 142.84 822.86 278.86 1.7895192666355324 0.6257212291744423 0.6713293907949829 2.70 1.35 10.48 2.219350715818779 0.8467316
Cyclist 0.00 0 -1.6990783224490027 491.82 169.01 530.52 259.99 1.7038521576095675 0.554402164852519 1.4844958587015533 -1.80 1.46 14.30 -1.824293901981247 0.9385868
Person_sitting 0.00 2 1.2353597144272666 414.76 190.71 462.28 262.41 1.5674688223569107 1.5716871612430954 3.8182356899009133 -2.94 1.42 12.84 1.0102679319736576 0.9596752
Pedestrian 0.00 0 1.483444676795278 557.82 166.88 578.15 222.28 1.7809512833509398 0.7235221321967316 0.8366493923375511 -1.25 1.30 23.44 1.4301674973853304 0.8776323
Pedestrian 0.00 0 1.8436520854618887 538.01 166.03 551.34 218.52 1.7697012251619053 0.6897406037238312 1.0286459890911483 -2.24 1.28 25.29 1.75531006309714 0.8651552
DontCare -1 -1 1.640563809373651 298.00 191.18 409.20 269.14 1.5216357306396973 1.7493705742718124 3.8929909748361493 -1000 -1000 -1000 2.4259619727710993 0.64329785
DontCare -1 -1 -1.7718817899611334 635.64 157.93 675.16 211.99 1.5267623922607314 1.6381179758073234 3.73571836402277 -1000 -1000 -1000 -0.9864836265636852 0.54727685
