Pedestrian 0.00 0 1.4807538102057318 687.82 148.05 705.33 205.58 1.776581594199295 0.6701179257866812 0.8566256953189277 2.79 0.77 22.01 1.6068419052703222 0.935243
Pedestrian 0.00 1 0.5883042971279959 273.98 136.60 312.20 256.67 1.699831993729229 0.635563125768013 0.7693141443440819 -5.20 1.22 11.66 0.16880750124015992 0.7645689
Pedestrian 0.03 0 1.1106048683312277 899.82 143.42 999.56 369.00 1.7417854344848347 0.6758001203921509 0.9748668191740417 2.93 1.57 6.16 1.5545828832527597 0.95147294
Pedestrian 0.00 1 -2.07925541798142 887.66 136.79 967.82 330.39 1.7338042421642494 0.6855687368002605 0.9904922066042328 3.10 1.40 7.14 -1.6696403199932206 0.5911247
Pedestrian 0.00 2 1.1279656449940543 770.77 137.77 911.33 360.92 1.7582540753673566 0.7118488530901146 0.8871600344563031 2.06 1.47 6.34 1.4421262123144791 0.9386161
Pedestrian 0.11 0 0.5266907970097403 817.16 141.71 913.67 369.00 1.7806760067496252 0.7452691848662567 0.9313036395022773 1.96 1.51 5.59 0.8639232963896413 0.98625076
Pedestrian 0.00 0 1.8874733308937888 566.02 141.56 605.49 237.03 1.7670949412885857 0.5627063642528725 0.5295349774668121 -0.38 1.05 13.70 1.859743214580746 0.9242002
Pedestrian 0.00 0 1.864826546111379 602.70 134.19 642.62 233.12 1.7931838496032906 0.7035569901850891 0.8131907326886558 0.24 1.00 14.02 1.881943276563966 0.9983317
Pedestrian 0.00 1 1.6427210877325873 562.58 140.90 595.75 223.91 1.6788292913142395 0.7215726132777405 0.6588266012976074 -0.81 0.94 16.00 1.5921392701282542 0.9475262
Pedestrian 0.00 0 2.029671744504247 527.68 142.23 563.89 227.77 1.8231681896749687 0.6866467724827003 0.8117354480335617 -1.31 1.00 15.50 1.9453559896387287 0.99975294
Pedestrian 0.00 2 -1.5297691049661974 594.02 145.12 628.65 214.50 1.7494773365933252 0.6617112047311735 1.2440272090742492 0.12 0.83 17.83 -1.5230389766314003 0.99569196
Pedestrian 0.00 1 -1.8461257080223898 442.44 141.37 467.88 228.36 1.78971270233428 0.6879291626897526 0.34329266527389524 -3.26 0.99 15.16 -2.0579396969171553 0.5954037
Pedestrian 0.00 0 0.926489726701055 469.72 147.61 491.62 221.59 1.7519522355314148 0.5804750378516388 0.621881466896286 -2.88 0.90 16.00 0.7483967884698575 0.99965036
Pedestrian 0.00 0 1.7010049382832388 487.86 137.42 513.60 220.12 1.8204516483846855 0.635422220387764 0.9552194518754387 -2.44 0.88 16.33 1.5526839891748654 0.88102573
Pedestrian 0.00 1 0.01691456238297029 519.86 152.61 541.43 221.32 1.7290869834277582 0.6233901771989536 0.7388107893774414 -1.84 0.92 16.51 -0.09407503928789218 0.9474009
Van 0.97 3 0.927130059399877 0.00 0.00 267.65 369.00 2.2477565216948605 1.8254206726407243 5.661329267376709 -3.17 1.66 3.69 0.2173889605322732 0.7803092
DontCare -1 -1 2.013398961224828 323.21 152.13 378.74 187.10 1.4477342445223045 1.7309466370107078 4.185508715115585 -1000 -1000 -1000 2.7987971246222765 0.5860863
DontCare -1 -1 -1.388236061730657 408.51 145.96 441.43 200.46 1.4665878157882404 1.6115701452554607 3.5498945881948853 -1000 -1000 -1000 -0.6028378983332088 0.963877
DontCare -1 -1 2.9016920208891452 710.32 112.39 1222.00 164.01 1.497574024256916 1.7440837912918472 4.389317350588836 -1000 -1000 -1000 3.6870901842865935 0.6754282
