Car 0.78 0 -0.8671962181713919 0.00 202.89 409.12 374.00 1.477906611171217 1.7867758565307998 4.044167997442283 -2.68 1.78 4.79 -1.3773030306007321 0.824396
Car 0.64 0 -2.3803882161763052 785.69 141.57 1241.00 374.00 1.5007789660064887 1.5003087364794159 4.127857612572708 2.40 1.71 4.73 -1.9108384834672405 0.99070334
Car 0.00 2 1.9605808715012412 725.46 187.21 937.65 335.69 1.5172184257587802 1.6519790527136469 3.8215492424891377 2.66 1.75 9.83 2.224852043043266 0.81041366
Misc 0.00 0 1.7493973384287695 389.17 215.29 489.69 280.81 1.5728095549909782 1.6574702852131271 4.319347547493972 -3.22 1.88 13.79 1.5200049430222142 0.9800457
Car 0.00 1 1.6746288622405867 437.40 190.78 526.57 256.64 1.489375166949482 1.6249112573177957 3.5739585926161195 -3.19 1.92 18.45 1.5034217814718325 0.9998822
Car 0.00 2 1.2680924097683768 667.89 189.40 793.85 273.61 1.5961293805210304 1.554210706865921 4.081728549800911 2.29 1.81 14.94 1.4201884183005935 0.6226136
Car 0.00 0 1.593782384940658 530.70 183.18 562.32 210.06 1.6370125118462753 1.6379281275631332 3.9189909530208493 -3.47 1.96 39.56 1.5062914450237248 0.99610645
Car 0.00 0 -1.4561131680991988 628.54 181.45 658.76 206.77 1.5974386784999084 1.6316468727500582 3.810766240708628 2.04 2.04 45.19 -1.4110010649137887 0.9903618
DontCare -1 -1 1.0378490845349173 556.44 179.19 593.98 196.94 1.4403447363345336 1.6759283051551723 4.12693549891571 -1000 -1000 -1000 1.8232472479323656 0.94820076
DontCare -1 -1 1.5809392305698733 602.27 177.10 639.81 194.85 1.4748450223176193 1.6444779888452434 3.9602932949886704 -1000 -1000 -1000 2.3663373939673216 0.7666383
