Car 0.00 0 -1.8262977759030203 697.32 185.13 804.60 258.66 1.4945125639258336 1.7045088105560684 3.253796653948822 2.93 1.39 15.59 -1.640523849090741 0.82134473
Car 1.00 0 -1.3230818072941641 0.00 215.90 121.10 375.00 1.4001794982521247 1.498172893440857 4.06038196583847 -3.55 1.65 2.05 -2.370193473092818 0.9400247
Car 0.00 0 -1.2876120368626456 324.01 178.47 473.64 279.47 1.43652419036314 1.5935118042589569 3.2864102890119935 -3.62 1.46 12.93 -1.5605920529531794 0.9999372
Car 0.00 0 -1.6159892762687544 642.20 176.64 683.41 207.50 1.5469157829700422 1.6556150757433319 4.030675875149765 2.70 1.04 36.37 -1.5418881952453765 0.8409358
Car 0.00 0 -1.131048278012548 69.12 184.09 272.83 276.58 1.5106955397693824 1.6632921465398216 3.49114836951355 -7.87 1.44 13.30 -1.6653642029846014 0.99977404
Car 0.00 1 -1.4293300370362143 430.90 180.37 514.89 237.16 1.529034486860634 1.621577055445447 3.80319428642849 -3.83 1.34 20.87 -1.6108275095499163 0.99991834
Car 0.00 2 -1.5948469257589917 312.53 185.94 399.94 233.85 1.5328893292514991 1.6597630821825409 4.051577033601799 -8.17 1.45 23.58 -1.928382513036528 0.9933569
Car 0.00 1 -1.185907200970922 392.03 183.80 447.33 217.63 1.5266493902361404 1.6653699272037887 3.8257795107887174 -8.49 1.37 32.64 -1.4403785670876559 0.78218204
Van 0.00 2 -1.7177648852255682 433.04 172.08 472.39 205.17 2.210676086612544 1.8038998792027665 5.012260826134729 -8.79 1.07 40.86 -1.9296603439092115 0.5735918
Car 0.00 1 -1.4947894821551184 516.97 179.91 549.12 203.18 1.4851289171545219 1.5850734927417183 3.903407624118128 -4.58 1.04 44.24 -1.5979482095177984 0.9998721
Van 0.00 2 1.884692327180181 465.30 172.51 502.80 199.91 2.1334364893962956 2.0454461226319505 5.002947768026638 -8.95 0.99 52.33 1.7153012697420191 0.9913312
Car 0.00 0 -1.6171151744809489 587.97 176.73 613.79 200.97 1.5160884949198377 1.6952862583757782 3.8822248523459817 -0.47 1.02 49.22 -1.6266638480991977 1.0
Car 0.00 0 -2.0988316694882254 620.08 177.36 634.88 192.28 1.516845742595048 1.6267987613291883 3.741068715356388 1.95 0.67 71.68 -2.0716341364592634 0.9893845
DontCare -1 -1 -2.083813623585973 546.37 176.53 565.21 190.15 1.4978575020848226 1.6323257351951146 3.588759200774231 -1000 -1000 -1000 -1.298415460188525 0.90532553
DontCare -1 -1 -1.5678262268800776 575.61 179.67 591.32 194.34 1.4694032523600769 1.621917129746213 4.068961234890022 -1000 -1000 -1000 -0.7824280634826293 0.8873541
