Pedestrian 0.00 0 1.9467386166241507 613.48 161.98 668.23 316.79 1.8023323616388989 0.6959710995939445 0.7328673867294693 0.36 1.51 8.51 1.989016581756491 0.9408797
Pedestrian 0.00 0 1.297138170399938 671.76 153.02 737.75 310.53 1.7649856707457257 0.6531062544596267 0.7576283631632232 1.12 1.48 8.77 1.4241587029659275 0.82844347
Pedestrian 0.00 2 1.227132604518209 203.40 159.25 288.27 327.03 1.7542319767553163 0.7178212608483505 1.0985904602119827 -4.10 1.54 8.18 0.7625074787222055 0.96586764
Cyclist 0.31 0 -1.7092901478197913 80.24 151.68 315.01 373.00 1.729775715189085 0.5960237064569187 1.8886395125115776 -2.67 1.64 4.93 -2.2056475545607133 0.9923126
Cyclist 0.00 0 1.8539957861092429 380.67 168.25 468.73 298.94 1.8630478750337218 0.580839398986001 1.7863134444157147 -2.50 1.53 10.25 1.6147641861455824 0.9969235
Cyclist 0.00 1 1.3142193118718009 427.72 164.78 473.12 258.83 1.7433222844619607 0.5494172440080833 1.9465893609846496 -3.09 1.48 14.71 1.1071685197055794 0.6652322
Pedestrian 0.00 1 -1.5202626856651644 735.13 164.60 758.12 234.14 1.7745657390359593 0.7010895739582252 0.9926357386419677 3.46 1.23 17.29 -1.3227559034822978 0.63822716
Car 0.00 0 1.667862438657556 478.49 167.46 521.01 206.00 1.5345449842332315 1.6680389114381218 3.7571360786781693 -5.87 1.34 42.05 1.5291630282077482 0.9972373
DontCare -1 -1 1.6603843058135848 541.10 171.44 563.99 191.22 1.576306604203434 1.677362776613369 4.143241332970657 -1000 -1000 -1000 2.445782469211033 0.99999964
DontCare -1 -1 -1.5737664267097156 366.57 177.67 382.19 213.03 1.573467597719879 1.6239188790978336 3.8982435298488523 -1000 -1000 -1000 -0.7883682633122673 0.96344525
DontCare -1 -1 -1.3658807883646826 19.37 180.83 70.73 262.88 1.3786416653363418 1.4998859011293793 3.69863008161644 -1000 -1000 -1000 -0.5804826249672344 0.7759341
