Car 0.48 3 1.5358542809870581 0.00 161.31 165.84 315.47 1.5317975435225677 1.6061176464618587 3.314021902285614 -6.76 1.51 8.27 0.8505858727422497 0.98463905
Car 0.00 2 -0.6668946901944022 22.46 175.55 384.96 289.95 1.4540774229733657 1.8161666386486435 3.76245575597147 -5.83 1.57 10.68 -1.166569366736184 0.7731032
Van 0.00 2 1.7492879341032843 68.04 95.67 435.47 267.07 2.273159533285103 1.9311158271586133 5.3149991760194775 -6.39 1.59 13.23 1.299338098475344 0.6549996
Car 0.00 0 -1.9501031498101096 731.60 186.28 965.43 331.52 1.4007135856716346 1.5167211734415436 3.589319961272278 2.71 1.61 9.36 -1.668279400516518 0.9971021
Car 0.00 2 -1.3768998394396643 842.74 180.88 1043.60 258.72 1.4865385036735248 1.6707572967471027 3.750060202680626 6.39 1.60 14.20 -0.9540459133067236 0.9999945
Car 0.00 2 -2.408009664216314 759.16 178.74 955.42 240.36 1.4098426852194976 1.628082230007782 4.0098394324407955 6.18 1.64 18.52 -2.0859351707315534 0.9998956
Car 0.00 2 -1.873953984179769 303.89 171.19 465.79 228.51 1.4163082692591857 1.6068126962245846 3.8655484403819824 -6.45 1.53 20.84 -2.1741043027792166 0.9994179
Car 0.00 0 -1.5165684754636626 633.81 175.41 659.61 194.47 1.4787110354571056 1.5972719632746124 3.8394256384448195 2.62 1.53 52.61 -1.4668091658390876 0.99112576
Car 0.00 2 -1.2555945376541953 479.56 170.21 549.39 195.94 1.4742533083824825 1.5581604831577682 3.6015849282369996 -6.11 1.44 46.26 -1.3869139853763344 0.98250926
Car 0.00 2 0.5758243362095694 684.41 175.65 763.49 205.50 1.4254999015299987 1.585197343742981 3.8321650904939557 5.95 1.67 38.09 0.7307810342454304 0.97732407
Car 0.00 2 0.870913759866033 409.61 173.98 518.35 214.44 1.4305649477808189 1.609531550920143 3.841558156661787 -5.66 1.57 28.01 0.671527948028689 0.991245
Car 0.00 2 -1.414736301698957 727.04 173.00 826.69 214.47 1.489628993329258 1.718363723969593 4.09655995865921 6.52 1.58 28.51 -1.1899108486589511 0.99999166
DontCare -1 -1 1.2036814550545554 539.42 167.44 610.69 187.18 1.4754756580857944 1.6828604520024204 3.7762255539522553 -1000 -1000 -1000 1.9890796184520037 0.9766964
DontCare -1 -1 -1.5179271000113825 615.58 172.75 639.08 183.42 1.490823861566038 1.5905486487509155 3.9793182780371095 -1000 -1000 -1000 -0.7325289366139343 0.7912161
