Car 0.00 0 -1.515876774736915 560.36 177.52 601.22 214.78 1.4121947217552375 1.6489194997311973 3.59054006835083 -1.29 1.26 33.15 -1.5547711771904327 0.99805766
Car 0.91 0 -0.6336055556919913 0.00 187.16 317.84 375.00 1.4744412194757175 1.5834383734227562 3.9292098899708177 -3.23 1.62 4.00 -1.3129029669899073 0.9965404
Car 0.00 1 -1.3447745154288153 269.15 191.98 434.90 297.16 1.5082859661249828 1.603569126939907 3.4899778534994508 -4.00 1.54 11.67 -1.6749842374398027 0.9999963
Car 0.03 3 -1.6172565604236464 0.00 190.04 245.15 294.60 1.4733401503233623 1.6762787134112263 4.181302832566299 -8.09 1.55 12.37 -2.1964397266656066 0.99988484
Car 0.41 3 -1.6618034477022032 0.00 188.86 126.92 260.95 1.4021326083509635 1.6630308062495136 3.4761035015211488 -12.96 1.50 16.22 -2.335942614761448 0.98914987
Car 0.00 2 -1.3497352013972144 207.67 184.54 327.93 246.80 1.519004962994383 1.6311945219249868 3.2274643351660157 -8.84 1.45 18.94 -1.7864201680203333 0.99996316
Van 0.00 1 1.4406111250307898 336.05 150.14 431.83 228.16 2.2588854427566147 1.9112250493919087 6.114020226353454 -8.26 1.40 27.17 1.145477876528813 0.8761428
Car 0.00 2 -1.5297705578294138 179.52 185.18 284.69 231.60 1.560413662698717 1.6614509516121292 3.8204876800403977 -12.94 1.47 24.96 -2.0080528203350987 0.9998436
Car 0.00 1 0.4825886050846915 395.74 181.72 447.84 214.58 1.499782311153264 1.6497721963287735 3.794186661146679 -8.97 1.33 34.84 0.23059866333250234 0.58877087
Misc 0.00 1 1.901591078439031 496.23 165.39 539.35 208.18 1.5530963022081565 1.6561199755133533 4.016110556326904 -5.36 1.28 43.29 1.7784019159391518 0.8882816
Misc 0.00 0 -1.5494730650123696 451.62 148.69 525.41 223.08 1.523122298885734 1.6065606058300876 4.1170207728968045 -4.61 1.33 28.50 -1.7098384522178514 0.9994722
Truck 0.00 1 1.2941464642670493 520.67 148.84 552.59 196.65 3.0681621837052298 2.5911315428555297 11.57292066833725 -6.67 0.91 69.40 1.1983312472532421 0.77491933
Car 0.00 2 -1.577632277799074 292.77 180.33 354.85 214.99 1.5786133523850154 1.624739126554265 4.283139722548523 -13.03 1.28 33.10 -1.9526573984668854 0.9977998
