Car 0.00 0 2.030842945971761 118.13 200.07 327.37 310.69 1.4759555574326229 1.5526322268606567 3.8570854980601976 -6.09 1.92 11.73 1.5519680875938378 0.9997216
Car 0.00 1 -1.8227707306530814 699.66 174.85 820.16 257.40 1.5274843637651216 1.6910500519634628 3.7934974451885606 2.97 1.58 15.27 -1.6306701288827683 0.9999995
Car 0.00 1 2.0424867729332785 295.07 192.88 418.59 260.65 1.5180820416478824 1.6534306400181198 4.072508650027313 -5.98 1.89 17.39 1.7112782030595635 0.9999999
Car 0.00 1 1.8140826980259757 404.39 178.97 478.32 232.65 1.4862577099172782 1.6615353145362282 4.006493272386589 -5.92 1.97 25.63 1.5870843913623969 0.96285695
Car 0.00 2 1.3009502152588706 445.38 182.16 500.58 221.15 1.5334772564290475 1.6532729931832695 3.9171745908782865 -6.09 2.04 32.28 1.1144802460986791 0.9996973
Car 0.00 1 -1.6866558576610426 637.12 176.03 657.90 194.08 1.4885778467921924 1.6526191227795028 3.563141809903183 3.32 1.85 64.57 -1.6352840298600806 0.99883
DontCare -1 -1 -2.0788599411633353 524.15 176.06 589.82 197.98 1.4795260358421516 1.6743269518674755 3.9657959585414315 -1000 -1000 -1000 -1.293461777765887 0.9518297
DontCare -1 -1 -1.4809867749598364 598.10 172.94 611.68 186.52 1.540627787244172 1.6060842715860748 3.8780612071380998 -1000 -1000 -1000 -0.6955886115623882 0.9801673
DontCare -1 -1 1.7589548538115363 499.15 182.31 525.23 203.19 1.6154046732752037 1.663715726947918 4.126447128258743 -1000 -1000 -1000 2.5443530172089845 0.98948014
DontCare -1 -1 1.1319043795254569 667.90 168.77 751.27 187.56 1.469956014659853 1.6782087900401497 3.973888414107361 -1000 -1000 -1000 1.9173025429229051 0.9554293
DontCare -1 -1 -0.8216859261181693 798.10 156.27 900.23 187.56 1.4371455836860847 1.6437969219596529 3.9607700427399064 -1000 -1000 -1000 -0.036287762720720984 0.9184936
