Cyclist 0.00 3 -2.049988911547933 836.75 157.84 881.00 239.53 1.7265103808958386 0.5322123372166347 2.08012754753479 5.73 1.48 16.79 -1.721108353199131 0.6398775
Pedestrian 0.00 1 -1.3571361462262015 870.38 163.43 895.38 224.81 1.730259380713458 0.6023419331100655 0.7681412739465141 7.63 1.45 20.42 -0.9995466834599599 0.97549814
Pedestrian 0.00 0 0.7751315395024161 899.70 162.57 921.70 224.44 1.8995874015990448 0.7076227496650886 1.0525118825743103 8.34 1.42 20.29 1.165118712708471 0.87157875
Misc 0.00 2 1.4878387237575392 888.54 187.92 916.14 223.58 1.4992582093743991 1.645501115611329 3.98258335342268 8.39 1.44 20.82 1.8709096220512431 0.6984021
Cyclist 0.00 3 -1.6162143247809748 754.24 170.06 767.79 206.81 1.735215330531851 0.543833272269268 1.6220188690746689 6.86 1.52 32.96 -1.411012795089106 0.69864565
DontCare -1 -1 2.6851194659855704 677.27 166.69 827.31 179.23 1.414980739709587 1.6827848621369743 4.221355574332275 -1000 -1000 -1000 3.4705176293830187 0.8958887
DontCare -1 -1 0.7127378145840506 792.10 156.17 1240.00 201.29 1.493206030112357 1.711493886327877 4.591067390643158 -1000 -1000 -1000 1.498135977981499 0.98931456
DontCare -1 -1 -1.4460659782078604 572.42 175.08 587.75 185.75 1.508985814061613 1.6273150902898454 3.8259557878003503 -1000 -1000 -1000 -0.6606678148104121 0.64279616
DontCare -1 -1 1.0819519917157034 481.44 177.10 503.36 186.52 1.5070934802113485 1.6686425612033748 3.944621371232071 -1000 -1000 -1000 1.8673501551131517 0.9671387
DontCare -1 -1 -0.873157219090734 606.44 176.06 632.52 186.52 1.4853333014814567 1.5967470028163337 3.80616591697196 -1000 -1000 -1000 -0.08775905569328568 0.7865962
