Car 0.00 0 -1.5077143693950514 577.11 173.54 643.48 234.02 1.389746159669609 1.7226026945473099 3.2955350448713685 0.04 1.28 21.13 -1.5058213285896274 0.99999964
Car 0.61 3 -2.1184048215535025 0.00 196.64 160.27 317.47 1.487869296577425 1.67734431779994 3.9517037888393785 -8.33 1.64 10.04 -2.810983909820938 0.95348096
Van 0.27 0 -0.9691253463414053 0.00 58.38 403.10 375.00 2.2060457482119418 1.9710246721362306 4.963921701365757 -4.34 1.57 8.41 -1.445532187290273 0.8224201
Car 0.00 2 -2.3503741780903677 166.29 184.07 323.26 257.97 1.4720465991465759 1.63246703359349 3.9894637336359406 -8.37 1.49 16.93 -2.809522646243721 0.9534038
Car 0.00 0 -1.5125054130938391 415.38 175.59 504.97 241.28 1.6289735067455482 1.6569744788767242 3.724351855121651 -4.01 1.38 19.94 -1.710961622435098 0.9998503
Car 0.00 1 -1.5178741152074675 379.71 181.47 439.74 215.90 1.471437696722002 1.6381177224875831 3.651202546559372 -8.76 1.26 32.02 -1.7849187665702242 0.9980648
Car 0.00 1 1.4010065952923636 475.06 177.27 525.30 214.95 1.4843728024332237 1.6469702955992365 3.9671208952889825 -4.74 1.23 31.93 1.2536331441766602 0.502602
Car 0.00 1 1.951160148778234 500.15 181.02 533.85 205.52 1.487050403264017 1.6514221274019623 3.6061307360754395 -5.37 1.14 42.69 1.8260268096684231 0.9971167
Car 0.00 1 -1.5045658285405974 521.24 178.97 549.49 199.94 1.4707842621772003 1.6311167210997486 3.9134554808364297 -5.18 0.99 51.76 -1.6043109950528045 0.50692976
Misc 0.00 1 -1.286154226460729 523.32 150.92 561.97 193.76 1.5641464743582916 1.6234051354886436 4.188500302039184 -5.69 0.65 64.63 -1.3739674243567914 0.8285471
