Pedestrian 0.00 0 -1.8505301932480673 33.32 162.02 72.14 217.57 1.7654992243651104 0.6635859291341972 1.0126029519150161 -18.40 1.46 23.78 -2.509064762262149 0.95975685
Pedestrian 0.00 1 2.166134194531713 488.15 162.06 501.40 199.09 1.7769206235561323 0.6382770407286358 0.6948016850063705 -5.99 1.32 36.78 2.004691328008456 0.7732248
Car 0.00 1 1.2892077724125723 439.53 155.02 494.43 197.11 1.596980773267002 1.6306501042754793 3.7985257824287797 -8.03 1.30 40.10 1.0915724389136157 0.9999856
Car 0.00 1 -1.9197166422989707 476.90 162.39 531.39 193.68 1.5474707580922555 1.6301950358511352 3.7085600813255692 -6.29 1.19 42.40 -2.066991585602376 0.9816016
Car 0.00 1 -2.093486146130834 525.02 163.99 589.54 191.20 1.4752826396195602 1.6018523939610863 3.9946835955009843 -3.27 1.07 43.41 -2.168672415050823 0.99277365
Van 0.00 1 -1.557822280624185 671.55 153.15 735.52 187.80 2.273323542915783 1.910151457980795 4.987437089735317 6.00 0.95 46.97 -1.4307692624480186 0.96620333
Car 0.00 2 1.5153171541776995 706.48 161.57 754.53 185.01 1.4688428867428016 1.6602804430486107 3.759127492211857 8.12 0.82 48.98 1.6796049046527135 0.9758911
Car 0.00 1 -1.6179305809226374 745.50 159.30 797.86 184.25 1.5282843149086844 1.6489211127818966 3.6816575696096803 11.36 0.79 50.92 -1.3984300344087952 0.9829281
Car 0.00 1 2.4963053027775626 773.73 164.66 833.63 184.48 1.4696054350404453 1.6551086784066105 4.0593599995003125 14.64 0.87 54.78 2.757452987906887 0.93870527
Car 0.00 1 1.609269251176391 809.99 164.05 854.40 184.02 1.5309852775006008 1.6127018064917469 3.94421345939497 16.96 0.84 55.21 1.9073099168221717 0.6628253
Car 0.00 1 0.9607222835209708 832.40 165.62 881.62 184.48 1.553708032128067 1.5916991636814022 3.69234046538929 19.06 0.89 55.83 1.2897093773683836 0.8630733
Car 0.00 1 0.9533686796810965 854.84 163.32 912.66 183.02 1.492258860152812 1.6020113222957992 3.4580381681547547 21.39 0.79 56.59 1.3147511182783889 0.85294455
Van 0.00 3 -2.403213099637304 899.08 153.40 960.89 180.94 2.1032391856541253 1.8866550015365315 4.869370443576622 26.43 0.65 59.71 -1.9864970645402504 0.9191853
Car 0.00 1 -1.3681151727822165 925.78 161.14 981.00 179.88 1.5402085076837253 1.6762037493945503 3.875143416352668 28.89 0.57 60.81 -0.9245963975286594 0.86848897
Car 0.00 2 1.4857283989575247 950.99 162.20 999.43 179.36 1.5205039171321701 1.6778358251513386 3.911164721600809 31.39 0.54 62.10 1.953746440958562 0.9561764
DontCare -1 -1 2.7542740861561636 329.35 153.15 637.73 179.23 1.428987071272583 1.6903404065133476 4.0021252503023526 -1000 -1000 -1000 3.539672249553612 0.9309315
DontCare -1 -1 0.28257282177475496 1009.60 145.85 1113.81 180.27 1.4654535542993259 1.6573333956958198 4.0770904888735195 -1000 -1000 -1000 1.0679709851722032 0.9379066
