Car 0.00 0 -2.0335354963925223 772.60 194.52 972.35 312.20 1.499249831196518 1.6436483778716469 3.6612165143118287 3.68 1.76 11.01 -1.7109677261603697 0.99912304
Car 0.00 2 -1.4505764926460127 732.30 187.54 840.34 264.09 1.4994280174194288 1.6595890664221191 3.7061249335632707 3.88 1.87 16.68 -1.2220269461006152 0.99989486
Car 0.00 0 1.720966518917356 466.14 189.30 535.30 236.78 1.5387886356382083 1.7077173881889725 3.9432864805088426 -4.01 2.23 26.82 1.5725506518295689 0.9999918
Car 0.14 3 -1.083681241669927 1015.37 173.90 1241.00 249.14 1.4949394188641023 1.5790287845493698 3.8825559002683545 11.56 1.54 15.96 -0.45682496177455867 0.5562908
Car 0.00 2 -1.2258460084584097 498.45 187.09 554.99 227.31 1.4735177907912445 1.6225981239886427 3.696649612985649 -3.64 2.27 31.90 -1.3394611903250189 0.98892516
Car 0.81 3 -1.59320725599793 1165.34 174.48 1241.00 264.73 1.5537756759493064 1.562362282788887 3.934426041446724 12.12 1.57 12.50 -0.8232424731400627 0.7148864
Car 0.00 0 -1.5343379723515849 693.92 179.64 724.37 209.71 1.5553966577915859 1.6268531822325134 3.6678811480627442 6.17 2.21 45.44 -1.399379896584163 0.9999672
Car 0.00 2 1.7032123068955283 221.74 188.06 337.58 224.94 1.5049095213232946 1.6715029843808555 3.6447777320967103 -14.48 2.21 31.72 1.2749708400442779 0.60995114
DontCare -1 -1 -1.2859965423729758 554.35 189.60 579.39 213.60 1.5033515304146718 1.6806070686043644 3.8062746134922887 -1000 -1000 -1000 -0.5005983789755275 0.7744778
DontCare -1 -1 -1.8012237856772284 603.31 183.35 658.56 202.14 1.415266469475479 1.671943865037098 4.073295341931381 -1000 -1000 -1000 -1.0158256222797801 0.89883244
DontCare -1 -1 -2.0548115531590323 344.98 183.35 414.81 209.43 1.4112061861722183 1.6190379627705955 3.936392786108055 -1000 -1000 -1000 -1.269413389761584 0.85937065
DontCare -1 -1 1.5419536485013108 659.56 178.15 674.18 189.65 1.4275852147309493 1.6172682673396015 3.762220615647831 -1000 -1000 -1000 2.327351811898759 0.676158
