Car 0.92 1 -1.7904706011202673 0.00 225.52 134.43 374.00 1.4769610132841777 1.6275885377736234 3.6198713948355103 -5.93 1.97 5.75 -2.59127850357345 0.57196206
Car 0.00 1 1.9342809776451926 63.97 205.21 311.58 335.21 1.4900761212973308 1.6633734249235534 3.9483788927421952 -5.92 1.97 10.58 1.4241380987453631 0.9997024
Car 0.00 1 1.8622524003174643 271.24 196.16 409.06 271.43 1.4694062214164447 1.6887283318401718 4.167157845698394 -6.01 1.99 16.45 1.5119691289952217 1.0
Car 0.22 0 1.3737247745182852 1000.82 135.93 1241.00 241.17 1.6061828959552955 1.5811087109805488 3.747377114497223 9.03 1.07 12.23 2.0097270105886063 0.7723822
Car 0.00 2 1.9931980232384543 961.34 137.05 1148.13 227.09 1.531526495125742 1.679394199764862 3.778869921468296 9.01 1.05 14.85 2.538554292249617 0.98356473
Car 0.00 2 1.4979993189361434 889.38 145.73 1070.36 221.29 1.6096527356474113 1.7566189908148193 4.029881807170906 8.66 1.09 17.16 1.9653695724437341 0.99997616
Car 0.00 2 2.0762140909817557 829.45 154.51 987.62 214.99 1.5334102254180622 1.6571065962971592 3.977613182865181 8.15 1.11 19.98 2.463518986413699 0.9780874
Car 0.00 1 1.9182064990189414 389.49 188.90 474.76 237.88 1.4672611731855583 1.5947369442047024 3.67976947327713 -5.84 1.99 24.01 1.6796078042938907 0.9999993
Car 0.00 1 -1.7861023108151297 692.86 175.82 789.90 241.68 1.5074255619017791 1.6424332161159658 4.036908092103996 3.16 1.57 18.26 -1.6147436351598006 0.9999627
Car 0.00 2 -1.7580057541516165 676.10 173.60 741.07 226.18 1.5400428701011848 1.6490461297990227 3.815547065936127 3.13 1.62 23.81 -1.6272978674367464 0.93954474
DontCare -1 -1 -2.1581554571774344 462.69 180.23 550.23 222.98 1.4601058106689166 1.6833406754495048 4.097305076323547 -1000 -1000 -1000 -1.3727572937799861 0.9230962
DontCare -1 -1 -2.332400099435125 586.65 175.02 617.94 189.65 1.507237850111575 1.6551747315288925 4.094408812128105 -1000 -1000 -1000 -1.5470019360376766 0.94657475
DontCare -1 -1 -1.606712662675653 640.81 178.15 696.06 207.36 1.4955675475119066 1.6268909734399462 3.346944349013367 -1000 -1000 -1000 -0.8213144992782047 0.9979348
