Car 0.00 1 -1.7910429100182395 673.51 178.93 754.96 240.46 1.5458746667771053 1.6829967193962478 3.8418197167442227 2.79 1.73 20.41 -1.6551872483412227 0.9999999
Car 0.93 0 1.6318888152625899 0.00 229.27 243.93 374.00 1.582141053286047 1.6484048117609167 4.3264205624685665 -3.82 1.86 4.12 0.8842560629243483 0.8668939
Car 0.00 0 2.709298209347997 912.34 162.21 1225.51 250.68 1.6018469560711097 1.7225442000390434 4.215382890902557 8.21 1.32 13.26 3.26368358919123 0.99968684
Car 0.00 2 1.9554710845139365 864.25 141.09 1096.70 231.94 1.5563909750251483 1.6135427796007538 4.26651491423706 8.25 1.26 16.42 2.4210656367836068 0.6206847
Misc 0.00 0 1.7417798052218298 352.06 207.78 424.58 245.44 1.5569391179649543 1.6715881184400463 3.8181634267197038 -6.31 1.96 20.58 1.4442713781276255 0.5527207
Car 0.00 2 -1.4788723374393324 390.71 183.92 466.27 236.62 1.5344152211962652 1.6289565258385086 3.6872007866726304 -6.16 2.03 24.74 -1.7228997070936445 0.99997175
Car 0.00 1 2.09632141987351 192.50 197.60 359.62 289.99 1.559835225698204 1.6342758157016182 3.4494396319017793 -6.19 1.95 13.69 1.6716769581893474 0.694451
Car 0.00 0 1.7949524978783469 793.68 161.04 952.20 216.77 1.6679424200026702 1.6052713648141765 4.252008723221817 8.08 1.31 22.52 2.1394384255615226 0.99260885
Car 0.00 1 1.6927927742388587 461.38 183.23 508.66 216.37 1.47545113822505 1.6957219981314087 3.4526286294088746 -6.20 2.06 35.97 1.5221041120639063 0.9999875
Car 0.06 2 2.3117681900647025 1105.79 146.61 1241.00 192.63 1.5555757809250068 1.6522825241745853 3.747631179295578 22.52 0.75 28.75 2.976245625776022 0.9152814
Car 0.00 2 1.9813977936890463 1054.56 146.80 1191.55 184.07 1.5866353217332076 1.5520295568467521 4.371430771552124 22.61 0.47 31.98 2.5968092300968273 0.98408705
Van 0.93 3 -2.5066932002690177 1224.34 129.81 1241.00 194.71 2.1803590911557293 1.8864756772374345 5.118659699165868 22.47 0.66 22.49 -1.7217398766998786 0.9207627
DontCare -1 -1 -1.5903949132796864 498.10 177.10 570.02 206.31 1.4337954226700973 1.6484165762276792 4.036235602699318 -1000 -1000 -1000 -0.8049967498822381 0.7675384
DontCare -1 -1 1.7131761918452124 603.31 171.90 618.98 186.53 1.4950661364762496 1.6513621148378992 3.98283673276762 -1000 -1000 -1000 2.4985743552426607 0.79315734
DontCare -1 -1 1.8477022806790213 624.15 172.94 656.48 192.77 1.4980300109653186 1.6235935941995525 3.9845654686317826 -1000 -1000 -1000 2.6331004440764696 0.99442494
DontCare -1 -1 -0.6997432867672781 717.90 161.48 771.07 190.69 1.4414801377622795 1.5991987057687187 3.7062847485170747 -1000 -1000 -1000 0.08565487663017013 0.82132673
