Car 0.00 2 -1.3133421103146414 223.57 183.53 441.75 267.20 1.6453085619775962 1.693418978965416 4.047859164081611 -5.41 1.75 14.19 -1.6775847876257435 0.92675674
Car 0.00 0 -1.6919207806375365 719.01 186.15 809.94 253.99 1.5273611795908224 1.578816323793068 3.672339217864075 3.56 1.77 17.33 -1.4893152025259682 0.9465479
Car 0.00 1 -1.7250683466580252 323.52 180.39 480.00 232.14 1.4140136766998481 1.7131388925672912 4.345999227963485 -6.02 1.65 21.00 -2.0042482871259018 0.9302334
Car 0.00 2 1.9262481788781027 399.67 180.88 507.55 223.06 1.5419421925960493 1.6147805333794498 3.5892605056391145 -5.71 1.77 26.43 1.7134759114199034 0.9707455
Car 0.00 2 -1.8620527843621115 702.53 178.60 771.88 235.90 1.509969877433629 1.6674025238217258 3.5232024957762147 3.81 1.81 22.32 -1.6929834125957444 0.9966133
Car 0.00 1 -1.7464100579407553 679.93 182.37 720.81 212.40 1.4927971701888751 1.6054125235141659 3.5089028944597627 4.40 1.87 35.71 -1.6238131972692145 0.5581035
Car 0.00 2 -1.5945350872960429 473.96 181.25 552.45 214.56 1.5136672504065942 1.5817802690626526 3.4463768174276734 -4.51 1.89 33.60 -1.7279637781529853 0.71364707
Van 0.00 0 1.4932000497963767 659.53 168.53 685.18 196.64 2.1196012566914177 1.9239805700337125 4.930725393647003 5.42 2.01 63.47 1.5783880548285216 0.90253085
DontCare -1 -1 1.4586885208871703 548.10 175.02 622.10 196.94 1.5187374012364458 1.6361409605206394 4.019194902978935 -1000 -1000 -1000 2.2440866842846185 0.97755367
DontCare -1 -1 2.2083247462895255 629.35 175.02 664.81 189.65 1.4887572120694827 1.6291102350415134 3.9834757318125154 -1000 -1000 -1000 2.9937229096869737 0.86596143
