Car 0.11 0 0.5478064576771597 0.00 182.02 318.09 304.67 1.493929390218706 1.7636042975546264 4.226643489800491 -6.52 1.72 10.15 -0.02318238186777377 0.9750964
Car 0.00 1 -1.1580776433136801 188.00 163.67 407.79 261.76 1.5501417018292856 1.7160995595814132 4.603576140605011 -6.41 1.74 14.99 -1.5621640174017837 0.9996681
Car 0.00 0 -1.8785388628628592 709.70 187.29 870.37 296.71 1.424691468831749 1.6209710214944029 3.546949194870987 2.69 1.71 11.74 -1.653295804206529 0.9995363
Car 0.00 1 -1.5106562646713595 659.93 178.76 733.32 237.36 1.5237519330164802 1.6895863258005523 3.4584444036112214 2.57 1.86 22.51 -1.3969770211120531 0.9970086
Car 0.00 2 -1.566321151391838 323.98 178.82 475.65 233.11 1.5022025763808202 1.6378669378073358 3.5984831919298554 -6.55 1.81 22.68 -1.8474719605904397 0.8798303
Car 0.00 2 -1.9079288701203208 650.04 183.58 702.57 221.12 1.5573405552475166 1.6267949429066324 3.8139110301957513 2.53 1.80 28.65 -1.8198501909870617 0.5472325
Car 0.00 2 -1.5341699319568018 639.87 178.85 675.71 211.78 1.4925458825944375 1.643245185977354 3.501023309432068 2.42 1.95 37.65 -1.4699820024150125 0.9899277
Car 0.00 2 -1.2797753671791892 453.35 175.33 517.07 210.85 1.4403562698332977 1.6136484418721342 3.715517925225296 -7.10 2.11 41.10 -1.4508364707726398 0.9993267
DontCare -1 -1 -0.3806315223362784 503.31 176.06 586.68 196.94 1.45590403711483 1.6510379214496755 3.9447775726542855 -1000 -1000 -1000 0.4047666410611699 0.6084922
DontCare -1 -1 1.6719153905895094 597.06 173.98 634.60 192.77 1.4771247397927951 1.6435412049950504 4.108505861960449 -1000 -1000 -1000 2.4573135539869577 0.9214524
