Car 0.86 0 -1.4349092255022864 0.00 188.90 142.90 374.00 1.4551433849899482 1.5515567355514908 3.457531916104355 -6.32 1.64 5.62 -2.2788668251293727 0.5158376
Car 0.52 3 -1.4174198369171958 0.00 180.00 238.01 332.31 1.5153738790011417 1.6360109423012876 2.959322707854309 -6.64 1.62 8.04 -2.1077377096855963 0.99985373
Car 0.00 0 -1.9398403326657156 713.71 191.88 851.24 283.91 1.431873448547573 1.5801206373335266 3.376643436156311 2.95 1.77 13.19 -1.7198071311579373 0.98198503
Car 0.00 2 -0.9874361912396292 63.37 183.33 351.78 295.67 1.7428113672702026 1.586857899344101 4.096099870406189 -5.78 1.66 10.53 -1.4894405373850477 0.88558257
Van 0.00 2 -1.299494252600942 168.18 171.55 388.04 274.97 2.107166476093731 1.8527985686516 4.84870983456974 -5.84 1.70 12.86 -1.7257701695088572 0.90426105
Car 0.00 2 -1.6370511362936835 270.80 175.33 427.96 246.42 1.467007842269392 1.6688973673344993 3.760025905571976 -6.36 1.71 17.75 -1.9811096821247585 0.9995733
Car 0.00 1 -1.6380075449731688 760.57 188.27 918.19 238.96 1.5295402634708595 1.5812316381098175 4.1010775287971875 6.38 1.80 20.48 -1.3360126035004811 0.9913966
Car 0.00 2 -1.333070189752851 699.66 174.96 811.71 218.45 1.5731632787553977 1.6501196001382017 3.906973062209883 6.14 1.88 30.85 -1.1366098500305852 0.8293568
Car 0.00 2 1.4281373927977423 363.24 154.90 484.45 217.54 1.5617314021854114 1.728399201548233 4.069745021067657 -6.91 1.60 26.90 1.1766965019259148 0.9985864
Van 0.00 0 1.4500542814519743 633.43 160.05 676.86 205.04 2.192795824271194 1.9276558222328855 4.891311613673019 2.44 1.71 40.80 1.5097870592042755 0.9875789
Car 0.00 2 1.171458021798406 426.50 177.97 517.68 208.44 1.512306537833662 1.6976791911484146 3.7987012324259664 -6.96 1.75 36.51 0.9830854876105095 0.9581198
Car 0.00 2 1.780878068008695 456.92 171.44 536.05 204.24 1.6047709364263725 1.6050947003723526 4.76873477002243 -6.54 1.75 41.65 1.6251270237744992 0.6368249
Van 0.00 2 -1.0488480488446097 622.56 162.28 651.55 196.36 2.179731129214666 1.9392013164316846 4.946603556925106 2.11 1.81 58.25 -1.012640703450688 0.5060076
DontCare -1 -1 1.6886957819249968 528.31 169.81 576.27 189.64 1.4664479609398555 1.5793539129854584 3.5645453502760316 -1000 -1000 -1000 2.474093945322445 0.900525
DontCare -1 -1 1.2062793532994132 583.52 175.02 615.85 186.52 1.481483959016056 1.6718087599338436 3.871680017687478 -1000 -1000 -1000 1.9916775166968614 0.90842134
