Car 0.16 1 -1.8925741473820548 0.00 179.05 255.30 301.52 1.4404657039611053 1.7463294558884048 3.2441445757971192 -7.00 1.67 10.11 -2.4981702433791 0.88986653
Car 0.00 2 1.7776321629670004 76.81 185.59 334.31 279.48 1.4433037567703437 1.6557100408436203 3.5732978155241395 -6.72 1.67 12.15 1.2724224286266343 0.99722797
Van 0.00 2 -1.1111667017128806 163.67 161.19 413.87 265.68 2.18530988787537 1.9313789555882646 4.452863333576965 -6.38 1.75 14.58 -1.5236491012866853 0.75450754
Car 0.00 0 -2.49371995131043 780.83 176.35 927.45 237.06 1.52643251687348 1.6073070310713196 3.732094558082619 6.26 1.54 18.95 -2.17466309979486 0.7216631
Car 0.00 0 -1.6480450491097312 630.87 176.20 681.72 211.17 1.44488900190279 1.541596337473526 3.738223316274681 1.91 1.57 31.09 -1.5866876185089482 1.0
Car 0.00 2 1.663422160842691 296.81 183.18 433.93 235.35 1.5573356490401935 1.631877932018175 4.0509609599934 -7.41 1.82 21.97 1.33812552201901 0.90134054
Car 0.00 2 -1.5489538321879248 356.37 176.98 476.24 218.27 1.4969604987470817 1.6757774383486652 4.066046403847732 -7.15 1.62 26.74 -1.8102311132905617 0.77217215
Car 0.00 2 -1.2540115873005728 612.47 174.35 649.57 201.12 1.5063419084815692 1.6238042463274145 3.736747587226429 1.11 1.53 40.91 -1.2268855122142304 0.8285238
DontCare -1 -1 -0.7585399905827384 467.90 166.69 575.23 195.90 1.522961357497276 1.675471085375681 4.292150216303863 -1000 -1000 -1000 0.026858172814709924 0.8468628
DontCare -1 -1 -1.3620616207506995 582.48 165.65 615.86 186.53 1.486144610103817 1.625785324043169 3.652776630722084 -1000 -1000 -1000 -0.5766634573532512 0.51016766
