Car 0.00 0 2.0412147800114493 90.70 190.20 332.13 317.35 1.5362041763781022 1.6771939092041397 4.050551967822113 -5.85 1.86 11.03 1.5535660480074132 0.9999875
Car 0.64 0 -1.8862116495755057 838.38 182.85 1241.00 374.00 1.7088715884654235 1.7169275798560524 4.335059242449798 2.98 1.59 5.05 -1.353104098547409 1.0
Car 0.00 1 -1.6970434645798544 739.11 182.34 940.63 313.59 1.411200866457672 1.545264712786808 3.340775745116272 3.01 1.68 10.27 -1.4119411894199343 0.9999995
Car 0.00 1 1.86332763830689 285.23 191.14 405.86 268.13 1.4873585071234416 1.5906109616817379 3.619076909624138 -5.78 1.90 16.05 1.5176617481970882 0.9980008
Pedestrian 0.00 1 1.065325872102056 789.15 153.92 809.49 226.51 1.80000155553257 0.7079115565207672 0.9908941207239532 4.94 1.46 19.97 1.307828709115742 0.863527
Pedestrian 0.00 2 1.9519409398224692 799.71 151.58 825.71 224.66 1.7209531007710648 0.6665747332659435 0.7543788073370361 5.48 1.38 19.58 2.2248359764071877 0.98593265
Car 0.00 2 -1.881600515046392 710.86 182.18 814.25 254.53 1.4874174039630603 1.5572983094216728 3.77590657969574 3.19 1.61 15.86 -1.6831139142910816 0.9976349
Van 0.00 2 -2.366635696091924 352.53 178.21 444.97 214.26 2.1250745947589493 1.8388345042323304 5.180622128599929 -11.88 2.27 40.62 -2.651167017370396 0.5651612
DontCare -1 -1 2.355379537740026 883.52 162.52 976.27 193.81 1.4490646574465942 1.672062355345621 4.805088119708099 -1000 -1000 -1000 3.1407777011374742 0.9392355
DontCare -1 -1 -1.7231499860670905 0.00 201.06 111.50 268.81 1.5565237816242885 1.6634211384416961 3.7212533523664857 -1000 -1000 -1000 -0.9377518226696422 0.998555
