Car 0.00 0 -1.7075089971211295 668.04 181.68 734.84 230.19 1.495805302989335 1.6701936864019775 3.535510407887497 2.81 1.27 22.45 -1.5829895379083436 0.99983907
Car 0.00 0 -1.608256404348884 624.41 178.13 651.77 199.58 1.5075248315750074 1.6050534949363613 3.7543747593984986 2.12 0.97 51.44 -1.5670666505258106 0.9892027
Car 0.47 0 -1.1214344362404685 0.00 192.16 371.37 375.00 1.7614978555409622 1.5932656072737121 3.9978356232271577 -3.66 1.57 6.42 -1.6395735014820059 0.9989505
Car 0.55 3 -2.0205843607571463 0.00 191.06 166.71 313.02 1.619113192316742 1.6626114801229381 4.587837772570648 -8.06 1.52 9.93 -2.7024078564288856 0.66997874
Car 0.00 0 -1.4854524518039565 399.80 178.81 489.31 240.59 1.4149848673312377 1.6427056223811054 3.2343868186102296 -4.38 1.36 19.59 -1.7054182035646632 0.99999964
Car 0.00 1 -1.0893860916283469 251.97 182.41 361.66 238.07 1.5147289595386397 1.6092058897675419 3.9068312664852525 -8.47 1.35 20.49 -1.4813669630275321 0.99993086
Van 0.00 2 -1.445723877349172 359.50 171.50 421.64 219.30 2.2292475397815323 1.923822733209057 5.5052787343204495 -8.65 1.27 28.77 -1.7377864425165317 0.93844754
Car 0.00 1 -1.5585161941733698 480.42 180.56 528.94 212.93 1.444857135769577 1.6349138517589712 3.592171387873688 -4.61 1.16 32.38 -1.6999376142736855 0.99999905
Van 0.00 2 1.5428394498911242 416.28 171.60 472.21 208.88 2.1705862558563567 1.873645807251854 5.243505952709961 -8.83 1.18 39.15 1.3210084378554052 0.9821816
Car 0.00 1 -1.4593661288407187 521.73 180.62 549.61 204.66 1.4378069493739318 1.623736801809206 3.631490351758995 -4.34 1.10 43.40 -1.5590347813318808 0.72405034
Car 0.00 0 -1.6099268803980689 585.65 177.17 617.12 206.71 1.521986835525037 1.6171908148290062 3.5319076647386933 -0.38 1.14 40.74 -1.6192540522298247 0.9999957
Car 0.00 2 1.42701614002255 463.25 179.56 499.05 202.56 1.5081959836004686 1.6491572160930776 3.6716383566484834 -8.20 1.06 46.75 1.2533813483433793 0.90594023
Van 0.00 2 -1.75426542858151 464.64 172.22 497.81 199.03 2.1769684995641327 1.8998908573841287 5.018224825912761 -9.81 1.01 55.97 -1.9277754538276144 0.99864227
