Pedestrian 0.06 0 1.5438248748567442 740.12 153.06 846.45 373.00 1.69070331886446 0.6609544008311701 0.707107376844635 1.44 1.55 6.04 1.7778664740993597 0.5193181
Pedestrian 0.00 0 -1.0726444284108023 706.98 163.95 770.65 340.46 1.7803807160261822 0.7202422674086761 0.982192215115776 1.31 1.51 7.40 -0.8974326472457251 0.6066557
Pedestrian 0.00 0 1.8048912892725806 539.53 162.16 602.20 327.38 1.706560776979084 0.700299983778305 1.0952627477953338 -0.42 1.51 7.99 1.7523739177357742 0.9802285
Pedestrian 0.00 0 -1.6998540619995932 423.49 164.51 478.49 299.92 1.7893452210727883 0.6553360623580289 0.7041584072420501 -2.16 1.50 9.71 -1.9187410865964982 0.6792378
Pedestrian 0.00 0 -1.3869098434832434 643.83 159.71 698.83 292.75 1.6931092454496575 0.6345532889750671 0.931849506289711 0.86 1.50 10.33 -1.303848726960758 0.99996436
Pedestrian 0.00 0 -1.4891079376128058 509.13 157.85 554.46 274.66 1.7418432733420086 0.7527607883599472 0.9526529801795387 -1.29 1.46 11.77 -1.598272900987452 0.9711603
Pedestrian 0.00 2 1.4733949909594397 549.26 170.08 599.96 304.78 1.7965858033302975 0.7279933895257187 0.5522622881243133 -0.27 1.49 9.24 1.4441825242396178 0.9995389
Pedestrian 0.00 2 1.5380763793971877 535.88 154.40 603.28 258.79 1.6916299848262024 0.7680803145554733 1.7084339974234009 -0.61 1.36 13.19 1.491862151345887 0.99017525
Pedestrian 0.00 1 -2.2889332930233817 582.55 158.75 634.22 285.47 1.7779672364149046 0.6795094403711033 0.9239029889712238 0.15 1.41 10.32 -2.2743994327330213 0.97217226
Car 0.00 2 1.5388246598329882 434.75 170.39 528.51 239.21 1.5312818739382934 1.6559765034080887 3.169667439662018 -3.00 1.32 18.62 1.3790803928414799 0.9999999
DontCare -1 -1 -1.2132505933430533 319.82 162.09 369.73 255.63 1.4911512009619188 1.6058805540861034 3.92474910815815 -1000 -1000 -1000 -0.427852429945605 0.9815067
