Van 0.54 3 1.5188211994853358 0.00 47.89 324.63 356.28 2.3807047600974656 1.888645601094289 5.098283679986047 -6.37 1.73 7.70 0.8276703518450993 0.9981255
Car 0.94 0 -2.0841919342663626 859.61 208.39 1241.00 374.00 1.4557297456829261 1.4552753411890411 4.00749044319252 2.76 1.68 3.63 -1.4341119730200618 0.9999685
Car 0.34 3 -1.3087535659458975 985.60 205.73 1241.00 345.44 1.40522276645586 1.4788115166784668 3.8326339760200168 6.42 1.85 8.51 -0.6624382056704514 0.99999297
Car 0.00 2 2.669971183934484 819.15 196.14 1117.65 288.60 1.5171845782367896 1.62082307904078 3.7975604628549005 6.17 1.92 12.89 3.116406095549186 0.98959
Car 0.00 1 -1.0627437392857413 187.65 187.44 419.02 268.26 1.4386531788675498 1.6719410673440838 3.8575360505013774 -6.37 1.88 15.20 -1.4595885317109294 0.85815364
Car 0.00 0 -1.7150039384749274 638.70 192.70 668.17 215.29 1.5259676397597801 1.586950301444664 3.5470932890997315 2.76 2.65 46.96 -1.6562980483501653 0.98462415
Car 0.00 2 -0.6460275212910513 462.61 188.08 542.55 217.75 1.4624176475970458 1.628630760377779 3.9116572757587815 -6.03 2.47 40.61 -0.7934360598745155 0.7996046
Car 0.00 1 -2.1480243364956717 701.05 191.58 795.05 227.39 1.4635268565087032 1.7556211196543121 4.048144118987121 6.13 2.38 32.43 -1.9612059909248347 0.92304665
Car 0.00 2 1.5656751841914396 361.79 187.67 499.74 239.00 1.458683558162899 1.6297811402664923 3.685068743430176 -5.54 1.98 22.34 1.322593252193602 0.9610095
Car 0.00 2 -1.5339783589032034 274.75 190.31 463.81 258.75 1.4018000814883422 1.6832769878865623 3.427338736258545 -5.80 1.98 17.59 -1.8524849431185042 0.93839633
Car 0.00 2 -1.747357309856687 758.29 190.18 885.25 243.24 1.5603523444204044 1.7019262009025955 4.033997209869423 6.61 2.13 22.84 -1.4656492296195962 0.99997306
Car 0.00 1 -2.134342567124639 777.05 195.47 919.98 249.67 1.5666037205426406 1.7890161567093277 4.119064109526672 6.67 2.08 20.50 -1.8197798015129074 0.9921938
DontCare -1 -1 0.8124389211323599 545.67 183.32 594.44 202.19 1.4901568967668724 1.6283909299136543 3.9032548834906007 -1000 -1000 -1000 1.5978370845298082 0.5930616
DontCare -1 -1 -1.3723090747979025 601.58 186.75 609.91 197.42 1.4202319685189437 1.5508609481812858 3.511772172652283 -1000 -1000 -1000 -0.5869109114004543 0.971386
DontCare -1 -1 1.5270637171950678 623.10 191.69 641.89 202.15 1.4249830324022483 1.6452576436759376 3.869228853970864 -1000 -1000 -1000 2.312461880592516 0.80630046
