Car 0.96 0 -1.2238418022778372 0.00 198.95 301.72 369.00 1.5590822737483692 1.6490707297535085 3.515994833909073 -3.17 1.66 3.36 -1.980151694786813 0.9697963
Pedestrian 0.00 0 -1.6810540119793753 994.98 137.37 1099.98 290.36 1.7615034933578027 0.6716427765128088 1.1000688789198303 5.61 1.32 8.85 -1.1160814900576959 0.9573705
Pedestrian 0.00 1 -1.6707782978799681 633.95 154.71 704.28 305.19 1.7443562880534482 0.6175456959095669 0.7705493984529876 0.61 1.46 8.58 -1.5998021508991702 0.7974828
Pedestrian 0.00 0 0.5328385392811636 628.19 152.12 710.85 321.03 1.7865613097701025 0.6576598537427258 0.8712184294844174 0.67 1.50 7.90 0.6174461993632515 0.8929687
Cyclist 0.00 1 -1.861250058808599 989.54 148.43 1025.80 217.51 1.7128213174064015 0.5493533422409487 1.8335984228576088 10.56 0.92 18.57 -1.3441941697012207 0.98905164
Pedestrian 0.00 0 0.6019886891033988 180.70 172.20 227.70 278.53 1.7225004485253048 0.66662087098629 0.7111682710955047 -6.78 1.59 11.77 0.07937258604463993 0.9791726
Pedestrian 0.00 2 1.0513819018986563 181.63 176.61 215.63 281.13 1.7007051160935116 0.6285054366377067 0.8432847527573013 -6.92 1.57 11.24 0.4995283885011672 0.7281247
Cyclist 0.00 0 -0.9754511276867728 819.32 158.13 943.19 267.82 1.710057915689454 0.5855964997022343 1.6582591785515213 4.41 1.36 11.44 -0.6075160361834346 0.9795434
Car 0.00 0 1.6649022037771086 446.92 171.20 481.27 195.95 1.604909874853344 1.6789612837792778 3.8699014961124445 -8.73 0.90 44.09 1.469426529865757 0.9992975
Car 0.00 1 2.6030391017582755 973.54 153.11 1099.99 192.52 1.458236903306694 1.6400028739781523 3.998711587987938 17.40 0.45 28.66 3.148675945992812 0.77686954
