Pedestrian 0.02 0 -1.496121429899011 627.20 153.47 700.54 373.00 1.7673139008138132 0.6197641547110748 1.0078935293266678 0.39 1.54 6.29 -1.4341975223668553 0.9936395
Pedestrian 0.00 2 -1.3356749723341803 579.81 165.34 682.69 337.85 1.7871174304190827 0.6422453373012018 0.7999063996384048 0.26 1.52 7.56 -1.3012969875075409 0.99994564
Pedestrian 0.00 0 1.5502823433515172 446.40 165.25 512.06 330.62 1.7046375399831486 0.6650288383749199 0.6716986713716888 -1.47 1.54 7.98 1.3681140328787538 0.8596956
Pedestrian 0.00 0 -1.1828727285054068 346.87 166.50 398.20 302.48 1.7747511467341137 0.6909946593728733 0.8254187969276809 -3.18 1.52 9.66 -1.5008919569353902 0.8061007
Pedestrian 0.00 1 -1.2165136794236044 573.78 159.51 623.78 291.71 1.7406834507737112 0.6101281064835262 0.8858040176117921 -0.19 1.50 10.39 -1.2347984556605665 0.9940645
Pedestrian 0.00 2 -1.503299937644277 427.78 159.23 468.78 278.47 1.772811654433961 0.7003853413549137 0.8510930338660383 -2.53 1.48 11.56 -1.7187608285291214 0.93194765
Pedestrian 0.00 1 1.60177938739327 458.38 171.04 517.04 305.25 1.7387086464468193 0.6544454395112467 0.46979526856636045 -1.35 1.50 9.27 1.4571649481733295 0.9611334
Pedestrian 0.00 2 -1.7473674873497824 476.93 158.01 544.97 262.53 1.7083012102547837 0.6695670633849573 0.7128577647516632 -1.68 1.42 13.16 -1.8743402769638613 0.99992025
Pedestrian 0.00 0 1.5783686410312097 521.48 161.11 574.48 288.30 1.763402379528041 0.686842342772789 1.0799899665424728 -0.86 1.44 10.28 1.4949053998156274 0.8489773
Car 0.00 2 1.4359422485020499 405.11 173.28 506.91 246.02 1.4474506009189796 1.6638329394818687 3.8835090195165063 -3.47 1.39 17.74 1.2427779751066028 0.9530313
DontCare -1 -1 -1.4908377091076712 277.22 158.97 341.67 258.74 1.5352760091243696 1.6298354298533344 3.90795608063797 -1000 -1000 -1000 -0.7054395457102229 0.5576708
