Car 0.00 0 -1.5371759506550173 579.23 176.70 616.57 210.75 1.4703855443565559 1.6383738585473442 3.3882358541117097 -0.53 1.19 36.07 -1.5518685445560076 0.9999056
Car 0.90 0 -0.6254758397724967 0.00 200.08 298.09 375.00 1.4028320912091445 1.6520751856924438 3.703909950457611 -3.52 1.62 4.24 -1.318355382050298 0.99917585
Car 0.78 3 -1.820974544682775 0.00 194.11 133.00 328.78 1.578103583660574 1.431225403463974 3.5431470741854096 -7.63 1.59 8.29 -2.5649391481561006 0.7830728
Car 0.00 0 -1.2748896340515952 270.49 186.60 383.78 245.19 1.407350734230728 1.4839703582884216 3.036724643908539 -7.51 1.45 19.52 -1.642166450945898 0.99104404
Car 0.00 0 -1.3480504165079932 401.22 188.13 512.36 259.60 1.5217451321712148 1.63557317785038 3.4656511118040467 -3.34 1.47 16.50 -1.5477758882649169 0.99998987
Car 0.00 1 -1.575479760361139 376.21 183.89 444.05 223.60 1.4570364508597564 1.5898554094792747 3.896707451097765 -7.86 1.42 28.81 -1.8418199178263244 0.9931846
Car 0.00 1 1.5160693089154105 471.78 184.70 524.86 219.00 1.4673157561390113 1.6346082894788527 3.859367075386555 -4.82 1.38 32.02 1.3666601664101348 0.8653313
Van 0.00 1 -1.562885245369051 515.95 157.72 554.50 201.91 2.336715757392845 1.9651933262204362 5.2920513430774685 -4.76 1.01 47.89 -1.66195430317542 0.9955057
Car 0.11 3 -1.2524255971100668 0.00 185.59 180.23 259.83 1.4679268192319583 1.6115020320476436 3.692328469954529 -12.25 1.52 17.01 -1.87655705117041 0.99689376
Car 0.00 2 -1.6650961051371436 242.10 185.11 327.22 223.31 1.4819736819534015 1.5844878994585418 3.6178061385975266 -12.40 1.35 27.77 -2.085056486122225 1.0
Car 0.00 2 -1.454181813695703 312.19 177.51 378.18 213.24 1.4591003510920715 1.6702026643515968 3.7298322339878465 -12.77 1.27 35.14 -1.8027471594058126 0.99973327
