Pedestrian 0.18 0 -1.6129757622864584 338.06 157.53 432.80 373.00 1.7646940084550333 0.6814381870713901 0.9697279004166031 -1.70 1.60 5.41 -1.9174385801197062 0.9032823
Pedestrian 0.00 2 -1.1539817015316824 365.28 167.88 431.58 372.26 1.7812916370484781 0.5605256389167976 0.787650418073883 -1.69 1.57 6.47 -1.4094786564705306 0.57810324
Pedestrian 0.00 0 -1.5659502689403038 228.73 175.21 299.70 372.19 1.7119647240642262 0.6119399051454735 0.640157651693573 -3.22 1.65 6.81 -2.0076299160358166 0.8391036
Pedestrian 0.00 0 -2.1046491424229483 151.99 174.29 227.46 326.79 1.8048202334347916 0.7085963691857529 1.122594830186119 -5.01 1.64 8.68 -2.628126912745611 0.57029325
Pedestrian 0.00 1 -0.7458945075657706 437.95 160.84 483.61 312.16 1.7142901024225903 0.6064563374307823 1.1621204135725403 -1.97 1.55 9.15 -0.9579579173441565 0.6708504
Pedestrian 0.00 0 -1.69306626270083 242.19 179.48 300.48 333.46 1.834632904678936 0.6430546435800266 0.6599004981825256 -3.55 1.61 8.18 -2.1025228825416113 0.7611334
Pedestrian 0.00 2 -1.8605672578003745 360.96 167.06 432.90 312.41 1.7636414612088156 0.6354179959085655 0.7885251907417679 -2.63 1.55 9.06 -2.1430893727826983 0.7759984
Car 0.00 2 1.4542304883387427 332.86 179.14 463.48 267.95 1.421136066672058 1.6712667450965786 3.9832618852482224 -4.06 1.53 14.93 1.1887153587301778 0.7350649
Cyclist 0.00 0 -1.5784702879053096 481.15 166.06 508.24 225.68 1.78379551278244 0.6218343318610382 1.8451874880517387 -3.42 1.33 22.76 -1.7276180449878902 0.99263257
Pedestrian 0.00 1 1.6061842488732676 656.38 162.27 678.69 219.57 1.7371413926038695 0.7197509537723732 0.9996788022825622 1.89 1.20 23.18 1.6875400871936739 0.9766642
Pedestrian 0.00 0 -1.48610665748385 537.44 170.47 550.20 215.73 1.7985817393664074 0.7158211226847839 0.8439536435315513 -2.46 1.31 28.04 -1.5736144161729646 0.6313641
Pedestrian 0.00 0 -1.308946237960134 548.06 168.84 562.51 215.87 1.6667003495994759 0.6511822062817287 1.4756991384336853 -1.86 1.32 28.25 -1.3746920528223907 0.75593626
DontCare -1 -1 -1.5124277072635035 513.05 171.44 525.56 197.45 1.528014601097108 1.5097323947311783 4.022252367936172 -1000 -1000 -1000 -0.7270295438660552 0.71716684
