Pedestrian 0.00 0 1.6899248073485236 583.41 181.09 603.41 234.97 1.7489609578069103 0.6450088600900841 0.8118833867618942 -0.37 1.72 23.68 1.6743010787280468 0.9870875
Pedestrian 0.00 0 1.4432666460659842 600.88 177.47 621.91 233.11 1.8446170030537796 0.6741887516614866 0.8878512862855696 0.45 1.68 23.89 1.4621007519768192 0.948602
Pedestrian 0.00 2 0.7412849823620657 253.36 171.82 333.65 359.38 1.7750252293798876 0.61082462773592 0.9359853869089985 -3.24 1.68 7.28 0.32255096883104895 0.9643874
Pedestrian 0.00 1 1.96160684625176 304.60 181.07 342.06 272.56 1.7510309907983792 0.7135817016747665 0.8064189893910789 -5.50 1.74 14.33 1.5951346354064873 0.9921961
Car 1.00 0 1.2721671322968344 0.00 124.55 320.14 373.00 1.4612163197068881 1.570867224848404 3.4238360097036744 -2.62 1.67 2.19 0.3976088930974988 0.8407681
Pedestrian 0.00 2 1.3225926915791373 275.35 178.61 327.94 279.15 1.7462452691424442 0.6768170575884056 0.9135704083154106 -5.70 1.77 13.61 0.9259769466495427 0.978277
Pedestrian 0.00 0 1.5156762609866004 781.11 164.49 835.73 297.49 1.7481180228669 0.6372094544854832 0.9709674982139969 2.75 1.56 10.23 1.7782853390036464 0.7639575
Pedestrian 0.00 0 -1.27947594324616 1016.17 158.25 1108.86 332.53 1.8162825977805805 0.728197080948658 1.0453521130392456 4.95 1.55 8.01 -0.7259424406981004 0.9690295
Pedestrian 0.00 0 1.652316534021173 333.16 184.51 362.56 250.91 1.8450110568109703 0.636777313360281 0.8711682637939357 -6.98 1.83 19.40 1.3069434951482142 0.9643751
Pedestrian 0.00 0 1.8254106799748282 500.38 179.39 516.45 231.19 1.840059229582901 0.5878744925645065 0.8776925424598285 -3.44 1.72 25.52 1.6914220720917794 0.9406167
Car 0.00 0 -1.3536390076067786 360.28 167.24 470.66 255.07 1.5254980073130142 1.6110970147611046 3.8320146092549945 -4.96 1.77 19.77 -1.5994506072378278 0.56482494
Van 0.00 2 -1.3897988806155066 429.49 170.96 495.18 234.10 2.241069659136734 1.881132687077446 5.081720148043382 -5.02 1.74 26.49 -1.5770834880213582 0.522875
DontCare -1 -1 1.3981901566174368 676.16 196.37 764.50 255.63 1.413658298906536 1.704079001462593 3.917082423471012 -1000 -1000 -1000 2.183588320014885 0.9924776
