Car 1.00 0 1.8941486636784415 0.00 195.94 302.40 374.00 1.6410576183168601 1.5884332724572563 3.49698652526001 -2.73 1.60 2.47 1.0587921045590505 0.6241741
Car 0.13 1 -1.20155127445725 121.82 191.78 473.50 374.00 1.5651731606392574 1.4948767863871002 4.182735012970962 -2.74 1.69 7.34 -1.5588280707270554 0.99933285
Car 0.00 0 -1.688616701462541 658.96 178.75 739.12 236.24 1.5371795914886903 1.6981669732095146 4.003213586412468 2.44 1.67 21.00 -1.5729448963289203 0.9999938
Car 0.56 0 -1.8832571665432791 774.12 187.83 1241.00 374.00 1.6304142180649948 1.6138757888884687 5.148121254645385 2.43 1.55 5.15 -1.4423864506193906 0.99303496
Car 0.00 2 -1.603764941045318 319.24 188.44 484.07 295.84 1.6155402216880035 1.67345429143919 4.2379018237219235 -3.35 1.74 12.28 -1.8700858939376075 0.9901245
Pedestrian 0.00 2 -0.35779531399277253 287.24 167.68 324.16 293.19 1.7627134937237752 0.6196745652046871 1.12434002438282 -4.60 1.76 10.76 -0.7617894344507476 0.88820916
Pedestrian 0.00 2 1.881448851027761 338.17 171.23 358.32 268.22 1.7263323789838505 0.4733994956401062 0.8396103461990261 -5.04 1.79 13.68 1.5284584632008504 0.9952696
Car 0.00 0 -1.526262574889932 528.16 177.22 567.48 213.12 1.517793648299427 1.5489733137847328 3.774362156294384 -2.95 1.83 34.47 -1.6116362138334412 0.97821486
Car 0.00 2 -1.4582997197893004 639.43 176.66 686.82 213.76 1.5407858718006324 1.6242087756009245 3.9220275377259637 2.36 1.79 33.30 -1.3875471465297804 0.9999926
Pedestrian 0.00 2 2.203057781853948 341.63 175.53 364.95 275.19 1.8333313851062012 0.6166584733215046 0.9248453309545421 -4.69 1.84 13.15 1.8604674718565593 0.8728477
Car 0.00 2 -1.5855017528545599 627.82 173.29 654.60 200.83 1.5081286229012918 1.6694935665191555 3.923706570766964 2.12 1.89 50.53 -1.5435710699807283 0.99870944
DontCare -1 -1 -1.630907622226749 613.73 179.19 629.40 189.65 1.444269076344223 1.6220438119681024 3.8407300674692775 -1000 -1000 -1000 -0.8455094588293006 0.7740953
