Pedestrian 0.00 0 0.6767682592060904 955.45 133.06 1038.11 337.59 1.7730164951089573 0.690978554942913 0.9073387650558853 3.60 1.34 6.75 1.1667255854598186 0.686188
Pedestrian 0.00 0 -1.5429077661272625 604.00 160.19 655.67 291.82 1.734624990672226 0.679779177465744 0.678528782517662 0.20 1.48 10.30 -1.5234927302249446 0.9688154
Pedestrian 0.01 1 2.105731383958135 21.61 162.13 106.94 335.07 1.814987634718771 0.5169230903771591 1.3259678302118683 -5.68 1.54 7.56 1.4613842516780362 0.6468621
Pedestrian 0.00 0 -0.852191642918859 368.40 157.00 427.40 316.60 1.7247752448919964 0.5976946856167984 0.8742649588519835 -2.55 1.54 8.64 -1.139182757353403 0.5021014
Pedestrian 0.00 1 -1.7774727652457099 839.04 130.18 911.71 324.23 1.7501099369864714 0.674311863192625 0.6887198207685852 2.72 1.38 7.50 -1.4295584759520978 0.6789651
Cyclist 0.00 0 -1.3672373304751257 444.96 169.04 508.58 295.97 1.6730980496276473 0.6252896205692482 1.4798654420698547 -1.82 1.53 10.50 -1.5388653988560057 0.99152595
Person_sitting 0.00 2 -1.4854412610318999 383.70 196.65 440.72 281.68 1.447713919338436 1.6460724056424045 4.171717869244613 -2.90 1.49 10.91 -1.745244794175997 0.9696083
Pedestrian 0.00 0 -1.4473116184261183 557.05 168.47 575.72 227.09 1.7975804670158577 0.6908478605833721 0.8282520329365635 -1.29 1.37 22.18 -1.5054066773950037 0.6929286
Pedestrian 0.00 0 -1.5933372127499918 585.04 165.27 603.04 221.40 1.7149026891592694 0.676047557899065 1.0716410992453003 -0.25 1.20 22.07 -1.6046643223085615 0.97650415
Pedestrian 0.00 0 -2.1448601643231253 523.83 167.28 543.16 222.84 1.7382434564087343 0.6819477211025429 1.1186335949013138 -2.46 1.35 23.93 -2.247300153200501 0.8764453
DontCare -1 -1 0.7937562624600272 215.93 197.41 360.37 269.13 1.4878879602818202 1.6263841570080662 3.736006649337807 -1000 -1000 -1000 1.5791544258574755 0.94780874
