Pedestrian 0.00 0 1.3650709698584418 680.38 147.76 695.88 204.26 1.840722539872284 0.716647868910141 0.8849825594360137 2.74 0.74 22.43 1.4866265425820082 0.847932
Pedestrian 0.00 1 0.5298767844822745 270.26 136.28 309.93 256.48 1.7469243457916928 0.6826589162734222 0.8289683094034099 -5.30 1.21 11.73 0.10549965726025717 0.78481954
Pedestrian 0.00 0 1.3902534107354025 713.52 146.36 778.19 338.63 1.745160147026534 0.5933934505370331 0.6857409892389679 1.37 1.46 7.08 1.5813939528972234 0.9479721
Pedestrian 0.00 0 0.6714252392437796 807.57 132.46 870.91 328.82 1.792890587300415 0.6845980155554485 1.1424364564726257 2.34 1.42 7.33 0.9804350116439511 0.99774396
Pedestrian 0.00 0 0.989714996018682 647.52 140.84 689.18 266.76 1.7790437335524512 0.6633213366654587 0.9152347078332805 0.91 1.24 10.72 1.0744000321611658 0.94284725
Pedestrian 0.00 0 1.191239402690206 609.23 141.17 657.23 265.75 1.7361023625734997 0.5749367977765274 0.41824404576515195 0.36 1.24 10.87 1.2243459772031184 0.9999901
Pedestrian 0.00 2 1.6347953836109976 703.24 140.49 769.59 258.39 1.763878715634699 0.6058324556139183 0.7310425607273483 2.04 1.18 11.26 1.814023590378827 0.91260684
Pedestrian 0.00 0 1.1607137779381613 775.88 145.45 811.21 256.33 1.7258188682053042 0.6584256011334133 0.507522803337326 2.97 1.16 11.37 1.4162183680967508 0.9689605
Pedestrian 0.00 1 -2.144558266797338 1108.35 181.36 1150.69 259.38 1.7845306465778303 0.6394192966905308 0.9476147187659645 12.89 1.92 17.46 -1.508613921356096 0.9484908
Pedestrian 0.00 0 1.6599950651314597 480.31 142.40 519.31 265.92 1.871157416552658 0.5852988119509888 0.9341338170478248 -1.62 1.24 10.84 1.5116464871343271 0.95450044
Pedestrian 0.00 1 1.426724405088697 493.05 150.10 523.72 253.98 1.8412422402206612 0.5825287158873749 0.024853122026672336 -1.42 1.15 11.54 1.3042896130037371 0.99689305
Pedestrian 0.00 0 1.2103218297150473 533.39 138.21 567.73 253.58 1.7820414597544623 0.7560393269446564 1.159221839697113 -0.92 1.17 11.84 1.1327749450587064 0.640962
Pedestrian 0.00 0 1.223373727002416 574.97 156.05 606.63 250.63 1.7568998913656724 0.6307898479786587 0.7729202030012512 -0.28 1.16 12.12 1.2002755254856252 0.90755785
Pedestrian 0.00 1 2.1049300591137747 566.12 142.13 612.52 242.89 1.650056125074978 0.690040884473629 0.7918629092881584 -0.33 1.09 12.92 2.079393815622216 0.99542844
Pedestrian 0.00 1 1.2065894762661795 457.92 144.64 483.26 223.02 1.7624438004012954 0.5956071893957329 0.783364039451828 -3.14 0.96 16.57 1.0193110267382 0.6007273
Pedestrian 0.00 2 2.134977058568273 529.80 147.24 548.80 219.41 1.7977776131037426 0.6053697671082687 0.8543653419027233 -1.68 0.90 16.90 2.0358942977372805 0.9962075
Pedestrian 0.00 2 1.6710180650141577 560.35 140.69 582.02 218.35 1.7432874733958197 0.7126862163928223 0.9194856216916942 -0.81 0.88 17.13 1.623767795807094 0.9768463
Pedestrian 0.00 2 -1.542246558764253 602.34 142.74 638.32 216.93 1.7661779368672323 0.6301307062891197 0.7982592997858429 0.34 0.86 17.22 -1.522504640765301 0.99998546
Van 0.97 3 1.0085661570217948 0.00 0.00 267.48 369.00 2.003020181797943 1.6647475907658769 5.209675459021377 -3.17 1.66 3.69 0.2988250581541909 0.97757155
DontCare -1 -1 2.7219045917179923 323.21 152.13 440.40 189.16 1.4258901629416656 1.7196190722943687 4.45287509461502 -1000 -1000 -1000 3.5073027551154405 0.9984711
