Car 0.85 0 -1.350492731728826 0.00 215.12 142.59 374.00 1.4192379791109275 1.6371394649804973 3.789856346450844 -6.06 1.88 6.33 -2.114102576089023 0.8685243
Car 0.00 1 -1.9273963133480887 745.32 173.39 972.74 314.08 1.5476305208919954 1.5914657146395588 3.88199036581079 3.02 1.55 9.74 -1.626734443534298 1.0
Car 0.00 1 2.0297469357636313 122.91 198.49 343.14 305.15 1.6668811145989608 1.6175406084121609 4.513530569277801 -6.01 1.85 11.99 1.5650989936520103 1.0
Car 0.00 1 1.8773720125344138 342.35 179.51 445.57 249.13 1.5035546108900022 1.6214315921725178 4.1049239804373165 -5.95 1.94 20.23 1.5913205708170954 0.9999999
Car 0.00 0 1.6068220483746867 546.43 177.49 577.81 199.27 1.5377800375042867 1.601108360356226 3.411978261672058 -3.25 1.74 49.40 1.541127246822222 0.5066816
Car 0.00 2 1.0688897530224661 407.45 178.10 478.19 225.51 1.483620338496418 1.6719490245641613 3.8811790795401717 -6.14 1.82 26.74 0.8431836812793077 0.9921936
Car 0.00 1 1.69622661272553 467.99 182.01 513.01 211.50 1.5120221948070836 1.6176411390961551 3.690517010293999 -6.19 1.92 37.53 1.5327635455051087 0.983809
Car 0.00 1 -1.6417120779540877 638.68 173.97 661.69 193.75 1.4656991775898647 1.6080086187185192 3.8958666679785634 3.24 1.67 59.13 -1.586972297904207 0.94431424
Car 0.00 1 -1.8716426054623465 696.92 167.59 765.66 189.09 1.4468544054596137 1.6908121400238418 4.088116468988456 8.68 1.13 51.96 -1.7061194429822146 0.9998733
DontCare -1 -1 2.2429794828083853 517.90 181.27 536.69 201.10 1.518841913091616 1.6252158016623401 3.8431203888134147 -1000 -1000 -1000 3.0283776462058336 0.5623709
DontCare -1 -1 -1.5465236837652068 593.94 168.77 609.61 183.40 1.5252931610500824 1.6493505288572454 3.815692315004864 -1000 -1000 -1000 -0.7611255203677585 0.69681334
DontCare -1 -1 1.460922279455934 619.98 169.81 636.69 184.44 1.5320997576980304 1.6605266772867584 3.8735044702292467 -1000 -1000 -1000 2.2463204428533823 0.93501025
DontCare -1 -1 -2.7863957762678684 767.90 160.44 1036.69 186.52 1.4550696987478446 1.6476293609203243 4.25188981195549 -1000 -1000 -1000 -2.00099761287042 0.6565387
DontCare -1 -1 1.3306524316456656 677.27 163.56 732.52 183.39 1.4699380960135173 1.7104723446728134 3.7879933362231637 -1000 -1000 -1000 2.116050595043114 0.90054256
