Car 0.00 0 1.9895188669350485 82.97 186.30 354.26 339.32 1.4404487613408279 1.726963765239849 4.474293129645385 -5.00 1.83 9.79 1.517327934468464 1.0
Cyclist 0.00 0 -1.238173292079244 466.91 172.38 503.10 241.53 1.723167992698059 0.6216497660784912 1.7959531685734653 -3.55 1.85 20.40 -1.4104675406109164 0.9371604
Cyclist 0.00 0 -1.454975471892629 499.53 174.13 527.57 237.79 1.744713251980052 0.5907576696186256 1.827599043997612 -2.82 1.81 20.91 -1.5890303385824807 0.99244434
Car 0.00 1 -1.4150587628271918 420.67 182.31 495.67 228.04 1.5251745198673021 1.625516369259491 3.7344854121432687 -5.39 1.82 26.02 -1.619318190084443 0.66419476
Cyclist 0.00 0 -1.5827368461203317 528.43 174.28 545.79 212.19 1.7509228601474618 0.5182900407521915 1.7590245344141984 -3.55 1.86 34.92 -1.6840497210844336 0.9715257
Car 0.00 2 -2.1042645732548575 506.81 181.69 548.71 206.11 1.4954055495379877 1.709416530347004 3.9530670588241006 -5.10 1.99 45.04 -2.2170170016147486 0.82353216
Car 0.00 1 -1.4717297861960272 640.77 176.66 670.77 201.30 1.4575612027017784 1.6468818367184543 3.854845277160504 2.95 1.78 46.76 -1.4087251765839421 0.99995875
Car 0.23 0 -2.0523065785553793 771.49 173.30 1172.31 374.00 1.4466288763849449 1.5488379516364479 3.3526533414945985 2.63 1.64 6.33 -1.6585254461679035 0.99991643
DontCare -1 -1 -1.0529000918057303 701.23 165.65 718.98 206.32 1.5572088811366271 1.6466695845784092 3.874847917012968 -1000 -1000 -1000 -0.267501928408282 0.7287685
DontCare -1 -1 -1.3306862721827368 621.02 169.81 643.98 186.52 1.5423387665121269 1.6534448631764793 4.1242238452062985 -1000 -1000 -1000 -0.5452881087852885 0.9525008
DontCare -1 -1 -1.4406717578556876 683.52 168.77 701.27 185.48 1.4529841024248313 1.6148204163373852 3.6890704353676225 -1000 -1000 -1000 -0.6552735944582393 0.5435784
