Car 1.00 0 1.4382963935520987 1019.43 192.47 1241.00 374.00 1.5744279030530166 1.633124371311202 3.8663743893952156 2.94 1.49 1.93 2.428187789408752 0.92495865
Car 0.00 0 -1.7380941520121436 780.04 178.65 1016.86 335.10 1.4066192138759803 1.5970800065161133 3.5720538367853547 2.94 1.49 8.14 -1.3914949120424422 0.9999958
Car 0.00 0 -1.254747168221746 161.95 199.94 352.45 308.27 1.4772368784813594 1.5944388203979873 3.874061487741866 -6.03 2.06 12.70 -1.6980348801347782 0.92159295
Car 0.00 1 1.6450546170261244 459.56 187.81 503.55 219.47 1.4889533597795677 1.6149247449548387 3.633033277593651 -6.25 2.17 35.24 1.4695245770745953 0.99999976
Car 0.00 1 -1.5689370069329183 645.87 175.09 683.93 204.91 1.4663117121724796 1.637495798310771 3.9159345013425733 2.88 1.66 38.93 -1.4950925882912256 0.9999945
Car 0.00 2 1.5303663621332984 480.16 186.91 518.80 213.10 1.5256137502199423 1.584108746862545 3.5154959132299806 -6.24 2.18 40.92 1.379039492742266 0.9978607
Car 0.00 2 -1.4322170476105551 183.63 200.11 246.99 226.94 1.514255622290672 1.586523204362526 3.8018903752193833 -23.46 3.09 42.99 -1.9317593204981658 0.9203857
Car 0.00 2 -1.661865078904901 220.91 196.39 288.02 225.35 1.4276836369006347 1.5846296393038177 3.616538347803154 -20.84 2.94 42.43 -2.118417253528597 0.9845152
Car 0.00 2 1.2731376449253897 270.34 196.55 329.24 225.42 1.4535051289765548 1.6131092638434315 3.78190999677042 -18.26 2.96 42.62 0.868359134580012 0.9785113
DontCare -1 -1 -1.0573375383999686 513.73 179.19 550.23 205.27 1.4832338657049846 1.625760660758748 4.110407667361297 -1000 -1000 -1000 -0.2719393750025203 0.59234005
DontCare -1 -1 1.628531084456716 546.02 178.15 640.85 191.73 1.3881039324967575 1.6900232054950142 4.177070366345443 -1000 -1000 -1000 2.4139292478541643 0.8894843
DontCare -1 -1 1.5567969242718558 669.98 166.69 706.48 182.36 1.4586586508719634 1.6679779619635486 3.9452804793939973 -1000 -1000 -1000 2.342195087669304 0.961202
DontCare -1 -1 -2.2697225968029837 798.10 163.56 828.35 183.39 1.5233193551009905 1.644460796630516 3.996036784850159 -1000 -1000 -1000 -1.4843244334055354 0.98777604
