Car 0.00 0 -1.546059058108602 573.08 174.32 614.50 212.08 1.4495856094925117 1.6589698374928379 3.581549959384003 -0.66 1.13 32.71 -1.5662336363591844 0.99998236
Car 0.10 0 -1.256452397504125 0.00 199.86 342.09 375.00 1.31699301337883 1.5659141235710525 2.992213862143555 -4.37 1.56 7.68 -1.7737736962579183 0.9999757
Car 0.00 2 -1.4918628791954855 106.47 185.51 277.15 263.00 1.501283662748189 1.599907315588131 3.1223796774969483 -8.85 1.47 15.61 -2.0076219876614743 0.9995371
Car 0.00 1 -1.2655565599587302 292.33 182.12 430.37 262.03 1.4875550050108146 1.5981678210855865 3.758827062450447 -5.21 1.44 15.63 -1.5873071143553723 1.0
Van 0.00 2 -1.396859468021665 321.68 171.23 406.82 227.00 2.1723339199205256 1.9369528578674031 5.457897899502563 -8.40 1.32 25.03 -1.7206461916009732 0.99997985
Misc 0.00 0 1.709561021127973 428.09 155.74 503.46 230.82 1.5123935047356796 1.6113685884238624 3.7545696963892365 -4.46 1.35 22.77 1.5161380546984509 0.9715396
Van 0.00 1 -1.6564076031234602 454.58 153.28 525.23 220.63 2.2335697892238713 1.8862640509461595 4.736941275948333 -4.48 1.24 27.88 -1.8157342690024074 0.98758775
Car 0.00 1 1.5438425625350813 380.23 183.96 432.78 216.10 1.4375489655701827 1.6319592178524875 3.709925966464081 -8.83 1.27 31.66 1.2718534182236634 0.7540083
Car 0.00 1 -1.5142967599120478 501.22 172.77 539.20 204.32 1.4374739009706687 1.6702077679993057 3.473242627583542 -5.21 1.07 43.06 -1.6347054224614233 0.99936146
Van 0.00 1 1.6761032874372344 533.40 165.09 558.92 193.54 2.227063688926897 1.9219063656484319 5.234082726591873 -5.69 0.71 67.14 1.591557025476399 0.6535446
Car 0.00 2 -1.1765037635948996 216.90 181.91 315.80 227.34 1.5523894302366685 1.750212743199005 3.904968803875246 -11.94 1.35 25.36 -1.616536229440406 0.61750853
