Van 1.00 0 1.738477082052503 813.39 0.00 1171.49 374.00 2.183732979011289 1.604137460336609 4.931351987475204 2.99 1.52 3.37 2.4641977640090227 0.62400687
Car 0.00 1 -1.7862927774575095 722.09 147.77 915.04 299.42 1.502136819419117 1.5912572809220695 3.2518752386198426 2.76 1.51 10.71 -1.5340773985570968 0.99780375
Car 0.00 1 0.6743897358563284 688.59 171.70 799.03 251.05 1.5811885338096332 1.7075491615296745 3.6348722000942613 2.79 1.54 16.04 0.846606860629735 0.9915725
Car 0.00 1 -1.7479583034899573 639.83 175.55 705.46 221.25 1.524103863053621 1.5710108720423126 3.535245971880951 2.05 1.56 24.88 -1.6657485107386905 0.97724676
Car 0.21 0 1.2697692672398428 0.00 195.10 99.10 260.67 1.4979973979114007 1.6516592421294594 3.822197681419649 -14.90 2.10 18.92 0.6026805751298888 0.78588825
Misc 0.00 0 -2.1091820756581168 161.77 197.94 208.48 252.55 1.5405495337961626 1.621039348906412 3.9039045256898786 -10.97 1.95 18.60 -2.642056647222633 0.5213408
Cyclist 0.00 0 1.3998261551049094 482.15 174.38 498.53 215.17 1.7535899705607747 0.6387997285633278 2.0477931006277466 -5.34 1.84 32.09 1.234930156075849 0.9999695
Car 0.00 0 -1.6370655382659773 429.44 184.29 478.44 223.25 1.540165029820652 1.649742159313097 4.7274764945135495 -5.93 1.79 27.38 -1.8503527798632784 0.9814331
Car 0.00 1 -1.424847618737493 603.54 172.72 660.60 213.97 1.4619645368127536 1.6366683126152897 4.0871097018347164 0.87 1.71 31.76 -1.3974615201987572 0.9971734
Car 0.00 0 1.5051929215576987 567.05 177.09 605.83 202.97 1.5312929939298343 1.6472340331138515 3.7896275391207124 -1.50 1.77 43.89 1.4710298685275416 0.59885323
Cyclist 0.00 0 -1.7728953967478613 502.52 173.39 518.13 210.55 1.8277100618351554 0.6083588504402828 1.7944925083244705 -4.74 1.73 34.01 -1.9113741540528413 0.6671098
DontCare -1 -1 -1.507186153033052 529.35 176.06 573.14 195.89 1.4790541495947551 1.6376312293769264 3.759533735118904 -1000 -1000 -1000 -0.7217879896356036 0.9861677
