Car 0.00 0 -1.2970230440285544 382.68 174.95 505.11 255.82 1.422686122712345 1.5857632563175106 3.3849059810266877 -3.32 1.40 15.16 -1.5126167969125603 0.99999857
Cyclist 0.00 1 1.5836874107506613 972.91 138.16 1058.54 207.88 1.732061933063001 0.626299956551094 1.966163153799858 10.50 0.69 18.18 2.107441787307305 0.76802707
Cyclist 0.00 1 -1.5390154170480113 897.66 142.94 961.98 200.74 1.8090897868741607 0.588122440239687 1.8961458160007858 10.70 0.65 23.36 -1.1094890078646888 0.9736052
Pedestrian 0.00 0 -2.150800542035375 544.88 160.88 569.57 220.17 1.697131817639227 0.6640407405135107 0.7468515006611252 -1.49 1.23 22.27 -2.217607127455367 0.5180264
Cyclist 0.00 0 -1.1421317617085318 731.69 158.20 772.61 195.96 1.7427184600737249 0.5831007098018122 1.8051231122041607 6.82 0.69 32.82 -0.9372474581662988 0.75344974
Pedestrian 0.00 2 -1.4038754711535315 403.55 160.64 424.91 226.75 1.6892116604748917 0.5634916479972076 0.5472253976175689 -5.19 1.26 19.70 -1.6614740143500557 0.53400606
Cyclist 0.00 0 -1.6179672526803355 834.58 154.08 861.61 195.57 1.7324948362428998 0.5579467804341507 1.7174232965732479 10.42 0.62 30.31 -1.2868435144791701 0.9997253
Pedestrian 0.00 1 -2.2753007570889334 226.96 177.30 249.18 228.38 1.7858405443284464 0.6647534220752191 0.9140234483191871 -12.48 1.62 24.21 -2.751263014480141 0.5417978
Pedestrian 0.00 0 -1.6853335435178618 219.29 179.87 243.46 229.13 1.7116323126856041 0.6657298523274136 0.7408636925527954 -12.47 1.61 23.64 -2.1707350425010508 0.87056
Cyclist 0.00 0 -0.7361319820072989 287.50 169.56 361.55 234.93 1.7666694815624808 0.5058865265159798 1.6544401375974083 -7.64 1.41 19.25 -1.1139485063762864 0.9791419
Pedestrian 0.00 2 -1.0252115885403494 305.15 174.91 327.88 225.61 1.6871753273907852 0.5840498264220428 0.8468600516924762 -9.30 1.43 22.81 -1.412351867580771 0.79387236
Pedestrian 0.00 1 -1.1992732743409018 278.99 173.25 315.69 235.63 1.849768699556942 0.5900226141598892 0.6983931479761505 -9.14 1.59 20.93 -1.6110067867933284 0.82352227
Pedestrian 0.00 2 -1.1162474612381796 387.33 160.97 410.73 223.98 1.7793966824564886 0.5847916509297562 0.7905875412533188 -6.54 1.35 22.25 -1.4021285659331764 0.8788921
Car 0.02 1 -1.7263216386225562 1094.19 143.19 1223.00 180.80 1.4999956678418827 1.67048990658535 3.9010593016968156 24.36 -0.02 31.14 -1.0624833219866952 0.9154962
Car 0.00 1 -1.509557575979505 990.60 156.16 1106.16 187.52 1.5363390058098745 1.6610479273558998 4.234055118762054 19.29 0.27 30.89 -0.9513366405695687 0.99777526
DontCare -1 -1 1.987650112309728 621.26 163.43 652.12 176.82 1.4715283181338024 1.652186910873785 4.002094658218422 -1000 -1000 -1000 2.7730482757071764 0.6884145
