Car 0.57 0 -1.7765196422722678 837.77 205.39 1241.00 374.00 1.5819814171461772 1.6456039839149856 3.4453977813349153 2.96 1.70 5.35 -1.271168554687549 0.9974578
Van 0.90 0 0.5451679984715323 0.00 165.59 99.53 374.00 2.1575994338025666 1.990834067211075 5.058574685657072 -5.88 1.66 5.19 -0.30248025550386903 0.9239291
Car 0.04 1 -1.0710828165200095 0.00 179.62 302.25 310.82 1.5865689147083473 1.7176734574796104 4.099210234485664 -6.32 1.74 10.02 -1.6337980713981413 0.9692086
Car 0.00 2 -1.0611103336003165 843.83 191.45 1118.16 275.35 1.536548067238779 1.6852455206872368 4.038899453483619 6.31 1.69 12.67 -0.5990425021162573 0.95436937
Car 0.00 2 1.341365293660436 820.86 178.17 1015.77 260.55 1.4416769746510696 1.642428999087348 3.987221436701813 6.32 1.76 15.18 1.7358757247448147 0.78505546
Car 0.00 2 1.934657828011785 733.58 170.35 887.24 229.13 1.5691260810761165 1.7229689501882934 4.38943572541336 6.28 1.71 23.05 2.200652892697572 0.9152747
Misc 0.00 2 1.8376138965275626 316.77 198.00 422.53 248.57 1.4242854866950225 1.5749620639444732 3.610197203360596 -5.62 1.70 16.87 1.5160411831391825 0.5153019
Car 0.00 2 -0.9733363548901419 262.23 151.25 438.49 240.14 1.475135878082962 1.6869123049737358 3.792686680458584 -6.85 1.70 19.21 -1.315865556078807 0.998268
Van 0.00 0 1.569651205735516 641.26 157.32 697.17 214.16 2.1787280212273217 1.950259255812092 4.812434790486145 2.56 1.73 32.93 1.6472358217770093 0.98464787
Car 0.00 1 1.3077362338688712 379.21 178.17 496.88 217.06 1.4301959279744338 1.5959962450624847 3.942227469883957 -6.83 1.70 28.78 1.0747291185178298 0.98134226
Car 0.00 2 -1.7338664988663535 423.78 171.10 521.95 211.70 1.5379800371645402 1.659205730325117 4.310138480864563 -6.39 1.75 33.86 -1.9203910657223089 0.99718934
Van 0.00 2 1.4778719628837447 626.69 158.68 660.80 198.44 2.1887366678682483 1.8828824149524404 5.044052341783094 2.26 1.69 50.40 1.522683214228444 0.95788544
Van 0.00 2 1.3209447870638709 505.14 164.53 565.85 194.34 2.1746687847306347 1.922493653938694 5.2961508462369915 -7.37 2.09 71.68 1.2184867415282807 0.6668511
DontCare -1 -1 2.0113564590599875 584.56 172.94 622.10 184.44 1.456215791758747 1.6355086949379587 3.5034752060995484 -1000 -1000 -1000 2.796754622457436 0.8223913
