Car 0.00 0 1.9429099718716483 175.66 186.66 364.00 292.69 1.4882372695772361 1.6026455529691124 3.001793401442566 -5.40 1.70 11.80 1.51373146387035 1.0
Car 1.00 1 2.4491057554867606 1147.45 205.33 1241.00 374.00 1.4389947358338546 1.4503525637747192 3.7505962794051553 3.36 1.64 1.67 3.5586382589920653 0.9610952
Car 0.06 1 -2.146279410519872 793.72 183.45 1168.44 374.00 1.4905827998934698 1.571052341973915 4.007244320713081 3.26 1.61 7.35 -1.7288127522188181 0.9994773
Car 0.00 1 1.8986340324070792 303.40 182.46 432.22 257.46 1.4274463359086227 1.6912903406382942 3.9882863034830476 -5.41 1.73 16.47 1.5812614142871966 0.99995935
Car 0.00 2 -1.8591778437283377 738.58 179.05 889.99 278.22 1.4436465505330276 1.7242940732003593 3.556708680592575 3.39 1.61 12.76 -1.5995024618637772 0.9999515
Car 0.00 1 0.9949336210873465 477.19 175.85 532.18 198.69 1.4786461297242355 1.5868724242509746 3.3891349007711793 -6.84 1.63 46.52 0.8489461176895052 0.9957503
Pedestrian 0.00 0 1.6051967340197901 668.46 169.29 688.37 200.22 1.8422852246466828 0.6812791395273876 0.7582494659135246 3.76 1.50 39.89 1.699178267573856 0.9643628
Truck 0.00 1 2.0593097964909415 647.03 150.23 722.61 189.02 3.177504112440605 2.570156757766037 11.169371768299246 7.11 1.50 69.21 2.1616814929845294 0.6818124
DontCare -1 -1 -2.176386014619146 593.94 172.94 637.73 189.65 1.4597873765794944 1.603248997843399 3.746069552503624 -1000 -1000 -1000 -1.3909878512216975 0.75800055
DontCare -1 -1 -3.0931927720692496 417.90 177.10 462.73 193.81 1.434268959221096 1.6455425352515125 3.9600260873661424 -1000 -1000 -1000 -2.3077946086718013 0.912256
