Car 0.82 0 -1.0445017973568778 0.00 212.80 339.50 374.00 1.49012117123291 1.5891798727871322 3.229730503760376 -3.66 1.81 5.25 -1.6533076412179653 0.8471301
Car 0.96 3 -1.8009268651392798 0.00 220.88 70.46 374.00 1.5134490843682002 1.607357661491766 3.9715073873625184 -6.67 1.94 5.87 -2.6500345447261924 0.686105
Car 0.00 1 -1.5111721726742129 654.10 179.32 709.89 223.85 1.4557879049150657 1.6644346111179733 3.5878550877199555 2.62 1.80 27.41 -1.4158761433701135 1.0
Car 0.00 1 1.805378750958715 292.86 194.36 454.13 295.55 1.4437584582535934 1.585746574467554 4.017577769361534 -3.91 1.82 12.35 1.4987637594280194 0.99999976
Car 0.00 0 2.726714805760656 805.70 165.78 996.06 222.26 1.5479027204035234 1.7691978805424118 4.123309301339187 8.03 1.32 20.29 3.1035619361642084 0.9970509
Car 0.00 2 2.5848331014302115 786.12 153.89 940.81 216.89 1.5618698265223216 1.6608885966898346 4.284182595215835 8.05 1.35 23.28 2.9177527895067925 0.9832291
Misc 0.00 2 -1.612559543051992 412.13 199.38 462.28 226.44 1.4235469776956748 1.62697277708961 3.647060440979996 -6.57 1.95 27.42 -1.8477320688985037 0.99987435
Car 0.00 2 -1.628461835035358 431.20 183.40 486.79 224.15 1.5031752515403938 1.6559318334521198 3.834558433048525 -6.53 2.11 31.39 -1.8335646070912015 0.99999547
Car 0.00 2 -1.4944745833661894 336.89 192.01 431.93 249.74 1.6070119965641212 1.6092841618420028 4.92118062277893 -6.35 2.01 20.52 -1.7945822211221274 0.99966955
Car 0.00 0 1.0127080241825919 745.32 164.58 862.58 206.86 1.453635588642807 1.6528002724708462 3.7509182711468125 7.81 1.33 29.44 1.2720203396639804 0.9853279
Car 0.00 1 1.62954888592032 478.07 184.49 516.12 212.15 1.4974874336092185 1.6452307061017895 3.8405890745447064 -6.69 2.24 42.90 1.4748508106541651 0.99999845
Van 0.00 2 -1.2255301038411002 1075.18 135.71 1233.46 188.95 2.2034055809607125 1.9357472645198537 5.1839668059885975 22.19 0.62 29.58 -0.5819208226213892 0.8028556
DontCare -1 -1 1.567191631826807 518.94 179.19 570.02 196.94 1.5294351395039272 1.6455109596909427 4.022166537247696 -1000 -1000 -1000 2.3525897952242554 0.8505388
DontCare -1 -1 -1.6174409995463233 594.98 176.06 606.48 186.52 1.5357078727154445 1.6206877057166242 4.018600331746139 -1000 -1000 -1000 -0.832042836148875 0.77712893
DontCare -1 -1 -1.1823190907624106 615.81 176.06 649.18 195.89 1.4921048771409702 1.6431436382891083 3.8156710398719693 -1000 -1000 -1000 -0.3969209273649623 0.9471469
DontCare -1 -1 -2.5638863007214407 696.02 166.69 743.98 186.52 1.406278998014183 1.6760196753503227 3.8402531464920426 -1000 -1000 -1000 -1.7784881373239925 0.9857512
DontCare -1 -1 2.222667888798986 962.69 151.06 1071.06 187.56 1.4037882838217925 1.601150735533371 3.8988128920421983 -1000 -1000 -1000 3.008066052196434 0.9295664
