Car 0.25 3 -0.5454736510899405 0.00 189.70 136.87 249.25 1.4994319643645 1.6589788899482631 3.9379704018459702 -16.25 2.02 21.07 -1.2024295594258594 0.616319
Van 0.00 0 -1.2856426993992667 178.34 175.48 264.35 214.16 2.197175044112406 1.9266994135534001 5.203579230064201 -20.99 2.11 39.20 -1.7772536382848236 0.67147183
Misc 0.00 1 1.5728389542226235 259.12 183.18 294.64 209.05 1.5665154907672119 1.6605557643534088 3.479966716967621 -20.68 2.19 44.80 1.1403745599226704 0.99816185
Car 0.00 0 1.8454588512566428 354.97 185.80 400.55 212.63 1.4897137287823867 1.6248058800311231 3.4020328392610932 -13.74 2.27 42.76 1.5345514150495376 0.9996164
Car 0.00 1 1.812259362139974 310.80 186.70 367.57 212.27 1.607345603760929 1.6706154153407955 3.721003862224617 -16.60 2.32 44.37 1.4542545776767608 0.99112564
Car 0.00 0 1.8917648057129721 423.44 183.16 459.01 203.95 1.5917801488010597 1.6116545715094948 3.962691048286953 -13.65 2.45 58.48 1.6624571947151017 0.9994098
Car 0.00 1 -1.3577176789429526 394.08 183.05 428.74 203.86 1.538302572798581 1.683478973126545 3.8480251125396276 -16.54 2.52 60.21 -1.6258097945632137 0.78771234
DontCare -1 -1 1.5426481972124915 476.23 183.35 496.06 197.97 1.4565343934862327 1.5495096587301636 3.6198086907492066 -1000 -1000 -1000 2.3280463606099397 0.98276514
DontCare -1 -1 -1.2643792490151267 657.48 179.19 668.98 197.98 1.5536244291631889 1.6208835535408401 3.796310460321703 -1000 -1000 -1000 -0.4789810856176784 0.8268114
DontCare -1 -1 1.1417524675515036 677.27 178.15 693.98 206.32 1.4957057781337213 1.6380259462357902 4.033729048572578 -1000 -1000 -1000 1.927150630948952 0.88737875
DontCare -1 -1 1.684607365229402 697.06 177.10 834.60 197.97 1.4524356353847694 1.6953773491741562 4.253754751883545 -1000 -1000 -1000 2.4700055286268503 0.94109315
