Car 0.22 0 -1.3375008265164237 47.82 175.47 450.01 374.00 1.480963062849493 1.595018050885334 3.648099990688362 -2.65 1.52 6.43 -1.728420712375029 0.5828046
Car 0.88 0 -1.2898637811329703 811.48 143.78 1241.00 374.00 1.4744576591818046 1.6432801683159017 4.309891628228225 2.36 1.56 3.62 -0.7121303929640047 0.997829
Car 0.00 1 -1.146564350524221 338.93 178.99 522.71 291.63 1.5253884577012073 1.697651013052597 4.168442921839752 -2.64 1.57 11.45 -1.3731718354369842 0.99999356
Car 0.00 0 -1.6652630726483206 659.30 173.07 723.45 220.38 1.5166099238029134 1.615807998246088 3.5212339629755403 2.70 1.53 25.04 -1.5578506002378827 0.9999995
Car 0.00 1 -1.6964864889767508 723.54 176.87 948.44 318.97 1.5053388349531602 1.6831450194777393 3.859421202457608 2.55 1.48 9.26 -1.42776891655939 0.99873203
Pedestrian 0.00 2 1.902666644254003 374.93 164.28 401.34 259.14 1.7822409192476225 0.5830725486663055 1.1414059815714264 -4.40 1.67 14.18 1.601790773497648 0.9877529
Pedestrian 0.00 2 1.871658102669988 397.98 165.05 416.40 242.08 1.7732716048512411 0.584407290377922 1.1061136094639206 -4.87 1.63 17.19 1.5955880086642902 0.9086467
Car 0.00 0 -1.5088400925186018 544.63 170.98 579.49 202.86 1.4812598418264102 1.6446898107142591 3.6754952689037705 -2.55 1.53 38.54 -1.5749088160535105 0.999094
Car 0.00 2 -1.5868504858252148 644.01 170.72 684.38 203.53 1.4926075435994577 1.6316600211621666 4.010702269278564 2.72 1.52 37.36 -1.5141735757608834 0.9999857
Pedestrian 0.00 2 1.9617792526867728 405.96 166.05 421.21 244.54 1.765160804093237 0.6192718762245846 0.9282184323081875 -4.50 1.63 16.64 1.6976641698565573 0.85759234
Car 0.00 2 -1.8354862789299826 633.83 167.12 659.26 192.60 1.5447420909820508 1.6057381734908962 3.705306457482376 2.70 1.44 54.44 -1.7859309981655904 0.9995881
DontCare -1 -1 1.5257659489896636 616.85 169.81 635.64 184.44 1.4335549179284286 1.660218063062563 3.906325465194979 -1000 -1000 -1000 2.311164112387112 0.83461744
