Pedestrian 0.08 0 1.1911266605046134 752.30 161.09 839.82 373.00 1.7860903287682486 0.7288420777109337 0.8885607240507507 1.48 1.58 5.88 1.4377053222661462 0.7194829
Pedestrian 0.10 0 0.38624270359543367 832.07 152.46 911.30 373.00 1.8431100113693428 0.6693024541524124 0.9092496303627395 2.09 1.60 5.84 0.7299173325697873 0.98847455
Pedestrian 0.00 0 -2.1898294250157218 219.95 159.37 310.42 369.63 1.8196838064495278 0.6436642351833057 1.3768560407469177 -3.19 1.59 6.62 -2.6388706474045467 0.6198667
Pedestrian 0.00 2 2.105034486451421 820.82 169.37 854.89 254.26 1.754389559328909 0.5231934990075302 0.6101334510157013 4.95 1.54 15.79 2.408820612738759 0.75010747
Pedestrian 0.00 1 -1.6814627731826643 916.38 163.23 936.82 230.27 1.6890082447234345 0.6486227977362347 0.8739525951231026 8.27 1.26 18.97 -1.2703527929312424 0.70836496
Pedestrian 0.00 0 1.4374594102290015 1019.50 160.71 1077.95 306.32 1.7697075954083157 0.7115719820645523 1.2202074346849823 5.14 1.40 8.53 1.979773173775484 0.72272986
Car 0.00 0 -1.4458065713432173 546.09 168.24 599.73 216.52 1.4939211182115983 1.6531476781429195 3.6276015212164308 -1.26 1.53 33.97 -1.482881126761979 0.7957291
Van 0.00 1 1.4556608955052237 620.14 171.20 645.59 199.50 2.195959313784293 2.0414210954760743 5.025182371789264 2.52 1.32 55.89 1.5007189448480807 0.99997187
DontCare -1 -1 1.024728194871221 408.12 174.55 441.40 253.54 1.5677314478723716 1.7146078564883613 3.8261676040814305 -1000 -1000 -1000 1.8101263582686693 0.93517995
DontCare -1 -1 0.8126133839276175 500.59 177.67 519.33 223.42 1.5409928284405183 1.659838996148243 3.7216374446974183 -1000 -1000 -1000 1.5980115473250658 0.9828509
DontCare -1 -1 0.39645500580338044 1080.10 167.39 1127.93 233.14 1.5563244636921596 1.6942363076568985 4.040968926750221 -1000 -1000 -1000 1.1818531692008287 0.9230017
DontCare -1 -1 -2.1430404345181326 724.99 179.75 751.00 215.11 1.4961018342344474 1.6215917815179968 3.765882523857155 -1000 -1000 -1000 -1.3576422711206844 0.9502015
