Car 0.98 0 -1.794754252829824 981.83 215.47 1241.00 374.00 1.3695383075444412 1.5878104262710953 3.8518016255796934 3.57 1.69 3.34 -0.9760832793585532 0.53178877
Car 0.00 1 -1.9144894341614584 814.34 191.42 1129.69 367.84 1.4044511098234367 1.5586494275094414 4.07839657565216 3.54 1.65 8.00 -1.4978899870890612 0.9998971
Car 0.00 1 -1.870455608763967 712.64 171.56 860.62 274.53 1.5689787272183608 1.5401199304224396 3.4172102381811524 3.00 1.61 13.22 -1.647305975961146 0.9999969
Car 0.00 0 -1.4469448710468154 465.81 166.50 535.57 235.02 1.5388065971253824 1.6016845472813988 3.3256078531370545 -3.25 1.71 21.86 -1.5945371350800066 0.9979456
Person_sitting 0.00 2 -1.6904137964036803 698.88 177.07 744.39 268.51 1.4341232333152008 1.5766760849119568 2.9981975128279115 2.04 1.72 13.41 -1.5394459865177448 0.76398575
Car 0.00 1 1.806206108131681 278.32 193.05 458.16 319.56 1.5706744272081565 1.6270619288743877 4.111614870034256 -3.32 1.78 10.40 1.4972010975909202 0.9999999
Car 0.94 0 -1.2533341805127005 0.00 214.04 313.55 374.00 1.5814768712787342 1.539022251284256 4.277679579459228 -3.25 1.80 4.00 -1.9356507353874486 0.99985313
Car 0.00 2 1.4635246331479888 668.10 180.67 727.23 222.60 1.5151392029418063 1.6299087323905372 3.630572812758484 3.04 1.66 26.02 1.5798305591013704 0.9523853
Car 0.00 2 1.502159790196691 690.89 178.74 764.59 233.99 1.5044490232883405 1.6727335632504368 2.3048654963598634 3.36 1.65 21.53 1.6569723335282922 0.6992128
Car 0.00 1 1.4906275431301932 538.09 175.38 567.46 201.85 1.5067725781171035 1.5873269506455803 3.645963521801033 -3.45 1.69 43.63 1.4117177047462974 0.9973047
DontCare -1 -1 2.2489648024227957 579.35 168.77 685.64 205.27 1.5666985962359619 1.690714723682537 4.018542172514 -1000 -1000 -1000 3.034362965820244 0.9415277
