Car 0.00 0 -1.1759887794640402 580.09 183.86 603.36 202.59 1.4715926240949344 1.6297858779044294 3.595666097603836 -1.28 1.28 55.69 -1.1989691111440315 0.98722523
Car 0.45 0 -0.7664919654515128 0.00 190.25 276.46 375.00 1.48516508972332 1.7072472938062095 3.855107455641129 -4.81 1.60 7.02 -1.3672057487625064 0.7300357
Van 0.72 3 -1.1918049613621573 0.00 167.66 96.89 297.65 2.198209123231969 1.8112392375325395 5.326376972550201 -9.23 1.56 10.32 -1.9215063136154713 0.99905354
Car 0.00 0 -1.8621795634415488 666.65 182.10 816.82 287.52 1.547598163020463 1.5823321298421764 3.792602779470482 2.20 1.56 13.06 -1.695293052622458 0.9996377
Car 0.00 0 -1.3035994629052023 296.38 190.58 418.31 263.24 1.4453175369469833 1.5869168669642353 3.805373495571413 -5.46 1.51 16.02 -1.6320763732569994 0.99995553
Van 0.00 1 -1.2086436311390738 167.36 170.13 315.12 247.95 2.278126760863266 1.907498812869711 4.868775902146148 -10.03 1.50 20.14 -1.6707011003551029 0.9999819
Car 0.00 1 -1.6086395951595645 387.35 188.12 462.72 238.36 1.566366173681469 1.5997932881773853 3.8924985547886277 -5.63 1.49 22.40 -1.8548783647285714 0.99941754
Car 0.00 0 -1.6220202791180949 539.10 181.08 584.44 222.61 1.4750152829854202 1.6014483191729927 3.098076896868744 -1.99 1.42 29.66 -1.6890136034223524 1.0
Car 0.00 2 -1.5906817550447325 316.96 184.59 388.64 223.81 1.6134789068071556 1.7419803955317879 4.552368121348419 -10.13 1.41 28.77 -1.9292287388515004 0.9996809
Car 0.00 1 -1.8300622860577445 462.10 184.64 495.09 210.68 1.5309372529207181 1.6718690835596466 3.880436616145172 -7.60 1.41 42.48 -2.007097023625728 0.970304
Van 0.00 2 -1.6784087429430823 362.78 173.82 416.81 212.63 2.296935960196457 1.816889601395054 4.4078518727958675 -11.88 1.39 39.41 -1.9711919200377286 0.99746275
Car 0.00 2 -1.5311782034721713 475.27 182.75 502.53 203.88 1.5116835873393726 1.6538569696904564 3.740315320097008 -8.52 1.27 51.70 -1.6945071037791193 0.9965771
Van 0.00 1 -1.4667041758683066 492.31 171.15 514.23 199.97 2.169878363155327 1.8007765064095689 5.054491625928926 -9.82 1.30 67.97 -1.6101868637063004 0.6804463
Misc 0.00 1 1.1682589511063437 531.93 166.24 562.41 202.38 1.7854028198687744 1.5787099667550468 4.0065422227011105 -4.74 1.24 55.74 1.0834253720315585 0.9999722
