Car 0.19 0 -1.7760894010451178 827.18 181.36 1217.26 374.00 1.5495401084242773 1.6817050941945457 4.036876859270134 2.92 1.50 5.95 -1.319864057902935 0.99999523
Car 0.00 0 2.0371596376088004 50.09 201.50 307.01 337.85 1.4128371108143043 1.6503128234954023 3.612398805223503 -6.01 2.01 10.50 1.5172958691898077 0.9984256
Car 0.00 1 1.6530321995404105 449.23 188.53 497.02 222.48 1.4652038592664909 1.6729559221030617 3.719695838295021 -6.25 2.16 33.06 1.4661871080148154 0.9999813
Car 0.00 1 -1.435123668113027 647.82 175.99 688.57 207.77 1.4525276426045608 1.6487010989995146 4.0533691068516156 2.87 1.69 36.64 -1.3569535849707213 0.99999905
Car 0.00 2 1.5665256069649498 472.21 187.09 513.79 214.93 1.5421480260609102 1.6318121247650528 3.6874884535894776 -6.24 2.15 38.64 1.4064172094487362 0.9999912
Car 0.00 2 -0.9972882429745535 112.27 203.08 188.65 232.30 1.5245599643147003 1.640292818910017 3.8463662277312065 -25.94 3.21 40.84 -1.563161432046047 0.998648
Car 0.00 2 1.410562158623014 159.49 201.11 228.34 229.56 1.336339474078865 1.635152037507429 3.5270134975538636 -23.46 3.06 40.79 0.8886219456298069 0.81031394
Car 0.00 2 -1.8419279913094382 198.32 196.75 271.29 227.43 1.4522404376237106 1.6297804631949806 3.6694939305410768 -20.84 2.89 40.23 -2.3198885418979787 0.99860245
Car 0.00 2 1.677616142728601 250.29 197.39 314.37 228.05 1.5006009269325447 1.6199763093800688 3.81030182739357 -18.28 2.94 40.39 1.2526127217985044 0.8088984
DontCare -1 -1 0.42420251766708894 507.48 177.10 590.86 205.27 1.4608118723897647 1.7063466303707504 4.0077547748909375 -1000 -1000 -1000 1.2096006810645372 0.81990445
DontCare -1 -1 1.651747272410665 600.19 170.85 647.11 194.85 1.4572581279842567 1.683860636568203 3.99153942068676 -1000 -1000 -1000 2.4371454358081133 0.9929422
DontCare -1 -1 -1.7250625203039984 681.44 163.56 751.27 183.39 1.440453492459507 1.613617933607235 3.9990587552414323 -1000 -1000 -1000 -0.9396643569065501 0.7254174
