Car 0.96 0 2.0015934268620352 0.00 232.72 193.01 374.00 1.520557233952583 1.646679292684927 4.006199555598297 -4.18 1.86 3.97 1.190434092508812 0.7262585
Car 0.00 0 -1.7084721634772162 754.37 186.10 1028.42 368.61 1.4252648431627464 1.7001752027036094 3.6268927623854066 2.63 1.63 7.68 -1.3785410358256232 0.99992645
Car 0.00 0 -1.1916318098690848 255.06 181.20 439.18 295.87 1.536276253294797 1.5943673171759987 3.737258622549572 -4.53 1.88 13.02 -1.5264580126905767 0.9995783
Car 0.00 0 1.844093875088964 444.25 182.00 507.78 229.50 1.4405725750891876 1.6554962613345527 4.240632282696762 -4.95 1.97 26.91 1.6621809489641002 0.99999654
Cyclist 0.00 0 -1.0950771431115012 555.80 174.53 568.01 203.28 1.6952844406832313 0.6298432813196373 1.8001699904377126 -3.19 1.97 47.63 -1.1619518672701188 0.9150793
Cyclist 0.00 0 1.8284401158478598 569.42 174.32 580.76 201.22 1.735236275976554 0.5675166675059986 1.734307131769743 -2.35 1.87 48.22 1.7797436796318558 0.98684406
Car 0.00 0 1.6027959520604949 498.81 182.63 537.38 209.26 1.5219388332968962 1.6420373313785934 3.863526337441155 -5.43 2.06 42.97 1.4770949862196627 0.81467813
Car 0.00 1 -1.5346120866623263 633.63 176.15 655.29 193.97 1.3778415772883605 1.5573653273941421 3.3642980029211427 3.04 1.82 63.93 -1.48709586953758 0.99996424
Car 0.00 0 -1.6745080287244658 661.30 174.45 728.13 228.52 1.4844984378485393 1.6379027788252973 3.5655431916342164 2.64 1.68 23.51 -1.5626838380014165 0.99996066
DontCare -1 -1 2.193403617539678 617.90 170.85 638.77 190.68 1.545875175279231 1.5970932424725437 3.9503080715761567 -1000 -1000 -1000 2.9788017809371263 0.96835977
