Car 0.00 0 -1.2499100426819663 422.28 170.47 518.59 236.17 1.4457771334616851 1.6311839830787325 3.7310566475019837 -3.37 1.27 18.23 -1.4327065551577232 0.99995315
Cyclist 0.00 0 1.0317672650006156 884.33 143.01 952.39 201.63 1.7270986116845464 0.571526364160974 1.9693814320886993 9.51 0.63 21.57 1.447019643128215 0.82705474
Cyclist 0.00 1 -1.3164374391224722 817.48 147.25 872.23 198.17 1.8036158378590201 0.6292973102240753 2.0086462749565506 8.95 0.64 26.47 -0.9903863227371676 0.9879218
Pedestrian 0.00 0 0.6313142339375357 528.01 161.37 555.88 213.53 1.775235287323947 0.686174126276083 0.7167555508921051 -2.22 1.16 25.37 0.5440316313472673 0.9898094
Cyclist 0.00 0 -1.1110593835499625 680.08 158.67 717.86 193.79 1.7331495189927821 0.5530822050928068 1.7602750296170377 4.68 0.64 35.23 -0.9789912933234333 0.98162556
Pedestrian 0.00 0 1.8000742504980902 413.82 160.45 435.08 217.50 1.7843363801393461 0.6495114806380939 0.7019301024982834 -5.77 1.17 22.78 1.5519993024986758 0.9876061
Pedestrian 0.00 1 -1.2524244348194937 253.15 176.12 284.66 221.33 1.7535962699357224 0.699316380479641 0.866113395036211 -12.99 1.56 27.32 -1.696260943896858 0.8113992
Pedestrian 0.00 1 -1.983899132409368 243.87 178.61 275.97 222.11 1.7167581631246758 0.6366033907321167 0.9571476472327614 -13.06 1.56 26.73 -2.4383768240599633 0.83270395
Cyclist 0.00 0 -1.0565358559277396 294.21 170.43 359.00 228.88 1.6972910943795299 0.5296984703450394 1.779947068581965 -8.45 1.40 21.45 -1.431806678783697 0.9908069
Pedestrian 0.00 2 -1.5720412047256271 351.03 170.78 371.39 215.48 1.811964658499117 0.6328110116806698 0.79460988620018 -8.77 1.26 25.83 -1.8993562739121812 0.9881604
Pedestrian 0.00 1 -1.8935722867634635 342.50 168.58 365.31 222.50 1.7617469746064198 0.6627049911108684 0.8977429723153019 -8.47 1.40 24.12 -2.2312809074027538 0.9591623
Pedestrian 0.00 2 -0.9830513755467276 427.93 161.42 441.91 217.20 1.783786374554391 0.6945295724359226 0.6670118538448715 -5.96 1.28 25.10 -1.2161840339560197 0.9836819
Car 0.00 1 -1.4648843492057662 1047.61 145.40 1164.39 179.46 1.4741005491285037 1.67016351155056 4.067537130914726 24.25 -0.08 34.33 -0.8498898209360032 0.99883157
DontCare -1 -1 -0.5802319208767752 957.35 153.15 1058.10 188.12 1.4512649182049941 1.6783922419608974 4.16450269719223 -1000 -1000 -1000 0.20516624252067306 0.75904506
DontCare -1 -1 1.962575809159551 620.24 163.43 649.05 175.79 1.4452578279940795 1.6498667404712581 3.7143441458568955 -1000 -1000 -1000 2.7479739725569994 0.77013886
