Pedestrian 0.00 0 -2.2846579114582877 118.75 159.08 188.09 330.10 1.7543288333717537 0.6539183658820462 0.904633943528881 -5.16 1.63 8.30 -2.8408711141936713 0.95869863
Pedestrian 0.00 0 1.7574027190592627 517.26 182.65 558.26 274.00 1.823868462294693 0.7022278066065979 1.232696246893158 -1.22 1.54 12.62 1.6610302404727637 0.68441296
Pedestrian 0.00 2 0.8213962475445609 847.22 169.43 873.55 249.09 1.7561755426604104 0.7057062032905292 0.6627236274788284 5.19 1.35 14.78 1.1590953789280614 0.8416616
Pedestrian 0.00 0 1.7853275845435004 429.44 173.98 451.44 267.19 1.784175376817937 0.6252063717034531 0.9584341017315292 -3.09 1.53 13.18 1.5550405716877416 0.51685053
Pedestrian 0.00 2 -1.1300440589573721 514.96 172.65 541.62 248.26 1.7146117663387013 0.591437017479248 0.7552964506456756 -1.94 1.52 16.89 -1.2444037640247663 0.54739606
Pedestrian 0.00 2 -1.4157662699606757 781.78 160.49 811.11 234.11 1.7256137406829548 0.6143743711796474 0.8996116822371387 4.62 1.25 17.69 -1.160307757024686 0.5932712
Pedestrian 0.00 0 1.6123577627029757 605.83 169.12 625.50 228.35 1.8338166488710594 0.6171607728388977 1.0334970621178055 0.19 1.40 22.03 1.6209821516833618 0.9953928
Pedestrian 0.00 0 1.0706054727223258 587.32 172.11 601.99 218.31 1.748573840074594 0.6237880419281197 0.8983400376299524 -0.43 1.38 27.37 1.0548961330388258 0.99774134
Van 1.00 0 1.8371559540417532 824.50 0.00 1237.00 373.00 2.198055788420639 1.9058057839130593 5.301666809076118 2.75 1.57 2.85 2.604698872299649 0.90869933
DontCare -1 -1 1.7234963933613638 629.41 169.36 721.91 209.92 1.5284092704585206 1.683082568711176 4.290840970479049 -1000 -1000 -1000 2.508894556758812 0.73963064
DontCare -1 -1 1.3182416121151785 553.57 170.40 586.85 222.38 1.5222075873805594 1.643333207136526 3.761466698847809 -1000 -1000 -1000 2.103639775512627 0.84869975
