Car 0.05 0 2.1035695830967764 0.00 204.69 276.28 347.52 1.6061059761612129 1.6029745184542084 4.131689535580673 -6.06 1.91 9.59 1.5400179628832293 0.9990213
Car 0.00 1 -1.9481481770661215 715.16 174.28 864.75 273.16 1.5851065818040084 1.610323234713211 4.200260298453369 3.02 1.56 13.06 -1.7209020018222114 1.0
Car 0.00 1 2.0491874078896384 246.26 194.95 396.18 274.15 1.4140059578983497 1.6137816340388202 3.7581941728816415 -5.95 1.88 15.28 1.677854046416393 1.0
Car 0.00 1 1.8532407442715506 385.01 179.45 468.06 238.34 1.5012946188269567 1.6886808865429306 4.059584649406471 -5.91 1.96 23.55 1.6073630702990829 0.99999654
Car 0.00 2 1.5337684536960463 434.11 182.97 494.56 225.07 1.555852152761669 1.680029164320364 4.054610537491836 -6.03 2.05 30.11 1.33611743338423 0.9999652
Car 0.00 2 2.0737525383618216 480.54 183.05 521.26 210.20 1.5301853012113285 1.6249672968597555 3.6152813901529695 -6.14 2.02 40.76 1.9242388054154147 0.7905537
Car 0.00 1 -1.8203113685038428 638.90 175.74 660.60 194.44 1.4679745923547458 1.6735264167846584 3.7173677553759004 3.39 1.82 62.42 -1.766055153758858 0.9989004
Car 0.00 1 -2.670634345212255 694.28 169.37 758.60 189.56 1.50239891035542 1.6376073204637909 3.851193085439601 8.86 1.24 55.26 -2.5116544397919554 0.742951
DontCare -1 -1 -1.0354506532338004 522.06 178.15 589.81 194.86 1.4273364696471404 1.7143855833174133 4.063163178168335 -1000 -1000 -1000 -0.2500524898363521 0.98169714
DontCare -1 -1 -1.9576751450684409 601.23 173.98 610.65 186.52 1.545798886921854 1.634113853117957 3.9393198808060075 -1000 -1000 -1000 -1.1722769816709926 0.9776684
DontCare -1 -1 2.1975879828122 779.35 157.31 960.64 197.98 1.4553405348031234 1.7490437173010254 4.435858028136291 -1000 -1000 -1000 2.9829861462096483 0.63097644
DontCare -1 -1 1.5698828361954096 619.98 170.85 634.61 186.52 1.5022181052534294 1.641437608069315 3.7706884910688783 -1000 -1000 -1000 2.355280999592858 0.9407949
DontCare -1 -1 -0.7959473888066153 671.02 165.65 717.94 181.32 1.4572653252451133 1.650376088237896 3.9324246962891007 -1000 -1000 -1000 -0.010549225409167029 0.5402735
