Car 0.32 0 2.1128536025669913 0.00 184.67 261.77 370.54 1.5784665833978366 1.7217904397012138 3.583896892272034 -6.17 1.90 8.91 1.507192225610544 0.99340594
Car 0.00 0 1.6083771670844893 490.79 181.28 545.61 216.20 1.5185078837728512 1.6461263664723778 3.685251386962929 -3.99 1.79 31.76 1.4834021857918855 0.9999951
Car 0.00 1 1.9632301489498953 215.83 184.95 375.94 274.09 1.3382079455821227 1.635548928073182 3.72609028419117 -6.51 1.89 15.36 1.562352508754732 0.99753547
Car 0.00 2 1.5563526470821838 384.32 186.37 456.81 230.16 1.5139150436787319 1.6561703898669624 3.8067863677964593 -6.84 1.95 26.27 1.3016351924991545 0.9999583
Car 0.00 1 -1.5849228855830173 629.28 173.77 657.31 198.31 1.5033163506357383 1.6535816558362388 3.9733473678455735 2.15 1.64 48.04 -1.5401983586798427 0.99930966
Car 0.00 1 -2.987139777341161 703.57 164.65 791.58 192.02 1.481580503639431 1.655068381941452 3.8274621946142102 7.74 1.05 40.97 -2.8004216422701744 0.9476947
Car 0.00 2 -2.534183577695165 699.12 159.11 775.54 191.80 1.5163378774939489 1.6395878710509681 4.209518449507751 7.70 1.12 44.04 -2.3610921387271184 0.6005168
Van 0.00 2 -0.6656668345120291 878.66 147.79 962.41 178.62 2.13117449685236 1.875272548392935 5.167266731911945 21.65 0.38 50.47 -0.26044031220272257 0.9155237
DontCare -1 -1 -1.4330210695650916 1091.90 151.06 1214.86 204.23 1.484267261233778 1.6641454801620388 3.625713514290848 -1000 -1000 -1000 -0.6476229061676433 0.8920648
DontCare -1 -1 1.4842884177949767 791.85 155.23 867.93 176.10 1.4802840020327281 1.66251090101017 3.843496357217529 -1000 -1000 -1000 2.269686581192425 0.8432413
DontCare -1 -1 -1.3352715680983405 580.40 169.81 592.94 185.48 1.5126639086572837 1.5833658680976772 3.758025990925827 -1000 -1000 -1000 -0.5498734047008922 0.7676711
DontCare -1 -1 1.5965489568796496 471.02 183.35 507.52 210.47 1.5359116852103185 1.684854648327961 3.7210862358436967 -1000 -1000 -1000 2.381947120277098 0.9994844
DontCare -1 -1 -1.8073505322125296 537.69 176.06 563.77 187.56 1.4753767292766284 1.6425628878833198 3.7510042955503846 -1000 -1000 -1000 -1.0219523688150813 0.9722186
DontCare -1 -1 1.6761446754124503 603.31 171.90 626.27 186.53 1.483413257059307 1.6588417694629574 3.898863101504841 -1000 -1000 -1000 2.4615428388098985 0.5943364
DontCare -1 -1 1.9352770010617117 657.48 163.56 701.27 181.31 1.4623330686061096 1.6899064548970604 3.90196052765111 -1000 -1000 -1000 2.72067516445916 0.975366
