Car 0.83 0 1.3134790817883353 0.00 176.79 127.27 374.00 1.5882864896027755 1.6629926443756962 3.7011440118179704 -7.00 1.71 6.58 0.49716293882784435 0.73936427
Car 0.46 3 1.1976406137135367 0.00 142.40 253.76 324.68 1.5538575913576793 1.6743180297972107 3.817327411972084 -7.22 1.76 9.19 0.5317194347734517 0.85293466
Cyclist 0.00 0 1.3193338076260428 440.11 180.51 479.17 256.69 1.8337860550154303 0.4828468279152107 1.9476481927956009 -3.35 1.76 15.99 1.1128148514575744 0.5695331
Car 0.89 0 -1.4778957302358489 1147.24 191.14 1241.00 374.00 1.5526518098829698 1.6460460976423168 3.8134390396402265 5.87 1.64 5.28 -0.6396320725480922 0.9843887
Car 0.36 3 -1.7095519761231284 929.89 183.74 1241.00 355.06 1.6349510032503318 1.6397598565281772 3.2976101805792237 5.77 1.71 7.78 -1.0714193889522492 0.99943155
Car 0.00 2 -1.8582002381470542 821.50 187.60 1165.41 299.12 1.451079488155098 1.680661834097042 3.86733309471617 5.48 1.69 10.69 -1.3845008455838133 0.9893106
Car 0.00 2 -1.2997563938286643 804.81 167.43 1058.15 274.51 1.560585622098894 1.59740373796834 4.244623350106277 5.65 1.70 13.07 -0.8917292434171054 0.99998987
Car 0.00 1 -2.1388635198262076 259.42 183.06 437.45 240.32 1.4258551601140212 1.58313212103261 3.4149308075533296 -7.31 1.81 20.33 -2.4840358518725756 0.97209555
Car 0.00 2 -1.4777981201794486 316.87 181.81 461.59 231.67 1.4775315005151939 1.6335134518058443 3.4000052382574464 -6.99 1.79 22.97 -1.7732043096896157 0.9997532
Car 0.00 0 -1.766312033930097 631.30 181.65 689.55 224.55 1.4326303604809951 1.6508083224953556 3.9934247752056504 1.72 1.74 26.21 -1.7007821861890686 0.99435633
Car 0.00 1 1.8710510889675955 427.64 177.47 505.50 208.02 1.4339146766631317 1.637353296643629 4.114519881211319 -7.44 1.78 37.44 1.6748885741154953 0.9420931
Car 0.00 1 1.7513279626753668 616.81 177.50 648.03 203.85 1.5341969806520652 1.5852983400882625 3.9345883970485116 1.22 1.71 41.30 1.7808593264717327 0.97235256
Van 0.00 2 1.5847402681272964 600.64 167.09 617.66 187.26 2.1512246648897744 1.8709383631204797 4.6919242421329495 -0.11 1.70 87.27 1.5834798127388936 0.98443663
DontCare -1 -1 1.2546585659172873 500.19 169.81 571.07 195.89 1.4732034247188281 1.694879605686798 3.8406227902845527 -1000 -1000 -1000 2.0400567293147356 0.96849996
DontCare -1 -1 1.8864924470570426 577.27 173.98 610.64 184.44 1.4542380798427772 1.6017310836078071 3.65547360678772 -1000 -1000 -1000 2.671890610454491 0.917438
