Car 0.83 0 -1.7415712485697608 0.00 180.26 130.91 374.00 1.4582496139971923 1.4014050208689117 2.9426947404966737 -6.66 1.60 6.10 -2.5708284150765266 0.8320408
Car 0.00 0 -1.9734537164357047 728.65 191.49 897.45 302.38 1.487358998861761 1.6506615777225637 3.725296469532051 2.92 1.71 11.22 -1.7188519194066634 0.9988803
Car 0.19 3 1.2705945829537253 0.00 180.50 297.23 318.41 1.431793466564865 1.69153842262043 3.4804981817827607 -5.81 1.59 8.64 0.678596262791571 0.9858819
Van 0.00 2 -1.4851397583868842 80.66 169.78 348.58 292.97 1.9634683276643372 1.8754220517431928 4.705962685698318 -5.89 1.68 10.92 -1.97979077291036 0.566035
Car 0.00 2 -2.1720985333111624 224.59 171.99 405.18 252.40 1.5451972395001363 1.6837218397022629 3.9721785505638505 -6.39 1.63 15.79 -2.5566384653501393 0.9973322
Car 0.00 2 -1.1469460884716849 774.26 189.89 950.50 246.18 1.5082619808433961 1.6835948222042465 4.1420252790079495 6.34 1.80 18.54 -0.8174487555413248 0.5644016
Car 0.00 2 1.4034136841681342 705.26 171.02 825.33 217.49 1.4567223939864349 1.6810705878497505 3.912784071765938 6.13 1.72 28.92 1.6122862163545377 0.998808
Car 0.00 2 -0.5056604901936392 342.95 152.44 474.50 220.07 1.5206094988441479 1.6919006922007942 4.05620947679142 -6.93 1.57 24.98 -0.7762769599869761 0.89638036
Van 0.00 0 1.4526296267893652 633.64 155.40 679.60 202.85 2.1236606757273293 1.89112540204875 4.803737548941421 2.39 1.51 38.84 1.5140866365913785 0.93879527
Car 0.00 2 1.2583748559143881 415.66 173.89 512.34 206.11 1.5224374037987005 1.6861105777980232 3.871076724618771 -6.97 1.54 34.56 1.0593661250768993 0.9525284
Car 0.00 2 1.9257786134865622 448.63 168.29 531.84 202.71 1.5334831517009448 1.6508791812421226 4.16935567756752 -6.57 1.59 39.69 1.7617332824428904 0.9010231
Van 0.00 2 1.510882799574409 622.05 157.91 652.23 193.21 2.1729950565030194 1.9198974097227288 4.761750040406036 2.04 1.52 56.34 1.547075720615935 0.7658152
Van 0.00 2 -1.2116525630143027 510.73 162.40 566.68 189.90 2.16553878738781 1.9966072240924073 5.030646221542406 -7.63 1.79 77.60 -1.3096622708409875 0.90946126
DontCare -1 -1 2.024675981202398 578.31 168.77 624.18 185.48 1.4553832638828468 1.5924935110570335 3.916937349490919 -1000 -1000 -1000 2.810074144599846 0.9678649
