Car 0.00 0 -1.5574553330105285 570.24 176.30 657.89 256.11 1.4436352256505203 1.6671258800388717 3.2799115945921327 0.12 1.42 16.47 -1.5501694874336824 1.0
Car 0.00 0 -1.1909059147026877 224.28 191.92 407.13 295.19 1.480960954335184 1.6468527738661909 3.3404149582014466 -4.63 1.52 11.83 -1.5639573794909336 0.99745685
Car 0.00 2 -1.5427947072919945 153.88 184.07 314.98 259.82 1.5725834559468936 1.5685751729370498 3.0315028597937013 -8.38 1.49 16.49 -2.012970269985087 0.9999995
Car 0.00 0 -1.273639247813497 398.87 182.24 492.53 240.16 1.557914939132185 1.6668109290958786 3.8871947435067082 -4.47 1.36 20.28 -1.4905845977759493 0.9999999
Misc 0.00 1 -1.4080113033440451 448.90 124.70 545.80 219.88 1.515734427497388 1.624481407246127 3.758913906417885 -4.59 1.23 32.31 -1.5491283269051639 0.7198477
Misc 0.00 1 -1.5550155351546149 537.42 149.95 571.19 195.56 1.455677695926876 1.6360508895204806 3.5057806243524934 -4.91 0.84 68.24 -1.6268436867829954 0.90150434
Car 0.30 0 1.4493418047812323 0.00 185.67 138.58 259.63 1.5686418305902194 1.6090137318433666 3.6256931295023347 -12.84 1.51 16.53 0.7889271713600329 0.9999212
Car 0.00 2 -1.4316645423558096 255.42 182.38 337.85 219.62 1.4108084667293739 1.5418540530563736 3.373972015582123 -12.44 1.27 28.95 -1.8375147814873802 0.9904203
Van 0.00 1 -1.5565688610684614 330.33 168.69 394.61 209.10 2.180339889146886 1.9357006313358975 4.884581995958137 -12.12 1.10 35.72 -1.8836848904691237 0.9999285
Car 0.00 0 -1.3093939880516867 649.55 182.96 680.43 201.24 1.4811708967952442 1.6438990712822819 4.051176147662201 4.69 1.25 58.55 -1.2294621783324158 0.9994936
DontCare -1 -1 -1.5103190402176718 709.30 184.89 738.59 198.51 1.535015359875412 1.5466388606192016 3.793047623835602 -1000 -1000 -1000 -0.7249208768202235 0.99028254
