Car 0.73 0 -1.504289918639932 0.00 220.65 292.23 374.00 1.5683005753724288 1.6854308091761017 3.8610550939441706 -4.19 1.88 5.78 -2.1315414071080947 0.901093
Car 0.00 0 -1.7189369509604315 730.09 184.58 929.05 322.80 1.455847420152874 1.6814768978120231 3.9022694920525933 2.64 1.65 9.57 -1.4497694581747311 0.9999727
Car 0.00 0 -1.2195517877724509 308.24 181.79 458.78 279.65 1.547353024017663 1.5700496130348587 3.763420397542515 -4.51 1.91 14.93 -1.5129124060264254 0.999949
Car 0.00 0 1.8511758307602744 456.95 182.84 514.93 227.13 1.4759564515022945 1.666031531310215 4.1690259148703 -4.91 2.03 28.80 1.6823132544906176 0.99998915
Cyclist 0.00 0 1.6476082066681723 561.08 175.88 572.35 202.83 1.753781616257534 0.6063737736253929 1.799453686031189 -3.06 2.07 50.75 1.587385550479568 0.63574624
Cyclist 0.00 0 2.1051028529789786 573.56 175.76 584.10 201.04 1.7603476434368943 0.5665143744259071 1.9171645446146393 -2.23 1.97 51.24 2.061609611620926 0.6230317
Car 0.00 0 -1.7084969143059592 505.17 183.19 541.55 208.71 1.513837233540268 1.611218567258253 4.075658368073501 -5.35 2.12 44.85 -1.8272224200587095 0.50102156
Car 0.00 1 -1.5020955140378813 634.46 177.27 655.50 194.58 1.441908538696022 1.6701173887313747 3.667266534768143 3.18 1.93 65.73 -1.4537534716868008 0.99971443
Car 0.00 0 -1.746901319422994 658.59 174.92 719.79 224.66 1.4654869254498195 1.6089452349306488 3.4415266980753327 2.68 1.70 25.41 -1.6418195256305843 0.99999857
DontCare -1 -1 1.469600529470716 97.06 177.10 218.98 227.14 1.444244049843998 1.5888760641874218 4.245845602952041 -1000 -1000 -1000 2.2549986928681642 0.96511924
DontCare -1 -1 -1.4640111784127097 614.77 168.77 629.39 194.85 1.5047887977032375 1.6010629378916168 3.825249875091114 -1000 -1000 -1000 -0.6786130150152614 0.95619154
