Van 0.89 0 2.1652535955098013 793.46 0.00 1241.00 374.00 2.1414041849901295 1.7303804257964326 4.861557436937141 2.93 1.61 4.72 2.7208000678283497 0.93166053
Car 0.78 0 -1.4412790546801428 0.00 145.79 216.00 374.00 1.4850053939788055 1.625336659392848 3.6474326272831346 -5.97 1.64 5.87 -2.235122963204421 0.97397965
Car 0.38 3 2.060395465293203 0.00 179.68 265.69 327.09 1.509593431261034 1.7364585467339897 3.7657841538415338 -6.19 1.61 8.27 1.4178624104085573 0.6723931
Car 0.00 1 1.42997703055409 727.59 187.45 894.84 300.18 1.5505251012562227 1.5736795955063247 4.112465577326812 2.96 1.72 11.51 1.681690285741456 0.9876639
Van 0.00 2 -1.8413971225407462 664.08 135.69 759.98 234.38 2.2341014961828805 1.9271039018487168 4.838768629187393 2.90 1.64 22.28 -1.7119632272020657 0.70705646
Car 0.00 0 -2.480584875741277 307.63 177.27 438.57 234.44 1.4823791388241958 1.650893626055255 3.9060695526526357 -6.90 1.73 21.08 -2.7969177471872086 0.9828812
Car 0.00 2 0.06089539925125642 345.02 172.46 483.70 226.99 1.6250446069805335 1.6534412831725025 4.095823945604362 -6.37 1.70 23.65 -0.2022054750546265 0.8196246
Van 0.00 2 1.9573382000115256 450.97 154.55 552.39 203.98 2.170007325254879 1.9139491027300788 5.672852096909332 -6.50 1.82 43.58 1.8092786865058255 0.51082045
Car 0.00 2 -1.5148867043342928 640.89 179.26 676.07 206.73 1.4665484990744304 1.6381596375913763 3.5468013455496217 2.58 1.78 39.62 -1.4498598876825748 0.8881973
DontCare -1 -1 2.325314418473516 559.56 167.73 637.73 193.81 1.4668514955608558 1.672065026378765 4.059225799642601 -1000 -1000 -1000 3.110712581870964 0.93087286
