Car 0.00 1 2.4406885663655142 145.58 171.09 272.79 208.74 1.463271018472166 1.6984703906537437 4.068415792785682 -18.91 1.60 34.14 1.9348593179054046 0.5167596
Truck 0.00 1 0.8912744681027274 150.73 156.08 223.80 198.00 3.2568442276301575 2.6195672248021054 11.477263021681214 -31.50 1.80 54.01 0.36328060727491307 0.8433228
Car 0.00 0 2.985499576726232 665.90 169.14 737.81 196.45 1.5643798563449096 1.6585734293521786 3.9095907566473866 5.20 1.31 41.27 3.1108385881309615 0.9126134
Pedestrian 0.00 0 -0.6660427014019827 844.97 163.08 857.97 190.15 1.8177596753839207 0.6196166332152557 1.0551397768566513 16.76 1.20 50.23 -0.343993550418216 0.6584118
Car 0.00 0 1.3084842721608023 779.74 158.72 819.93 189.33 1.619003467616291 1.6659099788130665 3.686926948033371 14.29 1.21 54.57 1.5645989069833461 0.99985135
Car 0.00 1 -1.6014447129007916 810.72 163.23 849.96 186.93 1.4830642718641471 1.6056917377473259 3.8011314926073934 16.93 1.06 55.67 -1.3062183269018126 0.99256
Car 0.00 1 -2.07589848438767 843.60 164.15 898.03 185.36 1.5351432956574869 1.710300169205799 3.8577699596165727 19.92 0.94 55.39 -1.7306689844961773 0.9872962
DontCare -1 -1 2.663750127949987 273.10 161.48 442.93 181.31 1.4644442874757957 1.7350687377811813 4.467957811556854 -1000 -1000 -1000 3.449148291347435 0.78936154
DontCare -1 -1 -1.6838886822250227 504.35 162.52 521.06 192.77 1.4844674993126106 1.6093764335574055 3.9229550828562165 -1000 -1000 -1000 -0.8984905188275745 0.98458177
DontCare -1 -1 1.9615026275303702 899.15 145.85 1240.00 192.77 1.4865690585045528 1.6827351108850384 4.518200891219177 -1000 -1000 -1000 2.7469007909278185 0.98972744
