Car 0.00 0 -1.5014963979509215 577.63 179.22 611.31 209.93 1.4544966149894905 1.6608314060331726 3.0817172696218873 -0.76 1.28 39.78 -1.5205991519118238 0.99996483
Car 0.89 3 2.4027386466648917 0.00 196.45 80.73 317.46 1.618265740927906 1.6409469146938467 3.924992637835541 -8.36 1.62 8.20 1.6076789481493812 0.9710311
Car 0.00 1 -1.1104187528279166 67.64 181.88 276.76 279.15 1.5114711955009412 1.5203086876036072 3.3582032491789247 -8.44 1.59 14.37 -1.6414734965078268 0.9904421
Misc 0.00 0 -1.1048775474217276 242.22 226.12 374.22 308.45 1.5432014934538316 1.5435319685102844 3.9475587924347306 -4.13 1.58 9.93 -1.4990249364329238 0.8092103
Car 0.00 1 -1.3175853053715567 301.55 189.64 454.02 281.99 1.4691572751669597 1.6381546457023763 3.717133419714966 -4.15 1.53 13.51 -1.6156160478435293 0.99922657
Car 0.00 2 -1.4556022817876677 285.86 190.63 381.81 235.74 1.5635206442146015 1.613650760865345 4.133596496783294 -8.46 1.43 22.42 -1.8164243314216169 0.9999776
Car 0.00 1 -1.3896413455393652 439.32 184.85 506.52 230.55 1.5654472414223861 1.7449032433987999 4.3518327047453305 -4.57 1.42 24.65 -1.572955532932689 0.9994388
Car 0.00 1 -1.397671059766088 391.19 181.26 446.00 218.83 1.4610141854552936 1.610619548028841 3.801177857570448 -8.66 1.44 33.09 -1.653640629049204 0.9999926
Car 0.00 1 -1.631499026962791 478.58 183.07 524.41 215.08 1.536910821106882 1.6369725533486748 3.782931776844063 -5.10 1.34 34.75 -1.7772213095372063 0.90771174
Car 0.00 1 1.2391251186516623 509.61 185.54 542.10 209.19 1.530987065639944 1.6684896492124939 3.591859446965256 -4.99 1.39 44.01 1.1262239598857084 0.9982817
Misc 0.00 0 -1.287494079270635 532.20 170.73 557.08 198.53 1.5211729257187259 1.618117972529068 3.814058998726406 -5.19 1.06 59.34 -1.374734163105214 0.99495465
Van 0.00 1 -1.3145702044155936 264.86 173.02 351.44 223.54 2.14436421125432 1.9435774633740617 5.430790750139999 -12.47 1.47 30.17 -1.7065101807771659 0.99988973
DontCare -1 -1 2.0979625741627554 0.12 235.02 61.79 320.71 1.5285535164928448 1.6336015055613065 3.75795937528471 -1000 -1000 -1000 2.8833607375602037 0.98245263
