Car 0.66 0 -2.076760903992925 824.42 185.54 1241.00 374.00 1.6130155253975105 1.7063883536220932 4.443697886668243 2.85 1.60 4.92 -1.551724805502936 0.9993156
Car 0.00 0 -1.3778729597714285 226.48 203.83 424.04 320.55 1.483786106464119 1.6533557952107334 3.4227486123667146 -4.22 1.94 11.18 -1.7387983769520698 0.9998172
Car 0.00 0 -1.6590100611236434 688.81 181.65 795.79 261.40 1.3860572431056213 1.556890762663021 3.0876453091726686 2.62 1.67 15.21 -1.4884289701693887 0.9999783
Car 0.00 1 -1.3617626885559897 398.14 184.15 495.08 252.96 1.5260724629095208 1.6322824119315886 3.261992948256531 -4.54 2.06 20.49 -1.579811447419674 0.997399
Car 0.00 0 1.7364113042738776 483.75 183.78 528.96 220.54 1.488250311818571 1.6440061547519111 3.9154836816118146 -4.91 2.16 34.41 1.5946769968405445 0.9999999
Cyclist 0.00 0 1.7962573180582861 568.84 178.55 578.13 201.27 1.7380338292923128 0.5689339402302098 2.274330566676941 -3.04 2.33 60.01 1.7456423618110246 0.9333606
Cyclist 0.00 0 -1.466674351194177 580.76 177.03 589.52 198.45 1.673841252492771 0.5066419259815407 1.7920346418792867 -2.09 2.11 60.30 -1.5013205151177138 0.80774415
Car 0.00 0 1.3488453338530402 516.77 184.71 548.20 207.39 1.5335011374025058 1.5888092809082413 3.5507101883516694 -5.39 2.32 50.48 1.2424733967521082 0.9430099
Car 0.00 1 -1.6278264420714716 632.97 178.16 652.37 194.11 1.4943872172205162 1.5906828374327564 3.4396619369612123 3.22 2.05 71.14 -1.5825944525793347 0.99999213
Car 0.00 1 -1.7036827961590628 650.27 175.41 699.14 215.64 1.5489421322761487 1.539514488792553 3.4202065040693665 2.69 1.74 30.98 -1.6170698196397644 0.9999982
DontCare -1 -1 -1.58829991804925 609.56 169.81 628.35 199.02 1.523406106401832 1.5759820037247085 3.8877225556747104 -1000 -1000 -1000 -0.8029017546518018 0.95869315
