Car 0.78 0 -1.595485352971826 0.00 171.71 121.28 336.60 1.5646631013421726 1.6348324550972724 3.751056933902302 -7.33 1.55 7.39 -2.376807451986556 0.71018785
Car 0.00 1 -2.8413043777134757 670.79 169.16 792.17 221.00 1.510864872839899 1.6732886091531658 3.712798612319031 3.79 1.47 23.03 -2.6781983825320905 0.6207915
Car 0.00 0 0.3781075040486197 746.17 172.34 1013.71 268.95 1.5365316089062404 1.5129139267565155 4.0346062501297375 4.43 1.49 12.29 0.7240664033454993 0.8878093
Car 0.00 1 -1.8718006769802908 44.14 156.11 306.38 256.51 1.452531189080925 1.7113502614857101 3.647504540287056 -7.87 1.41 13.30 -2.4061166019523443 0.9254819
Car 0.00 2 -2.200654582181249 132.10 171.75 354.11 242.64 1.5606060813932132 1.6827842251123333 3.760532351337471 -7.97 1.43 15.84 -2.666824253930434 0.9916305
Car 0.00 2 -1.5182574848320822 199.00 164.55 388.39 228.24 1.4821333478955936 1.608049157327547 4.392563538752594 -8.13 1.36 18.72 -1.9279745569638176 0.999373
Car 0.00 2 2.1410066644337515 287.60 163.55 425.30 212.96 1.462307051178665 1.6215906322659397 4.2925302853212735 -8.28 1.25 23.70 1.8048957971640929 0.7624282
Car 0.00 2 -1.2802676717427115 657.83 169.39 765.60 213.84 1.4030755612818908 1.7090758376480484 3.4403008093462373 3.51 1.38 25.48 -1.14337414936451 0.9998932
Car 0.00 0 -1.5552629931506257 462.78 164.76 496.27 184.89 1.484819785114975 1.5318216153146171 3.249958353243866 -11.17 1.02 61.51 -1.7349018853206744 0.95629543
DontCare -1 -1 1.3470483730223517 424.15 154.19 465.86 183.40 1.4906654789863538 1.6967646025778198 4.017649309836425 -1000 -1000 -1000 2.1324465364198 0.9995447
