Car 0.00 0 -1.6450264985349516 663.45 181.42 711.93 217.65 1.5021492544381332 1.630135220727458 3.4273967911825562 3.21 1.79 30.78 -1.541113635008368 0.958815
Van 0.00 2 -1.3536733100798468 387.76 161.94 527.78 217.57 2.247765901975832 1.8997597588305903 5.257186217063713 -5.73 1.62 27.45 -1.5594614550862071 0.99991226
Car 0.00 2 -1.235468910136495 377.44 177.36 517.01 221.73 1.4575148228375625 1.6983216025592232 3.9557885920033837 -5.61 1.62 25.08 -1.4555306127700602 0.9197783
Car 0.00 2 -0.48950870434311433 303.62 180.40 480.53 236.61 1.4394294399587821 1.6518411126644754 3.843217480123141 -6.19 1.74 20.66 -0.7806102117195297 0.9949884
Car 0.00 2 1.7622796754029135 273.65 181.58 472.25 248.95 1.4790158312587451 1.666083730077877 4.028479011856117 -5.72 1.76 17.58 1.4477133969905365 0.78916895
Car 0.00 2 1.687009030082498 236.71 182.54 448.75 258.48 1.501057597231717 1.6225522805662298 3.6138676126823808 -5.61 1.73 15.23 1.3340794991201668 0.5153264
Car 0.00 1 -1.4737695838001112 151.35 180.49 398.09 275.34 1.4317423332302284 1.6064724468351745 3.5646142830477143 -5.85 1.69 12.78 -1.903046779257913 0.999469
Car 0.58 3 -1.6845280836012702 0.00 186.56 191.35 349.83 1.4733510728745174 1.5524117865325355 2.919164853297272 -6.59 1.70 7.60 -2.3988691953899437 0.99810106
Truck 0.00 2 1.5793795539673905 640.28 163.20 686.71 203.15 3.0500300186308813 2.710479539865284 11.69289781472435 3.37 1.86 47.06 1.6508682301488942 0.99999857
DontCare -1 -1 2.5121691981938223 529.35 164.60 632.52 199.02 1.4213854301540565 1.6384642787934685 4.242686497174301 -1000 -1000 -1000 3.2975673615912706 0.96500343
