Pedestrian 0.00 0 0.6923733512547354 701.69 175.78 711.69 204.36 1.6970208635929775 0.5183600391534042 0.4033615706274414 5.95 1.93 44.54 0.8251748835462012 0.9456507
Van 0.01 1 1.9343830505993704 0.00 178.12 143.94 232.41 2.1342041078140355 1.9884013408874703 5.360346553677368 -21.20 2.17 28.68 1.2978356206629749 0.9858233
Misc 0.00 1 -1.5384833897140364 143.54 183.68 197.12 217.75 1.5711541626422119 1.6267896902473116 3.7890517135486985 -20.94 2.06 34.40 -2.0852906746624504 0.997352
Car 0.00 0 2.1301832358029227 89.83 190.00 212.69 244.99 1.4508259448973846 1.7092519544721985 3.748509721957245 -13.88 2.04 21.99 1.5671407734382228 0.99999464
Car 0.00 2 1.7053321609881262 36.43 191.48 177.56 240.82 1.487008177098484 1.6339796653674388 3.9350011890159036 -16.88 2.11 24.46 1.1012771749362544 0.99983895
Car 0.00 0 2.030704782405172 310.23 181.13 371.96 213.81 1.5514664895652246 1.6912071549059295 3.817556807898083 -13.99 2.04 37.66 1.6750222305044271 0.9980692
Car 0.00 1 1.5707963267948966 274.28 180.66 336.40 212.33 1.6201268736092758 1.652791994875803 3.3728104700670625 -16.81 2.09 39.93 1.1723298627664405 0.99971
Car 0.00 0 1.70299589733151 421.92 180.41 456.00 200.27 1.5366381410329055 1.6687709756852531 3.7760320027695085 -14.20 2.22 60.00 1.4706050822797865 0.9999385
DontCare -1 -1 2.2494552890446524 542.90 170.03 694.14 197.72 1.4173470217554283 1.660779799586668 4.003825979434051 -1000 -1000 -1000 3.0348534524421007 0.7645026
DontCare -1 -1 1.4606849933650832 720.58 173.92 926.08 211.42 1.3856487873761367 1.7020540007115745 4.004162045322456 -1000 -1000 -1000 2.2460831567625315 0.7593388
