Car 0.12 3 1.9228211502220969 0.00 202.65 158.86 308.72 1.5295525252638769 1.634931036523118 4.091729032002487 -9.12 2.00 12.44 1.2902117269017097 0.6450182
Car 0.45 0 -1.9938207427647452 1119.40 150.91 1241.00 251.55 1.4234882075159263 1.6667145930887604 3.9134107475505258 10.41 1.19 12.60 -1.3033127586074422 0.9189767
Car 0.00 2 -1.4033814827587943 958.92 159.60 1117.64 252.21 1.5787873830465984 1.5466014736057663 3.5914836098776246 8.51 1.41 14.81 -0.8818390329641403 0.7490412
Car 0.00 0 -1.8301864127304892 413.09 182.35 468.77 220.01 1.4756541069416713 1.5812852077843094 3.418215440712967 -6.89 1.78 29.00 -2.063447815720744 0.9999722
Car 0.00 1 -1.2701444188740592 584.51 165.18 682.88 207.75 1.4805097210972022 1.6942981996299171 4.0670096149073025 0.99 1.46 30.82 -1.238033461407385 0.9966606
Car 0.00 0 1.5369990924980979 220.20 184.38 263.86 214.76 1.540202636626215 1.6458744921447181 3.962531307838955 -20.48 2.24 40.21 1.0659185183069424 0.9430397
Car 0.00 0 1.5817364967104535 377.65 175.08 401.15 197.09 1.5555667396454524 1.614131315863266 3.5773392786608125 -18.79 2.00 61.28 1.2842125590800664 0.5284925
Van 0.11 0 -2.2710304419186453 655.39 128.83 1118.38 374.00 2.1483506853808976 1.7502076277589036 4.995145058089542 2.29 1.66 7.58 -1.9776382440269078 0.997881
Car 0.00 0 -2.078361944356237 507.77 190.09 647.54 270.48 1.5319905414997053 1.600454210555687 3.765730524562397 -0.84 1.73 14.64 -2.135676153462277 0.99998176
DontCare -1 -1 1.2317126850273947 269.98 175.02 292.94 208.40 1.561382536199541 1.699753194368019 3.521313505373993 -1000 -1000 -1000 2.017110848424843 0.77491045
DontCare -1 -1 1.6126109036293368 0.19 277.10 95.02 368.81 1.6031441394059371 1.6816588111878776 4.202864097558059 -1000 -1000 -1000 2.398009067026785 0.7722768
DontCare -1 -1 1.586448167511497 299.15 172.94 360.65 195.90 1.4004514816968154 1.6825205825926208 4.0464277734384915 -1000 -1000 -1000 2.3718463309089453 0.9930549
