Car 0.67 0 1.843201414742742 0.00 211.10 240.84 374.00 1.558993552234621 1.655560656702652 3.7303022315130616 -5.73 1.91 7.30 1.1777163509020252 0.85266614
Car 1.00 0 1.4580938975003104 1194.51 199.41 1241.00 374.00 1.5682247359125328 1.7248065986396217 4.159634934865036 3.30 1.56 1.19 2.682798220634381 0.80832034
Car 0.18 1 -2.1962037245419364 809.74 178.98 1216.00 374.00 1.5268552032119047 1.5970410511554622 4.083792658649482 3.20 1.64 6.83 -1.7580547397117907 0.9862558
Car 0.00 1 1.9511134485390524 195.13 193.99 370.25 294.55 1.5187163356511306 1.512526079332962 4.117631392680206 -5.74 1.91 13.01 1.5356024289739114 0.9998503
Car 0.00 1 1.1470144848015646 709.53 180.67 821.08 252.59 1.4975229784666013 1.6572525643469238 3.4398310651407624 3.40 1.64 16.61 1.3489212922433516 0.9445988
Car 0.00 1 1.9720007638123374 377.62 185.56 473.96 240.29 1.5319755062280607 1.6275015168548965 3.8997867760584737 -5.57 1.90 22.17 1.72585499246208 0.9999759
Car 0.00 2 -2.057274983325277 680.94 181.89 761.38 234.32 1.5129595681844663 1.6905330636264229 3.6548966487274552 3.31 1.76 22.43 -1.9107621930377592 0.992349
Car 0.00 1 1.541098260381494 478.22 178.87 520.05 211.13 1.5670029152004432 1.622257328844204 3.6548945327625657 -5.68 1.88 37.13 1.3892990481664178 0.9999995
Car 0.00 1 -1.5440312112357955 659.84 177.96 711.05 215.71 1.386863977071495 1.6714104854227447 4.0136644264088055 3.15 1.74 30.97 -1.4426684577602307 0.99993634
Car 0.00 1 -2.8190433541920523 511.37 175.15 566.12 193.30 1.4964388016431045 1.6399730046005392 3.950302632652321 -6.12 1.73 61.80 -2.9177506533935267 0.83278215
DontCare -1 -1 0.7411263744023184 166.85 178.15 320.02 196.94 1.4421860951749992 1.6919406869174385 4.129771547518768 -1000 -1000 -1000 1.5265245377997667 0.86791027
