Car 0.00 0 -1.4457798014071326 602.84 177.24 630.32 204.22 1.581641439702959 1.6162448481382274 3.692131312690773 0.37 1.95 46.40 -1.4378058324864893 0.97364515
Cyclist 0.08 0 1.962994591393743 879.96 119.48 1155.64 374.00 1.799972973333702 0.6497194112448883 2.087981949600067 2.82 1.40 5.21 2.459108130213551 0.91388917
Pedestrian 0.00 1 1.375108883776937 861.92 160.87 912.58 337.60 1.7648785015944195 0.623025594213314 0.7632419584104919 2.53 1.50 6.75 1.7337171900288029 0.8227058
Pedestrian 0.00 1 0.7913581291821341 781.28 170.37 820.28 298.57 1.7620727642815364 0.6722626368787956 0.4364515958139801 2.28 1.47 8.69 1.0479453421052114 0.8785005
Car 0.76 3 1.719930694499288 0.00 211.78 101.53 309.12 1.4287341613142204 1.7102787189842605 3.9294845556245233 -9.67 1.98 10.67 0.9836571849865605 0.99718755
Car 0.00 1 1.866480336585317 373.42 190.20 431.21 222.47 1.5192047086364042 1.679227083242073 4.365795569621124 -9.51 2.16 33.20 1.587504518268725 0.9999945
Cyclist 0.00 2 2.2491057078030448 813.11 140.69 971.49 311.68 1.7980377371777152 0.625842192879219 2.177560637744751 2.98 1.39 7.79 2.6144718479718105 0.97354853
DontCare -1 -1 -1.4424849758532385 0.00 171.90 20.88 204.23 1.4554253075091552 1.6227781598181867 3.8894678634927655 -1000 -1000 -1000 -0.6570868124557903 0.96036965
DontCare -1 -1 -1.463316069045339 0.00 309.40 42.75 364.65 1.5288296229025733 1.5609518133760834 3.683873968325653 -1000 -1000 -1000 -0.6779179056478908 0.8889778
DontCare -1 -1 -1.6691595027830939 107.48 189.60 177.31 238.60 1.4660225998429965 1.6253796138526344 3.749345319472351 -1000 -1000 -1000 -0.8837613393856456 0.9873355
DontCare -1 -1 1.5139820362117629 497.06 175.02 561.68 197.98 1.4559122029511642 1.6684715331257725 4.102979676924743 -1000 -1000 -1000 2.299380199609211 0.9010549
