Car 1.00 0 1.7453671405699591 992.29 182.77 1241.00 374.00 1.7141396853892517 1.4065151207806015 4.703665094576873 2.87 1.55 1.95 2.719368124792305 0.9658462
Car 0.00 0 1.895084903636251 120.94 180.94 345.15 305.37 1.4218090701667976 1.6277725950540447 4.004632042847671 -6.13 1.88 12.24 1.4307839134804643 0.9999987
Car 0.00 0 1.5262251021948199 509.62 179.83 555.19 209.49 1.5575190078286838 1.5514865063787842 3.8259227780030156 -3.93 1.77 36.86 1.4200067352943224 0.9997578
Car 0.00 1 1.8463332513954978 298.99 181.48 417.13 251.84 1.5697722773818683 1.6250823021592045 3.8531721156426753 -6.42 1.85 18.74 1.5162814828303055 0.99952674
Car 0.00 1 1.5306846695628504 415.24 185.40 476.36 223.65 1.4848803173570346 1.5793111615539932 3.6141606142149354 -6.72 1.97 29.70 1.3081687668166175 0.99987614
Car 0.00 1 -1.457324848571096 631.09 175.23 657.25 198.08 1.5659539479582023 1.656584563917055 3.9265433644280816 2.38 1.74 51.43 -1.4110813477854434 0.99889094
Car 0.00 1 -2.8037648955967764 698.86 167.29 779.87 192.55 1.4776222523121547 1.6144364245892906 3.9778286313043023 7.88 1.17 44.33 -2.6278447075291402 0.9979773
Van 0.00 2 -0.3896044055607657 865.80 150.38 943.73 179.23 2.1585407066275693 1.9193541543637944 5.201386956328201 21.93 0.45 53.84 -0.0028053880673579723 0.9814657
DontCare -1 -1 1.6352235908296446 480.40 173.98 518.98 212.56 1.5502126388071489 1.596741101956501 3.6236253102646256 -1000 -1000 -1000 2.420621754227093 0.98614895
DontCare -1 -1 -2.3853486935284476 557.48 170.85 623.15 194.85 1.4393809292285156 1.699569090521469 3.796887995801964 -1000 -1000 -1000 -1.5999505301309993 0.8943404
DontCare -1 -1 1.7779138098147254 781.44 154.19 857.52 181.31 1.4426527473895263 1.690254538571968 3.857776406231434 -1000 -1000 -1000 2.5633119732121736 0.9403152
DontCare -1 -1 1.9749359945443015 676.23 161.48 701.27 195.90 1.5937724936573219 1.6830660023452186 3.6802241673097993 -1000 -1000 -1000 2.7603341579417497 0.74416375
DontCare -1 -1 -2.190158442654882 1045.40 143.54 1239.96 185.36 1.397505350765438 1.5968477123142624 3.4187650849447633 -1000 -1000 -1000 -1.4047602792574336 0.74462104
