Pedestrian 0.38 0 1.2273159186032156 1026.69 104.21 1237.00 373.00 1.7146107828620625 0.6632845177587938 0.7849587840745353 2.96 1.39 4.07 1.8561122050186487 0.69179225
Pedestrian 0.00 2 -1.8267822126534323 1067.12 95.15 1178.01 352.93 1.8112953393164826 0.7293573971179199 1.1648870227644348 4.29 1.31 6.00 -1.2060599134670729 0.98070544
Person_sitting 0.00 1 1.3583183149483542 279.91 212.96 395.57 340.99 1.5022943153797101 1.6601873927475357 3.777887115381756 -2.71 1.54 7.29 1.002406929586998 0.5801873
Person_sitting 0.85 3 -2.1519324342396597 0.00 281.52 164.17 373.00 1.5138840730121743 1.5717041783691788 4.107793109618225 -2.36 1.61 2.93 -2.8299942442886765 0.93179506
Pedestrian 0.00 0 1.5726233082267012 489.23 159.90 521.90 271.81 1.7194580337408734 0.6927320118334961 0.7218628493854904 -1.61 1.43 11.84 1.437472511791479 0.998806
Pedestrian 0.00 0 1.8559728423741202 460.60 165.89 500.60 273.72 1.7086877501014424 0.7458852957275581 0.762054969162693 -2.08 1.44 11.58 1.678247969441165 0.99978155
Pedestrian 0.00 0 -1.4602940688517432 596.79 158.50 627.45 234.69 1.8001610165837956 0.6921625639584732 0.743990447909584 0.13 1.23 17.17 -1.4527228681534103 0.9658759
Pedestrian 0.00 1 1.2436974505570273 609.83 158.47 633.17 213.60 1.7235789461437416 0.6922875623491478 0.871725600284537 0.83 1.10 25.19 1.276635117306495 0.99127847
Pedestrian 0.00 0 -2.101049737134252 659.33 159.48 677.33 233.05 1.8205216614905548 0.6634626834926081 0.9648978827307129 1.46 1.18 16.94 -2.015075651633973 0.7032244
Pedestrian 0.00 2 -1.7695946852352957 718.01 154.28 739.01 217.50 1.747357535586114 0.6640874929067564 0.6939299223730468 3.49 1.03 21.01 -1.6049863396862625 0.99977225
Car 0.00 0 1.6802984858539443 551.44 166.76 584.92 192.56 1.574410371836872 1.6056845851899528 4.006296711169281 -2.08 0.67 46.25 1.6353557964422492 0.9999492
Pedestrian 0.00 2 1.3900480578329901 445.76 162.61 467.76 237.04 1.6879621087018204 0.6514475885120106 0.6856009779283905 -3.79 1.35 17.91 1.1815108977464637 0.9154294
Pedestrian 0.00 0 1.3128166059639792 688.26 160.29 706.92 224.57 1.8307437016073418 0.6936874072340202 1.1772103426763916 2.38 1.12 19.26 1.435765491249527 0.75012
DontCare -1 -1 1.3653445551779608 6.08 199.49 184.80 372.00 1.5742457736103248 1.6693608008982086 4.2721133401022335 -1000 -1000 -1000 2.150742718575409 0.9957432
DontCare -1 -1 1.221874431767736 386.31 175.59 447.64 277.44 1.5149301494291436 1.6467609082074308 3.770863743625679 -1000 -1000 -1000 2.007272595165184 0.83152014
