Car 0.83 0 -2.110456899800573 870.39 183.93 1241.00 374.00 1.4506011236278724 1.5216704898239517 3.9330622648225213 2.97 1.49 4.21 -1.4960737725143272 0.9981092
Car 0.00 1 -1.8029246340182166 746.99 176.94 911.63 293.45 1.482257556524725 1.5810208462835693 3.050955908499756 2.93 1.49 10.38 -1.5278088664450424 0.9999982
Car 0.00 0 1.8661018768933157 235.35 195.97 385.45 285.28 1.5223552192381036 1.5874193192185306 3.7914685030804063 -6.04 2.05 14.87 1.4802733239538082 0.98579085
Car 0.00 1 1.6416674787786345 468.39 187.39 508.92 216.91 1.5037215579120826 1.7184370227815056 3.6337364484892274 -6.31 2.20 37.62 1.4754844527262891 0.99999917
Car 0.00 1 -1.5815052213754992 643.76 174.96 679.51 203.12 1.4461820129124832 1.6580336869419956 3.966572711370983 2.87 1.66 41.11 -1.5118056112237541 0.9951857
Car 0.00 2 1.5833405815672617 487.70 186.57 523.72 211.28 1.5495187066315126 1.5237359248758697 3.4298744966612245 -6.22 2.21 43.20 1.4403418489692932 0.6333133
Car 0.00 1 -0.8346854607251029 241.16 195.48 303.16 222.84 1.494701277819128 1.6492127564461374 3.8639197509140755 -20.83 2.95 44.64 -1.2712758292312203 0.9605815
Car 0.00 2 1.529695057370935 288.29 195.78 342.71 223.07 1.3788420561520767 1.5983314507366562 3.674046369396248 -18.25 2.98 44.84 1.1431665052664801 0.93314826
DontCare -1 -1 2.1493420163777213 516.85 172.94 642.93 206.31 1.5503155723033857 1.7308141135336303 4.1495956351385495 -1000 -1000 -1000 2.9347401797751695 0.9349614
DontCare -1 -1 -2.353636042275701 675.19 161.48 722.11 185.48 1.5098816476582002 1.6570438810349846 4.1064738353119274 -1000 -1000 -1000 -1.5682378788782527 0.975727
DontCare -1 -1 1.956272886195455 790.81 160.44 824.18 177.15 1.400827922281475 1.680361050433054 3.8528553015888716 -1000 -1000 -1000 2.7416710495929033 0.80687046
