Car 1.00 0 1.7222605953600745 0.00 259.19 114.27 374.00 1.4853874485759448 1.549139297819271 3.81098045235137 -3.54 1.86 1.80 0.6218685315017691 0.87405753
Car 0.27 1 1.8306797603752951 0.00 208.44 349.91 374.00 1.5258338291949045 1.6349184971959734 3.6327004601583863 -3.91 1.88 7.04 1.323701868694953 0.9950471
Car 0.00 1 1.8733218471196036 279.97 199.55 457.66 309.51 1.4949914164660882 1.693379550492897 3.796689627818861 -3.75 1.89 11.78 1.565128916837784 0.9982835
Car 0.20 0 -2.0757460753109793 785.15 184.14 1225.39 374.00 1.6452373791305732 1.690359547054901 4.144682841502227 3.01 1.58 6.81 -1.6595672904036074 0.9982851
Car 0.00 1 -2.010458962121282 728.13 180.23 874.56 282.12 1.510930724796505 1.5609526031376266 4.064082371197738 3.04 1.61 12.30 -1.7681602313228655 0.97948545
Car 0.00 2 -1.6644603172924857 988.49 143.46 1181.17 223.91 1.4620587047009181 1.5743415721417808 3.660502346359291 12.69 1.33 19.57 -1.089181488950305 0.9987645
Car 0.00 0 -1.697102622189794 643.00 178.92 692.27 213.41 1.5338084161101293 1.6545611724914455 3.796251909934082 2.61 1.81 33.75 -1.6199229006000493 0.9999583
Car 0.00 0 -1.693323046961103 588.24 184.18 627.07 205.97 1.5024805910705041 1.5603729330660248 3.428067164622345 -0.22 2.16 48.56 -1.6978534937245933 0.9965808
Car 0.00 1 2.465624884763036 550.76 181.12 593.37 199.67 1.4519551325409126 1.6109577559591675 3.860931755170324 -3.34 2.31 63.64 2.4131902767592512 0.8537563
Cyclist 0.00 0 -1.074638799824987 489.02 180.19 503.53 204.17 1.705520670430765 0.5645473280160618 1.777723131741073 -7.97 2.16 50.44 -1.2313526623095017 0.5811042
DontCare -1 -1 1.7726901034500937 691.85 168.77 727.31 193.81 1.5092837916506838 1.6248512466163778 3.989703582726517 -1000 -1000 -1000 2.558088266847542 0.9711907
