Car 0.00 2 -0.6615229407933096 63.33 182.67 376.63 299.37 1.6702209714619827 1.7127739035250091 4.283696519337692 -5.51 1.68 10.37 -1.1499273954805354 0.717977
Car 0.00 0 -1.8106187293913703 738.35 186.27 865.85 275.62 1.5200062281271827 1.586456253445282 3.2838422824964906 3.42 1.70 13.57 -1.5637336560957253 0.96857107
Car 0.00 1 -0.792677060761724 251.08 183.71 446.92 247.86 1.4551021013228607 1.6806782663525486 4.121589379511871 -6.16 1.69 17.19 -1.1367692981310693 0.9117946
Car 0.00 2 2.125963524976049 356.13 180.29 484.01 229.74 1.4828728925256442 1.6425325826467418 3.777734318874874 -5.94 1.71 22.66 1.8695958326582491 0.60268503
Car 0.00 2 -0.8512566248562674 385.49 182.25 517.37 228.16 1.5490058123885107 1.5938981466652298 3.706630529962578 -5.43 1.83 24.86 -1.066302398178749 0.9088276
Car 0.00 2 -1.4006862650301795 398.28 179.61 515.76 221.84 1.478501100447626 1.6216866590739631 3.6631354113445664 -5.77 1.79 27.32 -1.6088280572603109 0.99820995
Car 0.00 2 -2.086138562360082 711.80 178.47 800.00 248.53 1.6386772174207878 1.6737443872453117 3.7322286685333634 3.61 1.78 18.58 -1.8942346062002542 0.9999801
Car 0.00 1 -1.8042402873423438 681.05 184.48 727.05 218.46 1.497289030235858 1.6457717113853836 3.4501042534933473 4.08 1.92 31.98 -1.6773460554090804 0.9651227
Car 0.00 2 -1.460030616321836 448.64 182.14 537.84 219.87 1.5215998952096712 1.5908222191692734 3.346090810500183 -4.82 1.89 29.78 -1.6204926795482173 0.9236473
Van 0.00 0 1.4048328260567526 655.55 167.23 683.17 197.19 2.0959203015198327 1.8631079221224023 4.468122361058044 4.85 1.93 59.76 1.4858133067059465 0.61105406
DontCare -1 -1 1.2180199484017233 537.69 165.65 652.31 202.15 1.5066775291977834 1.753940343177452 4.450325029097595 -1000 -1000 -1000 2.0034181117991716 0.95204324
