Car 0.00 0 -1.8775406340744833 715.72 176.26 896.32 298.15 1.5968520346848678 1.5384080626727485 4.1853786875830075 2.73 1.59 11.20 -1.6384529190019161 0.99999547
Car 0.07 0 0.7080078879978995 0.00 193.56 234.81 282.85 1.6174251962272834 1.6104974441887283 3.8272860181854154 -9.17 1.91 13.28 0.10367810015217982 0.99913883
Car 0.92 0 -2.473975853123937 932.99 190.03 1241.00 374.00 1.6238763261406135 1.4936680190922165 3.9404206221328164 3.04 1.55 3.52 -1.761618255029608 0.8968537
Car 0.00 2 -1.851517872014318 690.84 172.51 784.21 245.75 1.4957807365624618 1.6091048338176155 3.3292773534880067 2.92 1.58 17.42 -1.6854384428208065 0.8914827
Car 0.00 0 1.8078277120974402 374.68 187.24 478.27 256.27 1.5071872066526126 1.6494506069184685 4.1991211344824215 -4.44 1.85 17.85 1.564035757274264 0.9999993
Car 0.00 1 -1.3758487264302115 434.38 175.62 507.51 234.72 1.5737959895102691 1.6613498695851707 3.8653857532293583 -4.41 1.84 23.15 -1.5640900812754628 0.99948055
Car 0.00 1 -1.5047182078149657 660.67 175.18 719.28 222.02 1.5448215551494073 1.637865306130185 3.6408969481811906 2.76 1.65 25.87 -1.3984329609925428 0.9996635
Car 0.00 2 1.4906506175783019 482.04 175.52 535.46 221.16 1.5443787112651777 1.6049120568395996 3.019361691676178 -4.01 1.81 28.85 1.352540688003242 0.86141753
Car 0.00 2 -1.6705385530975203 655.51 174.41 710.67 210.15 1.5589047040610027 1.6056560308398151 3.7910087426529313 3.16 1.57 32.25 -1.5728658446487482 0.6345568
Van 0.00 1 -1.6685427437212805 640.98 147.41 694.51 203.57 2.22020775593122 1.8712898405348493 5.1230955587864395 3.06 1.59 39.86 -1.5919243326129864 0.98407114
Car 0.00 0 -1.6801227192070822 534.33 179.57 558.89 195.42 1.4307103309600067 1.5800680511356735 3.685142176352539 -5.65 1.95 63.88 -1.7683402468295057 0.7585113
DontCare -1 -1 1.143310592570577 564.77 167.73 632.52 194.85 1.5004490487097215 1.6587247208417797 4.068763511382141 -1000 -1000 -1000 1.9287087559680254 0.78250086
