Car 0.42 1 -1.8887177566674094 0.00 213.22 244.58 374.00 1.4564550224511337 1.6177864403189564 3.721399875484505 -5.91 1.98 8.27 -2.509195970917056 0.93621486
Car 0.00 1 1.8813505629685263 210.86 196.92 382.58 286.22 1.35976105963871 1.6985054977895164 3.8208081071601296 -5.98 1.93 14.22 1.4832683411589582 0.9999993
Car 0.62 0 -1.687958219149385 1085.46 131.50 1241.00 261.57 1.4970533180801582 1.6044397719861412 3.594274716578522 9.04 1.11 9.93 -0.9494418617436999 0.6815313
Car 0.08 2 1.9423815766957144 1027.46 132.71 1241.00 240.43 1.6228861812321853 1.6659888730110073 3.5875736047850038 9.11 1.09 12.53 2.5710354873349752 0.9906493
Car 0.00 2 1.1449129740383963 932.14 142.43 1147.75 230.42 1.5461815338401508 1.708497747099533 3.9309459944591905 8.70 1.11 14.86 1.6745759170738188 0.9998406
Car 0.00 2 1.894515768685613 864.01 153.70 1046.77 222.38 1.5228019658295822 1.6834217973710441 3.8950273898766423 8.34 1.15 17.70 2.334847987499433 0.758685
Car 0.00 1 1.9011766473439078 364.95 189.45 462.72 244.16 1.4747234549193096 1.5827329897047424 3.574035661421814 -5.82 1.96 21.75 1.6397159603820417 0.9999999
Car 0.00 1 -1.9687094251301627 705.72 176.34 820.76 252.97 1.5376907255320262 1.6754227646352196 3.8175245282576467 3.20 1.57 15.96 -1.7708319376067485 0.9990884
Car 0.00 2 -1.8944033245232443 683.40 173.67 757.45 232.37 1.5355305246828508 1.5988611981929683 3.7005169858560945 3.15 1.62 21.53 -1.7491265869596326 0.99917454
DontCare -1 -1 2.0634566704418997 466.85 171.90 554.39 217.78 1.4698591273097705 1.6229770642430925 4.021418707572021 -1000 -1000 -1000 2.848854833839348 0.935775
DontCare -1 -1 -1.2419182221081595 568.94 171.90 682.52 218.82 1.48398545047328 1.6389933892251396 3.7637365033255006 -1000 -1000 -1000 -0.4565200587107112 0.9964586
DontCare -1 -1 -1.5076217810299735 76.23 177.10 237.73 240.68 1.419395216163845 1.678306537932291 4.782667474947967 -1000 -1000 -1000 -0.7222236176325252 0.513234
