Pedestrian 0.04 2 1.0337042371418814 1057.59 125.58 1181.48 373.00 1.757232584003712 0.7308339457300377 0.8069100273558998 3.72 1.37 5.44 1.6334908069958283 0.64423406
Pedestrian 0.00 0 -1.5909999525782208 646.65 163.96 710.75 320.24 1.7336348699781847 0.7289546261814308 0.8833040772723162 0.76 1.57 8.78 -1.504654811562106 0.99793243
Pedestrian 0.17 0 1.878673450150762 210.04 155.30 338.52 373.00 1.7042886367443753 0.7223119120386314 0.962566715271225 -2.53 1.64 5.41 1.441237065346957 0.6934168
Pedestrian 0.26 1 -1.5267566750433783 982.39 96.48 1237.00 373.00 1.7802103734019947 0.6506516709265184 0.8514961382160091 2.89 1.44 4.25 -0.9295800169507007 0.9667308
Cyclist 0.10 0 1.5242092135038714 333.03 170.29 463.22 373.00 1.621213256882534 0.5131182537584495 0.9759582980001831 -1.74 1.61 6.27 1.253509154868239 0.8930651
Pedestrian 0.00 0 -1.4823454404857497 914.06 132.60 963.56 266.80 1.802592394352312 0.6408258880761337 0.8016920430371666 5.14 1.26 11.20 -1.0520913682277506 0.93242496
Person_sitting 0.00 2 -1.1823587278511862 329.48 206.86 403.69 315.43 1.5469186328171205 1.617489858782425 4.445782320700683 -2.86 1.56 8.65 -1.5016795751234913 0.81314594
Person_sitting 0.00 2 1.6840881566193442 403.34 200.45 460.43 263.85 1.5011803176073741 1.7109296389581108 3.994742008052864 -3.38 1.59 14.20 1.4504084476640358 0.9481284
Pedestrian 0.00 0 1.4271072606232504 488.20 171.63 507.84 230.77 1.7511526056941402 0.7571426834252548 0.5256059882948303 -3.22 1.48 22.05 1.282100487033822 0.99397886
Pedestrian 0.00 1 1.6059170636024813 473.27 175.52 491.77 230.92 1.7964267781380368 0.6856088730779362 0.8951822077641391 -3.87 1.50 22.26 1.4337831254302942 0.9989857
Pedestrian 0.00 0 -1.5993565330889563 556.35 172.08 579.77 234.38 1.7918739779297066 0.6730165983823013 0.8622095767194533 -1.11 1.50 20.90 -1.6524167298436203 0.9854715
Pedestrian 0.00 0 -1.665808723368917 591.94 172.19 606.38 231.73 1.7513570463660908 0.6791399251011085 0.9184590508947277 -0.03 1.42 20.83 -1.667248952809982 0.7010566
Pedestrian 0.00 0 -2.091987089314733 509.99 170.53 529.86 229.46 1.6767723573747826 0.6556269451317263 0.7807731447527313 -2.64 1.47 22.59 -2.2083252399060544 0.7367531
DontCare -1 -1 1.122614131369863 81.91 193.25 212.85 324.19 1.5187200059933972 1.6858508654595756 3.9720516969786073 -1000 -1000 -1000 1.9080122947673113 0.89246225
DontCare -1 -1 -1.510958501198564 604.48 166.24 640.88 235.88 1.531813187879176 1.661041538483038 3.7615776677952195 -1000 -1000 -1000 -0.7255603378011157 0.74243563
