Car 1.00 1 -1.4414512972023825 0.00 202.20 294.76 374.00 1.5471511430858087 1.6559054323197746 3.881401354573765 -2.79 1.62 2.19 -2.346753445964855 0.5921376
Car 0.00 0 -1.677180872359548 662.70 177.02 779.03 256.35 1.5683455098240089 1.6281353247077608 3.8218597081826116 2.23 1.60 15.81 -1.537055295087458 0.9999845
Car 0.28 1 2.0666346112873892 0.00 186.93 392.15 374.00 1.4485834989516448 1.5125800513388061 3.600393789015808 -3.45 1.60 6.74 1.5935366043674732 0.96997887
Pedestrian 0.00 3 -1.582964307689343 42.83 151.90 107.06 366.95 1.827814103514309 0.6903001833048534 1.2727550087282562 -4.80 1.66 6.36 -2.2294774555665784 0.901228
Pedestrian 0.00 2 1.3374330262329917 171.68 160.97 206.26 312.58 1.8835371373597336 0.7461088578489494 1.8097850201437378 -5.21 1.68 8.81 0.8033807321412437 0.99401313
Car 0.00 0 1.6079415502634387 505.65 173.31 554.27 215.98 1.592684485372753 1.7254031070233726 4.225261407099762 -3.22 1.65 29.30 1.4984831895971542 0.912611
Car 0.00 2 -1.546792865791593 633.89 174.56 693.07 218.86 1.4736186642019462 1.6779685497940922 3.9369828571901704 1.98 1.68 28.23 -1.4767693882161064 1.0
Pedestrian 0.00 2 1.0520518581059317 212.05 169.69 246.58 322.85 1.8170360898975086 0.7038039098766518 1.474778663904419 -4.62 1.75 8.63 0.5605321270181358 0.72473514
Car 0.00 2 1.7698824117567877 531.97 179.05 564.61 204.85 1.4576752263872337 1.6333184561417842 3.9895585795269395 -3.66 1.84 42.94 1.6848527171655077 0.95529634
Car 0.00 2 -1.4009604016926627 620.59 171.14 650.35 202.08 1.5071087874291849 1.6114576414884472 3.7711763029323007 1.55 1.76 45.24 -1.3667120831731419 0.9998215
DontCare -1 -1 -1.5350997681405882 580.40 162.52 614.82 195.90 1.5265730571752798 1.6714637272716903 3.702625276647606 -1000 -1000 -1000 -0.74970160474314 0.8831801
DontCare -1 -1 -1.6971314857390265 39.77 142.73 109.60 373.00 1.6141021776764106 1.6965026252628708 4.075093077622451 -1000 -1000 -1000 -0.9117333223415782 0.67862606
