Car 0.00 0 -0.02061672607925935 735.99 187.29 951.47 278.70 1.6744874272315216 1.6595711105228805 4.4064933826551815 4.27 1.85 13.61 0.2833973292190708 0.9974728
Car 0.50 3 1.2792768041279654 0.00 185.51 215.48 316.13 1.5950792956917 1.6266249038936043 3.6204493959770585 -7.78 1.73 9.48 0.5920556133183102 0.99936634
Car 0.00 1 -0.9810951511051993 97.50 183.20 338.74 265.90 1.5381606429635 1.7030803777934456 3.6594957580194856 -7.85 1.76 14.64 -1.4732833518450161 0.787671
Car 0.00 2 -1.7464537183430533 702.61 190.48 878.74 264.21 1.4847260642616462 1.645331264725461 3.6471436043606187 3.91 1.90 16.07 -1.5077808815918687 0.99329704
Car 0.00 2 -1.5583714321863393 190.57 175.92 364.36 244.53 1.4915008101432037 1.7094090946675682 3.9650966023431207 -8.89 1.81 19.51 -1.9859253513586828 0.71068484
Car 0.00 2 1.9454023698952536 277.65 176.67 384.49 225.28 1.414422810432167 1.6636260145069504 3.293523686133423 -10.85 1.95 28.22 1.578347269898993 0.5219727
Car 0.00 0 -1.6227794821050505 452.54 184.87 490.13 208.98 1.4039193618862342 1.611660166895523 2.925961749754944 -10.13 2.54 52.43 -1.813637747099997 0.99992764
DontCare -1 -1 -1.9342160979893546 424.15 180.23 453.36 204.23 1.5024686626909685 1.6192621675045633 3.7780193035827065 -1000 -1000 -1000 -1.1488179345919063 0.63902324
DontCare -1 -1 -0.9267244497921805 965.81 182.31 1082.52 228.19 1.5222614276042592 1.6588785902322674 3.935611309610405 -1000 -1000 -1000 -0.14132628639473221 0.77269095
DontCare -1 -1 2.284671382108007 1186.60 253.15 1239.95 373.00 1.517960492410363 1.63991865820302 4.118228661023178 -1000 -1000 -1000 3.070069545505455 0.7807124
