Car 0.00 0 1.696286634602819 432.15 186.07 518.56 239.13 1.6136175472109031 1.6036232628585243 3.4697056879625703 -4.02 1.84 22.05 1.5159542649798312 0.9999968
Car 0.47 0 2.21690167585877 0.00 196.78 227.42 374.00 1.4448924738733482 1.6332731091143036 3.7471499313936616 -6.53 1.95 8.65 1.5702634671887452 0.64072806
Car 0.00 1 1.7235669056561331 292.69 192.00 404.55 254.05 1.4559509012667846 1.5937055752338314 3.7410031875000382 -6.94 1.99 19.43 1.3805103622098804 0.9993793
Car 0.00 1 -1.4201821545746665 629.58 177.72 663.02 206.64 1.5009974933980417 1.6398487754823112 3.48543890019516 1.99 1.84 41.09 -1.3717896906382256 0.9999994
Car 0.00 1 -2.971641973653112 719.02 166.57 826.04 199.66 1.5189629731519532 1.62720543264462 4.023464830719032 7.58 1.22 34.06 -2.7526621791724586 0.85189515
Car 0.00 2 1.7055297652867178 714.15 158.99 806.01 197.91 1.5009656347154092 1.6159424588741207 4.06802559097866 7.64 1.25 37.13 1.9084609921158724 0.6295932
Van 0.00 2 -1.3631236563113074 917.68 146.58 1016.68 182.29 2.1253863643040276 1.8739628369068337 5.034346217119741 21.51 0.54 43.62 -0.9049932327093122 0.8538759
DontCare -1 -1 1.9088283042099814 515.81 170.85 563.77 219.85 1.447790816780777 1.6208030984462642 4.448955314360656 -1000 -1000 -1000 2.6942264676074297 0.98838484
DontCare -1 -1 1.6474597016957144 578.31 168.77 595.02 190.69 1.5035871270863723 1.641897755926981 3.98042178352932 -1000 -1000 -1000 2.4328578650931627 0.8717622
DontCare -1 -1 2.44498606125382 827.27 151.06 910.64 179.23 1.472711410727949 1.6711374551714802 4.094628112517395 -1000 -1000 -1000 3.230384224651268 0.9978649
DontCare -1 -1 -1.8024386028435568 656.44 156.27 703.36 194.85 1.454848491009922 1.5591043823124313 3.6090379675255204 -1000 -1000 -1000 -1.0170404394461086 0.98114544
DontCare -1 -1 1.3456167886641364 603.31 169.81 626.27 192.77 1.5683155659405899 1.6593587950529003 4.036771314345398 -1000 -1000 -1000 2.1310149520615846 0.9957979
