Car 0.95 0 -1.9549123803761344 864.56 183.99 1241.00 374.00 1.4695621508924674 1.457450076258316 3.5188790430651093 2.78 1.59 3.53 -1.2878181434716334 0.8587537
Car 0.00 1 -2.0518993298199515 744.41 172.80 955.41 317.99 1.4788934666483116 1.5047556602121734 3.7022260298357392 2.91 1.59 9.72 -1.761008947062877 0.9876875
Car 0.00 0 1.8836387256768088 155.61 200.19 393.07 338.48 1.4926496691821527 1.6063105233670616 3.9455603083000566 -4.50 1.92 10.26 1.4703083211374808 0.9996176
Car 0.00 1 -1.4108545641091208 337.71 181.44 462.54 272.91 1.5640256147651386 1.6960865252376938 4.077819334469833 -4.44 1.93 15.66 -1.6871289094277488 0.99981886
Car 0.00 1 -1.6685830439117293 683.86 176.25 775.38 245.07 1.5517906643269967 1.6846008517505073 4.052671255670585 2.86 1.65 18.22 -1.5128831849509454 0.98675793
Car 0.00 1 1.685725593068872 427.86 182.60 507.88 246.62 1.4788306359021377 1.6477042243541622 3.487922953568497 -4.12 1.99 21.27 1.4943949538766468 0.76367444
Car 0.00 2 -1.8526261011746268 667.46 180.01 740.15 227.89 1.5316625147877645 1.6995779865147018 3.642230840526619 3.06 1.73 24.63 -1.7290207316748574 0.9776372
Van 0.00 1 -1.7742600748923163 646.23 147.14 714.93 218.12 2.1680870200624085 1.9324037121688558 5.356479612940597 2.98 1.85 32.15 -1.6818336527823816 0.9990386
Car 0.00 1 1.1187260011818747 625.35 182.09 651.47 202.57 1.4617031480936717 1.6181158938170814 3.555624114476242 2.06 2.15 53.60 1.1571399309276453 0.9378063
Car 0.00 0 -1.9942862848427634 521.82 186.64 549.11 205.07 1.471433602627964 1.5989391647936249 3.880658023186126 -5.86 2.44 56.20 -2.098181305999141 0.5046687
Car 0.00 1 1.896649227538381 607.31 179.93 638.36 200.92 1.5477033056138467 1.6256892432184362 4.073965208731689 1.03 2.30 60.59 1.913647095167465 0.88121146
Car 0.00 0 -1.8244827846672873 584.94 183.69 609.03 199.13 1.514015833270402 1.653170700436964 3.954153591893711 -1.35 2.60 72.81 -1.8430220695068535 0.99960643
DontCare -1 -1 -1.1818859438088278 554.35 181.27 574.18 195.90 1.4584475610224914 1.6455608748556518 3.516666161023178 -1000 -1000 -1000 -0.39648778041137955 0.8769809
