Pedestrian 0.00 0 -1.3745899806406836 645.88 162.56 691.58 285.69 1.7719417581710768 0.6656879763391685 0.8943242268422746 0.85 1.47 10.56 -1.2942707213506273 0.83269566
Pedestrian 0.00 0 1.1970555643227438 697.71 157.87 751.41 284.13 1.7534942246883911 0.6881608310428333 0.8661509655201935 1.69 1.47 10.81 1.3521369635255975 0.91137105
Pedestrian 0.00 0 1.5083978856590132 322.06 159.56 376.46 292.61 1.6961485347155285 0.5923011060145569 1.0735886959144973 -3.66 1.49 10.18 1.1632597834833283 0.924402
Cyclist 0.00 0 -1.5306000346925597 447.41 163.93 507.19 271.48 1.7599999993462419 0.6143017762510967 1.8550800187910461 -2.24 1.52 12.96 -1.7017486401087416 0.750418
Cyclist 0.00 0 1.127779142060552 527.63 165.91 569.16 233.81 1.7450619074870204 0.5991984882562351 1.8091136878753566 -1.40 1.31 18.91 1.0538790626588206 0.56471276
Cyclist 0.00 0 1.4464719603445868 503.51 166.17 533.37 227.65 1.7383463662471925 0.6042379082350922 1.8421848444665336 -2.54 1.35 21.98 1.3314226731818648 0.6967867
Pedestrian 0.00 1 -1.1816835264351706 736.54 164.02 753.79 220.27 1.7348541463170004 0.6593158505198431 0.9579940033862495 4.25 1.12 21.26 -0.9843784233919178 0.9336035
DontCare -1 -1 1.8683671812203269 5.04 185.98 98.58 259.78 1.4992996513663244 1.6522531539858722 3.635825755201378 -1000 -1000 -1000 2.653765344617775 0.9784685
DontCare -1 -1 0.657416776814733 155.67 158.97 208.69 272.25 1.5054836649267387 1.6385532741160536 4.091394873462715 -1000 -1000 -1000 1.4428149402121813 0.95161337
DontCare -1 -1 1.6589647168901305 567.08 162.09 606.60 198.49 1.5616568628518295 1.59556082568182 3.7512695660219575 -1000 -1000 -1000 2.4443628802875788 0.902387
