Car 0.78 0 1.9282594482090811 0.00 212.36 185.88 374.00 1.542053874936552 1.6794269972206497 3.545073406897583 -5.72 1.93 6.55 1.2104030527800447 0.5505795
Car 0.00 0 1.133878574767385 763.34 179.09 984.02 307.17 1.450117953476162 1.48584195903553 3.335914151869812 3.39 1.56 10.13 1.4568132612334295 0.9999918
Car 0.00 1 2.0808801213887076 265.08 188.00 421.29 269.63 1.452409543451519 1.6644692227901363 3.669212984047928 -5.62 1.84 15.64 1.735913335521327 0.99979466
Car 0.00 1 -1.7313492159035544 705.99 178.40 830.56 255.27 1.5730151574878406 1.5330740802647018 3.9008505476043607 3.28 1.60 15.88 -1.5276644308009664 0.9608877
Car 0.00 1 1.7636522213604788 447.30 177.56 502.66 217.21 1.5786974917916965 1.6330090568126583 3.7298748215065385 -5.68 1.78 30.53 1.5797087648233037 0.9999398
Car 0.00 1 -1.6187918009844164 670.65 176.03 738.43 224.71 1.4425827864377212 1.6414996769936228 3.5326631536112214 3.08 1.64 24.42 -1.4933281594417565 0.999514
Car 0.00 2 -1.754437849917684 661.73 174.66 714.82 214.09 1.5051782954303932 1.623845777726307 3.3184577991590882 3.17 1.63 30.01 -1.6491966630291364 0.9998882
Car 0.00 2 -1.5701983068163994 476.07 178.92 515.70 210.31 1.5362292084662628 1.634678552179172 3.721449690066376 -5.61 1.77 35.60 -1.7264972540441104 0.9907354
DontCare -1 -1 1.8672827641156058 4.35 178.15 239.81 233.40 1.44086530095026 1.7537685476900482 4.294913726054229 -1000 -1000 -1000 2.652680927513054 0.887333
DontCare -1 -1 1.1876309672978262 783.52 158.35 848.14 189.64 1.4443184215395164 1.5800084166885757 4.071791770063438 -1000 -1000 -1000 1.9730291306952745 0.9218394
