Car 0.00 0 -0.12967474857834382 749.55 186.47 986.87 286.51 1.5961420018045616 1.6755423390032196 4.057988049589195 4.32 1.82 12.49 0.20332204140038201 0.9395234
Car 0.65 0 1.1969080130246024 0.00 184.63 174.59 332.72 1.5908522087900352 1.5900433317483806 3.6226495226250077 -7.73 1.70 8.41 0.45361629839662565 0.93490064
Car 0.00 1 -1.6398461769011359 56.27 182.73 320.62 272.38 1.5179554479016375 1.6811910562874222 3.4713843931780244 -7.81 1.73 13.56 -2.162400648272817 0.7449857
Car 0.00 2 -2.311198071637426 712.45 189.79 902.97 269.23 1.3453654799430084 1.5990292981923961 3.235861616335907 3.98 1.86 14.96 -2.0511782364153954 0.95356697
Car 0.00 2 -1.2796006957676749 167.26 176.68 353.33 249.50 1.5219171139231336 1.6949067481519127 3.7676888575182343 -8.83 1.83 18.45 -1.725974711376409 0.99523574
Car 0.00 2 -1.043434158959661 240.75 172.90 381.20 243.02 1.4930084090499591 1.6638878428102875 3.389649378262558 -8.63 1.94 20.96 -1.434017206304798 0.7915044
Car 0.00 2 -1.0885523418572287 265.51 176.27 377.40 226.79 1.4004954028694343 1.6369825892807388 3.5443836619482423 -10.81 1.93 27.19 -1.4669644147395515 0.9414134
Car 0.00 0 -1.679678232469831 452.28 185.04 490.48 209.66 1.4448786455957603 1.6389657699228668 3.370229290925064 -9.94 2.54 51.43 -1.870596665482554 0.99806076
DontCare -1 -1 2.4574521342900137 385.60 179.19 453.35 204.23 1.3867719325988006 1.6750646897317314 4.125220464669265 -1000 -1000 -1000 3.242850297687462 0.95308155
DontCare -1 -1 1.83644695679215 975.19 180.23 1114.81 231.31 1.4217746708361816 1.620611001989379 4.106594981752433 -1000 -1000 -1000 2.6218451201895983 0.7703636
