Car 0.00 0 -1.5581150223177413 573.65 173.39 611.09 207.52 1.5137004772020888 1.6166900017024421 3.6474360247478868 -0.79 1.04 35.98 -1.5800681375275387 0.9997681
Car 0.84 0 -1.068874375024114 0.00 201.64 247.30 375.00 1.611297123488636 1.6481261023045921 3.593941735230484 -4.24 1.59 4.93 -1.7791687023186409 0.94954497
Car 0.00 1 -1.2418809394028525 11.36 176.63 237.59 282.10 1.706487954017372 1.7151954465271377 3.550069438420334 -8.45 1.48 12.94 -1.8203719848578739 0.9999999
Car 0.00 0 -1.3845356116679053 291.79 185.61 440.27 269.76 1.5493052400468301 1.526389471507206 3.2747068574057008 -4.73 1.46 14.57 -1.6984415705815699 0.9999951
Car 0.00 2 -1.5686401348237435 267.34 183.31 375.11 235.24 1.6345091093151283 1.745570226824417 4.376028256617584 -8.59 1.36 21.84 -1.9433703457596143 0.9998667
Car 0.00 0 -1.5100965770569186 431.97 183.59 501.81 228.32 1.5565587471990299 1.6167308569611454 3.3509305884466554 -4.64 1.31 23.98 -1.7012291707791318 0.9999995
Car 0.00 2 -1.1967099467900137 457.48 178.31 508.67 214.22 1.504912209120245 1.6365097419084453 4.447375552855529 -5.53 1.20 32.14 -1.3671013044063245 0.99965036
Misc 0.00 0 -1.0778725306179862 500.74 165.21 540.73 208.07 1.5360488224594306 1.612399264490738 3.4846563210115815 -4.70 1.18 38.94 -1.197989994397099 0.97287446
Car 0.00 1 -1.0664603869107108 162.88 177.65 278.87 232.91 1.537594052386136 1.5759638541103744 4.25980840822319 -12.20 1.37 22.89 -1.5561455734727787 0.793747
DontCare -1 -1 -1.661264062919889 539.06 164.00 567.30 202.69 1.5079756680695724 1.6680812679888153 3.8741423451677943 -1000 -1000 -1000 -0.8758658995224406 0.9953591
