Car 0.97 0 -2.127132968106542 948.79 161.77 1241.00 374.00 1.4090485650865745 1.6861628585220718 3.599543200932541 3.86 1.72 3.92 -1.3494467340816119 0.9733496
Car 0.00 0 1.7943790117886405 461.89 185.62 529.52 230.79 1.5603594187466812 1.5809243612648392 3.333254056178131 -4.07 1.95 25.98 1.6389830729761583 0.9999994
Car 0.00 1 -2.00890971819428 804.10 193.69 1032.69 324.92 1.518812139640228 1.550908117807045 3.831236971668997 3.97 1.74 10.11 -1.634729124373719 0.9958372
Car 0.00 2 -2.066653029122625 745.69 180.58 866.08 263.17 1.539158074539752 1.5849891298176193 3.7768659611568833 4.10 1.77 15.74 -1.8118327511547494 0.9992532
Car 0.00 2 -1.5547830621388297 721.39 183.21 797.94 239.88 1.5859518054692459 1.6094455712200546 3.4401813616381074 4.21 1.79 20.97 -1.3566539612505193 0.9975303
Car 0.00 2 1.7581808576968054 496.20 183.98 551.29 219.48 1.5228902011929464 1.5728561573387527 3.6448024978266145 -3.75 1.94 31.64 1.6402103288994083 0.9675644
Car 0.00 2 -1.8095842013743262 704.54 181.34 763.54 225.64 1.4749744873313617 1.630663180044427 3.359351175032654 4.43 1.81 26.38 -1.6432063438277198 0.9977653
Car 0.00 2 1.7471678564932684 518.74 184.24 563.81 213.65 1.5536705072788906 1.603924303567543 3.6631125082598115 -3.50 1.99 37.10 1.6531066218652821 0.8196302
Car 0.00 2 1.473345355191503 692.83 180.30 739.86 217.32 1.473160200175495 1.631795439189806 3.6390066315756227 4.56 1.84 31.62 1.6165704302632904 0.94180584
Car 0.00 0 -1.631064181276832 565.02 181.15 592.60 201.89 1.4732031378714752 1.5880953998030567 3.3586750795469666 -2.28 2.07 52.90 -1.6741377120043284 0.9932027
DontCare -1 -1 0.5814525643971304 652.27 172.94 692.94 194.86 1.4673066701559734 1.6399035465629244 3.752940090499916 -1000 -1000 -1000 1.3668507277945787 0.91809696
