Car 0.99 0 1.4287966946747641 0.00 82.85 279.11 374.00 1.669289633986206 1.6866552450419807 4.234706895552673 -2.94 1.57 2.74 0.6082018048908174 0.8319785
Car 0.14 0 1.1772591332581381 789.70 189.72 1195.31 374.00 1.494142976012678 1.5576756664277458 3.741110863290825 3.06 1.57 6.98 1.590420889515061 0.86902356
Car 0.00 0 1.7256614724781851 452.34 164.41 515.23 214.08 1.5227356528683018 1.6237178326310062 3.4685639311895753 -4.18 1.28 24.17 1.5544136749818243 0.9999894
Car 0.00 1 -1.3867117623474936 143.54 169.87 416.72 346.19 1.5310048669396352 1.6341068700612926 3.6795838346109773 -3.41 1.51 8.13 -1.783858693062993 0.94482374
Car 0.00 1 -1.5035629207876067 724.60 174.79 877.38 280.38 1.5726199861435604 1.6687843718291664 4.027924033008613 2.98 1.56 12.08 -1.2617031559297143 0.7204372
Car 0.00 1 -1.6122931549933295 673.40 169.89 759.90 232.58 1.5031344745127868 1.698143749749794 3.1750696470365907 2.64 1.43 18.76 -1.472486273517286 0.9675012
Car 0.00 2 -1.6419287780907492 646.70 166.61 711.51 216.64 1.5467475712119054 1.6320781877921366 3.8041951452718163 2.12 1.32 23.33 -1.55130753823298 0.999941
Car 0.00 2 -1.9592476050045828 633.09 168.84 683.83 206.03 1.576600134727211 1.6418117799521827 3.745255785189667 1.87 1.27 29.53 -1.8960066174770072 0.99684805
Car 0.00 2 -1.5735584635429571 502.16 166.18 536.17 192.64 1.4923961892543745 1.621487499466672 3.47985811730484 -5.05 1.06 40.24 -1.698402799580464 0.5094773
DontCare -1 -1 2.257549957433019 536.65 157.31 637.73 189.64 1.4836051765649032 1.6871832229854011 4.6417749096975705 -1000 -1000 -1000 3.0429481208304674 0.7411577
DontCare -1 -1 3.0932396531065525 749.15 153.15 809.61 179.23 1.4648868072597694 1.6399448339553022 4.206739561759033 -1000 -1000 -1000 3.8786378165040007 0.76859945
