Car 0.00 0 1.726693675914083 401.15 183.12 489.23 249.96 1.5828222449688625 1.6339358214945936 3.571058528624573 -4.18 1.79 18.64 1.5060942305078562 1.0
Car 0.99 0 1.2818963388588767 0.00 209.33 179.56 374.00 1.5329841024993371 1.6086462468565845 3.8461457520128275 -3.42 1.73 2.67 0.3739624633223144 0.9866915
Car 0.23 0 -1.9858636120941977 802.03 192.12 1185.93 374.00 1.6772707257239532 1.6423414007486248 4.32241462370018 2.99 1.71 6.52 -1.5558901063015957 0.99999845
Car 0.00 1 -1.9654127518322806 703.23 181.55 836.52 275.21 1.5393327981053304 1.661161287939682 3.6000959446058656 2.72 1.64 13.12 -1.760991546455134 0.93407863
Car 0.00 2 -1.8138076523926596 657.74 178.10 750.10 245.75 1.4457740340201568 1.6414244093657875 3.5949964990244294 2.16 1.62 17.76 -1.6927804325834546 0.99998915
Car 0.00 2 -2.1336143175747733 636.11 181.18 703.13 228.12 1.5105666363431525 1.6229187504114055 3.487381117545166 1.84 1.67 23.94 -2.0569063118220616 0.78002673
Car 0.00 2 -0.9664873639729361 446.20 183.11 512.98 229.75 1.5315029270766687 1.6288082602159524 3.5752114226446534 -4.34 1.77 24.35 -1.142869283309774 0.9048963
Car 0.00 2 -1.6542680943992476 483.76 181.64 525.90 212.73 1.4385564032761764 1.6388043195666218 3.64978198906044 -5.03 1.82 34.68 -1.7983040536878825 0.99893004
Car 0.00 2 -1.4236853728678565 764.60 164.27 837.43 200.08 1.471019249763937 1.627992124548688 4.418777840338745 11.29 1.58 42.92 -1.1664648771915282 0.8909853
DontCare -1 -1 1.3576044152167182 535.60 170.85 629.39 199.02 1.4551284465758514 1.6139592856825733 4.3439875413999935 -1000 -1000 -1000 2.1430025786141664 0.59114134
