Car 0.00 0 -1.863489226498876 635.46 183.97 678.15 214.59 1.5480480216263246 1.6420496807159328 3.8896057700143243 2.11 1.86 34.01 -1.8015280656188255 0.97071666
Car 0.00 2 -0.3730849782612662 378.56 180.62 500.16 224.56 1.5715451579360675 1.6453587201149606 4.018487112723388 -6.46 1.90 27.43 -0.6043788355386909 0.92790425
Car 0.00 2 -1.838017568984304 278.63 184.95 445.57 246.03 1.5191597085265827 1.7030480646253967 4.037366675339737 -6.52 1.85 19.12 -2.1666559292957395 0.9982874
Car 0.00 1 -0.8284933725979666 742.07 181.76 905.18 241.82 1.5349539615033578 1.6738353886367225 3.4532650878057862 5.63 1.76 19.43 -0.5464590938944973 0.9163378
Car 0.00 2 -1.6577762002733092 141.34 170.72 392.99 269.89 1.398588069137783 1.6241126333089018 3.8119811770842458 -6.59 1.76 14.13 -2.094170874040202 0.9999658
Car 0.00 2 1.4664457822826247 55.13 184.89 375.37 289.04 1.5109024256287527 1.5457517050863647 3.699454458557167 -6.21 1.73 11.54 0.9727628246446965 0.9999049
Car 0.12 3 0.8897602121022086 0.00 191.59 332.09 323.56 1.54308520665452 1.7596093409420395 3.669142963491478 -5.80 1.76 9.16 0.3252947145376309 0.9855611
Car 0.60 3 -1.7280228296902518 0.00 190.94 196.96 367.74 1.419329725560398 1.6860210739733124 3.693255456291237 -6.26 1.69 7.05 -2.4541366757501692 0.98047763
Car 0.06 2 -1.6374138603594641 925.43 182.86 1241.00 313.40 1.5523271955369424 1.7367106743813896 3.0792667438612367 6.31 1.71 9.71 -1.0611472449157375 0.9999763
Car 0.54 0 -1.4183370480921607 1023.87 193.53 1241.00 356.16 1.574577249941082 1.7792755060554886 3.8760884461329366 6.40 1.63 7.41 -0.7059443154324607 0.9983576
DontCare -1 -1 1.406668515005384 500.19 172.94 632.52 210.48 1.3596274111239623 1.5802517526508713 3.452474223576584 -1000 -1000 -1000 2.192066678402832 0.80439043
