Car 0.00 0 1.8911161283638815 453.39 185.53 524.60 232.75 1.6226143318979454 1.5847056985558414 3.613221855960884 -4.13 1.93 24.93 1.7269433142788009 0.99954706
Car 0.00 1 -1.932290987172399 819.86 194.10 1091.41 344.27 1.5166209026990842 1.5665968947769546 3.6499818881378556 3.94 1.72 9.09 -1.523290542761131 0.99205935
Car 0.00 1 -1.9251799742367606 752.80 180.24 884.70 269.36 1.5384489767073106 1.5950745151103878 3.8019682598636533 4.07 1.75 14.71 -1.6552502034760872 0.9998128
Car 0.00 2 -1.482629963257585 725.27 182.90 807.39 242.77 1.5457067027507734 1.6579531051875496 3.5475552847013856 4.17 1.77 19.93 -1.276373144307139 0.9902354
Car 0.00 2 1.6577260951187949 490.37 183.78 547.40 220.55 1.4794921319751453 1.5875856683315182 3.4682452251539613 -3.83 1.91 30.59 1.533169933807497 0.7691877
Car 0.00 2 -1.7382691065457205 706.51 181.97 768.41 228.30 1.5260670733457815 1.6777433708967113 3.32764978905777 4.37 1.82 25.35 -1.5675603151496917 0.9999212
Car 0.00 2 -1.159719512858663 514.02 183.76 560.85 214.02 1.5032166134385776 1.6228630927117014 3.509956674777069 -3.59 1.95 36.05 -1.2589761793257284 0.70988137
Car 0.00 2 1.4361157129195075 693.48 179.68 742.88 217.96 1.4993173148302745 1.6108211905421161 3.4015839268789674 4.49 1.80 30.61 1.5817611500413233 0.5038233
Car 0.00 0 -1.5962509429689984 562.18 181.04 590.35 202.19 1.4228700328437995 1.5432102151872062 3.406251536809006 -2.42 2.05 51.86 -1.6428812118511567 0.999943
DontCare -1 -1 -2.4316385547306876 673.10 171.90 708.56 190.69 1.4371238354413223 1.6063694127560997 3.692963274322548 -1000 -1000 -1000 -1.6462403913332393 0.9202772
