Car 0.96 0 0.6688355366375784 0.00 221.34 284.59 374.00 1.4452523443667602 1.398560597813263 3.9151418601498986 -3.62 1.81 3.93 -0.07552607480322115 0.76685137
Car 0.00 1 -1.674411834278379 656.31 179.70 715.34 226.53 1.497686185297222 1.6816837184788131 3.891833363227644 2.63 1.81 26.17 -1.5742513723462959 0.9999995
Car 0.00 1 1.8506758968022208 246.53 197.71 437.82 315.30 1.42915952986166 1.4447082125307464 4.5567712356672665 -3.90 1.84 10.96 1.508808426318134 0.9999999
Car 0.00 0 2.6777500669148306 820.01 166.79 1023.92 226.89 1.5391004033206415 1.7542749934555435 4.284095125399627 8.11 1.35 19.12 3.078911706752554 0.9999106
Car 0.00 2 2.070782289901052 795.98 152.39 959.82 218.76 1.5705396499304485 1.7284411334158325 4.656780677042999 8.09 1.34 22.14 2.42111182792439 0.981402
Misc 0.00 2 -1.2769055823471884 404.34 200.81 457.25 229.24 1.439154118653984 1.5589661591411972 3.83311499481658 -6.52 1.97 26.28 -1.5200927748000814 0.77421063
Car 0.00 1 -1.422088191905294 426.01 183.55 484.10 225.91 1.5226481485931587 1.6125824183882618 3.7274488528595353 -6.46 2.10 30.29 -1.632211833929178 0.99854434
Car 0.00 2 -1.5613976708289723 317.60 192.82 420.26 254.21 1.7139135006634902 1.6090566211105728 5.228521006308593 -6.42 2.01 19.45 -1.8802147767925625 1.0
Car 0.00 0 0.7106668512013297 751.72 166.45 874.17 210.44 1.4350957948534202 1.6216269594342851 3.785265008114376 7.86 1.42 28.31 0.9814861691107666 0.9911333
Car 0.00 1 1.7423795322563986 475.80 185.42 515.12 213.93 1.5416573941527318 1.5857236676575088 3.891729613892832 -6.61 2.28 41.79 1.585507331875876 1.0
Van 0.13 3 -0.6963570276882987 1095.55 135.82 1241.00 191.15 2.200822937779627 1.8672503853296472 5.053136570209312 22.27 0.68 28.42 -0.03169447075085341 0.96241206
DontCare -1 -1 2.5117522040989737 513.73 167.73 656.48 206.31 1.43346980994627 1.6451074734987163 4.114121751986541 -1000 -1000 -1000 3.297150367496422 0.93622273
DontCare -1 -1 0.763940111794744 685.60 162.52 753.35 192.77 1.548061656188817 1.6823917546035194 3.8190917839632417 -1000 -1000 -1000 1.5493382751921922 0.97868824
DontCare -1 -1 2.355509058633123 975.19 150.02 1099.19 193.81 1.4353385869233322 1.5790625729323768 4.028131248556175 -1000 -1000 -1000 3.140907222030571 0.946186
