Car 0.85 1 1.633212928720985 0.00 218.62 176.53 374.00 1.4313800711004447 1.6969303332926178 3.821627827487984 -5.92 1.92 6.40 0.8867561084205758 0.6983973
Car 0.50 3 1.6193611557271819 1047.49 151.07 1241.00 279.78 1.459051303920002 1.4292341612936401 2.7911269833670045 8.19 1.30 9.70 2.3205542086422404 0.99996936
Car 0.00 0 1.9144490818169455 205.48 196.84 392.20 290.82 1.4883688021270942 1.6389734328450107 3.746124969922104 -5.75 1.94 13.82 1.5201718630946077 1.0
Car 0.00 0 -2.016459153094564 790.36 182.87 1101.57 361.64 1.4843853454856586 1.5968865223885917 3.756346563004055 3.26 1.60 8.00 -1.629504026168118 0.9968477
Car 0.00 1 -1.8389934758332114 724.16 176.92 863.56 276.08 1.5041366446582984 1.655332207000389 3.8592418227448175 3.22 1.67 13.57 -1.6060142367561085 0.99944836
Car 0.00 1 1.92385329405335 350.91 190.53 445.03 253.16 1.5279845342791092 1.5988955341936493 3.756253423296013 -5.69 2.00 19.62 1.6415864692011626 0.999977
Car 0.00 1 1.4949364150550704 684.22 180.55 756.75 229.99 1.5121300782828044 1.622805397278204 3.9708371629343415 3.45 1.71 23.33 1.6417506763699805 0.9921257
Car 0.00 1 1.842599288621221 436.74 186.10 502.66 227.34 1.4944034073321533 1.6691782430471325 3.6620366444216157 -5.56 2.04 28.85 1.6522124919178418 0.9494997
Car 0.00 2 -2.0262213806298117 665.86 181.81 724.26 221.34 1.4982417397020769 1.618326402521267 3.4535972048864747 3.32 1.84 29.10 -1.9126232132557204 0.93220943
Car 0.00 1 1.6737788776543479 499.21 181.51 533.32 208.70 1.4783416058687877 1.6026149161816978 3.584458308421173 -5.68 2.10 43.84 1.5449345754441526 0.9999944
Car 0.00 1 -1.6041800352421145 650.99 179.25 691.73 209.98 1.4840333837835502 1.6102362976135158 4.0258298685179135 3.12 1.86 37.64 -1.521478557063233 0.9924665
Car 0.00 0 -2.200082198777471 556.14 175.15 599.67 191.77 1.4500372934906196 1.641129638320341 4.177121268712082 -3.05 1.75 67.55 -2.245203292397549 0.9883002
DontCare -1 -1 1.7714429358628134 3.31 167.73 214.81 245.90 1.4693607393471908 1.6535574153722667 4.158184664450683 -1000 -1000 -1000 2.5568410992602617 0.937583
DontCare -1 -1 1.2665140191700797 256.44 171.90 506.48 206.32 1.3213998380868148 1.6605942838550949 4.312527286015548 -1000 -1000 -1000 2.051912182567528 0.7061632
