Car 0.36 0 -0.5575650493290762 32.42 207.63 424.94 374.00 1.5166243960900616 1.6949037157656097 4.055731268726387 -2.78 1.75 6.09 -0.9857996618536187 0.6945378
Car 0.00 0 -2.1726868311550955 711.93 187.13 880.79 303.48 1.5415809027670335 1.67488131604208 3.9663879891262437 2.72 1.75 11.62 -1.942747684417504 0.9875223
Car 0.00 1 -1.0926518301155905 320.24 191.49 489.68 308.24 1.585753485914917 1.619388479060068 3.9057369773612405 -3.11 1.81 11.58 -1.3550270791438352 0.99979395
Car 0.00 2 -2.5528538982060294 682.98 188.34 784.17 260.16 1.5434177316544961 1.5819751054705524 3.849081196017661 2.74 1.84 16.97 -2.392774037364786 0.9974963
Car 0.00 2 -1.901155517497335 662.34 186.79 735.16 243.57 1.5089997540979099 1.6344383100704694 3.7571304758415605 2.57 1.98 21.96 -1.7846544989033202 0.9980191
Car 0.00 0 -1.6062212931599955 493.01 185.98 549.95 235.17 1.4824887815682601 1.6659427948953056 3.2217639853582765 -2.96 1.95 24.49 -1.726503502502872 0.97466284
Van 0.00 2 -1.5218109535661082 656.75 172.97 714.78 229.10 2.2197455293615675 1.848519592181368 5.120991753244447 2.68 1.93 26.53 -1.4211347635399132 0.97379726
Car 0.00 2 1.1742504398014884 528.07 184.71 567.72 217.73 1.5671309199003887 1.644758758387103 3.744001934431591 -3.01 2.08 35.33 1.0892589629344707 0.98092455
Car 0.00 1 -1.597465499365006 634.65 183.14 662.92 207.99 1.5963939804403495 1.6751637750030899 3.8926624861882115 2.36 2.12 45.04 -1.5451155053860721 0.989145
DontCare -1 -1 1.7681015441801886 557.48 169.81 632.52 203.19 1.50845355948493 1.6833311685086632 4.178018169604339 -1000 -1000 -1000 2.553499707577637 0.9220833
