Car 0.60 3 -1.254545078673635 0.00 173.92 193.01 374.00 1.4630351926951122 1.5338480465771103 3.859113976835371 -5.98 1.70 6.79 -1.9765981904446241 0.57905495
Car 0.25 3 1.7120705554869513 0.00 166.83 323.01 313.47 1.5914012048213195 1.7740254693390274 3.6746306290254975 -6.19 1.62 9.13 1.1162732895864567 0.53338134
Car 0.00 2 -1.6571018705752234 53.53 171.56 313.85 278.25 1.5151786598196637 1.735310278153553 3.8957597782240296 -6.82 1.58 11.69 -2.1852295048328276 0.98564315
Car 0.00 2 1.7966092536833624 165.64 185.79 396.63 271.87 1.490962656569333 1.689495354211464 4.36428787013153 -6.29 1.79 14.02 1.3748828900528884 0.8762925
Car 0.00 2 1.4322330067541937 202.09 170.30 420.96 243.80 1.7322130057780456 1.6364744801731252 3.6031590869055177 -6.78 1.54 16.53 1.042995950326182 0.9785836
Car 0.00 2 -1.4494264582779746 303.97 168.19 454.28 228.78 1.5519744552491617 1.6475647830130005 3.7799279039130593 -6.67 1.55 21.04 -1.7564195226821302 0.99997115
Car 0.00 2 -1.0591150085118155 326.58 157.81 475.87 225.34 1.6480177495448303 1.7505753778578186 4.593784468375244 -6.77 1.64 23.61 -1.3383653970554301 0.814453
Cyclist 0.00 0 -1.5568951983612518 544.83 172.61 558.28 204.94 1.7302328786235606 0.5653751229106379 2.0345049603308105 -2.98 1.59 36.49 -1.6383805772967905 0.99724674
Car 0.15 0 -1.8103887746718268 786.40 197.18 1114.19 374.00 1.6301915947167587 1.587066429919138 3.1309248377905274 2.78 1.66 6.80 -1.422299125330539 0.94508624
Car 0.00 2 1.160488830008779 856.93 172.77 1154.18 284.02 1.4013746458856773 1.311520709908142 2.641348140440979 6.25 1.70 11.82 1.6468825989757359 0.9997155
Car 0.00 2 1.271099285283361 822.00 180.60 1032.03 265.48 1.289432719704361 1.48104277185215 2.8250158002005006 6.05 1.71 14.18 1.6743728121855557 0.99964035
Car 0.00 2 1.0166114727642874 785.16 178.81 949.12 245.54 1.4258346561162185 1.7009917863370323 3.276678757868805 5.95 1.64 17.07 1.3520070864788396 0.8902455
Car 0.00 2 1.4639496813204627 777.42 175.36 901.01 234.03 1.503882013615818 1.56699187985672 3.001912253104248 6.15 1.59 19.68 1.766834549695434 0.50885737
Car 0.00 2 -2.528041319051061 735.07 174.57 880.56 229.26 1.5079729728220415 1.625510166651144 3.9623096754179383 5.97 1.65 22.19 -2.2652243708925845 0.9801359
Car 0.00 2 -2.060513929524694 712.97 177.96 847.91 222.21 1.5022093713103246 1.731253101742401 3.5738002528772737 5.83 1.64 25.10 -1.8322897937422609 0.8434093
Car 0.00 2 -1.381056503453527 715.07 169.02 826.68 218.16 1.5443382918654394 1.660267479038372 3.9938229640350724 6.01 1.65 27.39 -1.1650564871493319 0.9998368
Car 0.00 2 -1.2965138117459158 420.16 172.16 518.42 204.77 1.472400553878994 1.649201567536726 3.5557548274622346 -6.77 1.49 34.86 -1.4883314761669786 0.99948347
Car 0.00 2 -1.023187712827001 445.42 173.35 530.06 203.35 1.5438909441052389 1.6211616352857494 3.63429366251091 -6.35 1.54 37.53 -1.19079826925704 0.82431924
Car 0.00 0 -1.7778155217554907 634.93 174.53 670.66 201.28 1.42444122618124 1.6248406314016723 3.892197324089804 2.33 1.53 40.63 -1.7205314744979205 0.9738029
Van 0.00 2 1.6703354279187064 613.93 163.41 628.85 180.63 2.0832800339092827 1.8405860984777642 4.432979820126342 1.59 1.08 101.68 1.6859714470059284 0.989317
DontCare -1 -1 2.0359021882202963 562.69 160.44 609.61 183.40 1.5347506295709323 1.7196369089843178 3.9804022108540917 -1000 -1000 -1000 2.8213003516177446 0.779234
