Car 0.98 0 -1.8438210348275046 936.17 194.03 1241.00 374.00 1.442842714843006 1.6622144647599602 3.801732054106989 2.93 1.75 2.90 -1.0532771192496313 0.9993432
Car 0.00 0 1.974753008284841 240.05 187.18 491.58 334.35 1.4882717657653999 1.558546512639656 4.300780790053405 -2.91 1.67 9.58 1.679852240051265 0.9999783
Car 0.00 1 -2.0105299512532095 739.86 191.27 952.51 331.55 1.4266146723000717 1.6216305077732944 3.826157825194397 2.88 1.75 9.74 -1.7230339055846913 1.0
Car 0.00 2 -1.5840791101243834 398.55 177.46 515.48 258.89 1.5482144787727308 1.6859772422076607 3.874513981990614 -3.24 1.67 15.78 -1.7865878467426217 0.813041
Car 0.00 1 2.1724299351361136 693.88 187.12 814.46 271.12 1.4375126067368698 1.5280827128054046 4.017984004818 2.80 1.77 15.14 2.355304222765845 0.9976
Car 0.00 2 1.6173334988441805 491.99 177.58 548.10 224.34 1.5525470845220994 1.6556880281032467 3.3523965050802613 -3.01 1.63 24.38 1.49449327213659 0.9995864
Car 0.00 1 1.743240357437406 669.25 182.88 719.27 220.22 1.4762480709521484 1.6312577391700291 3.9555989523754502 3.31 1.80 29.29 1.8557707968608725 0.99579144
Car 0.00 1 -1.8279556790974478 652.34 177.17 678.28 200.37 1.5103121720074129 1.6217033744515323 3.9088187535629655 3.72 1.82 49.30 -1.752642010243549 0.9873431
Van 0.00 2 -1.8080644170430045 644.52 166.36 670.07 195.72 2.1692606150289393 1.8188369670962525 4.737276462668228 3.99 1.89 61.78 -1.7435699805377478 0.99050355
DontCare -1 -1 -1.9297315935280661 546.02 169.81 609.60 212.56 1.490368344244213 1.6694822714389705 4.0138416161165615 -1000 -1000 -1000 -1.1443334301306178 0.96563643
