Pedestrian 0.07 0 -1.271125123896871 852.64 136.08 959.31 373.00 1.6893262057009888 0.7217234800842476 0.6284692553589248 2.27 1.45 5.65 -0.8890938928275985 0.9709661
Pedestrian 0.00 0 0.9742210070278983 1007.57 115.40 1080.57 320.25 1.7571548991281343 0.6887649315682125 1.0316710291216278 4.50 1.33 7.57 1.5105509487924556 0.6725228
Pedestrian 0.81 0 -2.6875228444722037 1218.25 123.54 1237.00 321.17 1.8160681924227429 0.6473657003876638 0.7925767270634079 6.22 1.31 6.78 -1.9451749889593388 0.5993729
Person_sitting 0.46 1 0.5073364535954337 57.62 238.01 237.86 373.00 1.512613854725511 1.6761902675689602 4.162563489876785 -2.58 1.59 4.05 -0.05987192057563839 0.9863041
Person_sitting 0.32 3 -1.496453725793634 167.99 235.07 299.01 373.00 1.4937608208327007 1.5374403365613365 3.444275157652893 -2.42 1.57 4.67 -1.9745561102937121 0.9754322
Person_sitting 0.00 1 1.95450817147759 344.56 200.41 429.34 293.80 1.4356024194328498 1.6239754960597896 4.1113126148806 -2.95 1.47 9.77 1.6612681785143844 0.94499636
Person_sitting 0.20 3 -1.2997726360943656 200.83 235.50 333.77 373.00 1.4878503236739349 1.4546864621998215 3.699424626432457 -2.52 1.59 5.37 -1.738538503310036 0.9995671
Pedestrian 0.00 0 1.7867238531496863 513.72 162.17 537.38 247.10 1.8181383995715332 0.7307263667967987 1.1607392249414825 -1.85 1.37 15.46 1.6676265174775675 0.99284315
Pedestrian 0.00 1 1.3878274420883994 483.25 164.22 510.91 244.73 1.7370431846383763 0.6823473031905365 0.7575682518789673 -2.41 1.32 15.43 1.2328900109727952 0.99991584
Pedestrian 0.00 0 -1.4669028530505042 577.21 161.67 601.87 232.35 1.843803854138012 0.6978973652508926 0.8842514488631987 -0.46 1.27 18.49 -1.4917760349088154 0.78320336
Pedestrian 0.00 0 -0.5149597684529166 609.68 160.27 626.18 212.88 1.750146836452539 0.63242757872612 0.8315439639398956 0.34 1.13 26.37 -0.5020670433388853 0.9072279
Pedestrian 0.00 0 -1.5247201258924346 629.62 162.20 647.96 230.16 1.7767496550831747 0.689756428757019 0.930361446530571 0.98 1.21 18.30 -1.4712193176078694 0.6783197
Pedestrian 0.00 2 -1.4594953889634947 698.63 155.80 719.30 215.36 1.7307702297720862 0.7254588435676765 0.843123011828413 3.14 1.02 22.27 -1.3194218876420432 0.52901345
Car 0.00 0 1.7186519811537604 541.78 167.16 572.66 191.29 1.4994181081472349 1.5607994788051986 4.174857067070999 -2.97 0.63 49.31 1.6584934680927133 0.9594977
Pedestrian 0.00 2 1.6663781339910368 464.39 162.89 505.43 230.99 1.8315274803343964 0.6081945318070126 1.0263175038406753 -3.19 1.32 19.55 1.5046322154573724 0.9977646
Pedestrian 0.00 0 2.03784899512795 660.01 162.33 677.01 223.21 1.8024050606790734 0.6468209325608683 0.7032365469047928 1.72 1.15 20.30 2.122376171017307 0.89293134
DontCare -1 -1 -1.5429569716241698 0.00 227.54 76.92 371.98 1.4656155001191806 1.5951447740854168 3.123945729933777 -1000 -1000 -1000 -0.7575588082267215 0.79848635
DontCare -1 -1 -1.9079501191761832 179.57 204.68 371.80 320.04 1.424598969873638 1.6457930572987938 4.911609547339477 -1000 -1000 -1000 -1.122551955778735 0.9656254
DontCare -1 -1 1.4792236472156386 433.06 184.94 469.46 252.51 1.4875707294611644 1.6050130084813976 3.651851238809624 -1000 -1000 -1000 2.264621810613087 0.9944041
