Car 0.54 0 -2.0565367797997336 822.45 200.26 1241.00 374.00 1.5434461183665704 1.6327172464416766 3.681155817709961 2.96 1.67 5.45 -1.558991626110035 0.99943703
Car 0.84 0 1.3296053866532187 0.00 203.64 124.11 374.00 1.7217078659503173 1.5032760643125915 3.464312808714905 -6.64 1.74 6.18 0.5083411749595007 0.86068916
Car 0.36 3 -1.5766658737000565 0.00 190.95 260.36 334.95 1.4689733836619567 1.64270486800982 2.846190588675537 -6.34 1.72 8.44 -2.220924845175075 0.999959
Car 0.00 2 -1.4230900416758399 12.40 187.73 322.16 296.04 1.5787930156855297 1.7581460618139648 3.9756620993242646 -6.62 1.74 10.95 -1.9668602866773597 0.98040545
Car 0.00 2 -1.4577229852464537 132.06 177.32 369.73 271.96 1.5127162322221708 1.7182418622733497 3.826637869827547 -6.64 1.74 13.41 -1.9174853776935636 0.9786178
Car 0.00 0 -1.889576599993978 684.27 182.04 807.32 261.61 1.5002151898859453 1.499193578279152 3.3597963919268037 2.65 1.63 15.23 -1.717302657648348 0.7593016
Car 0.00 1 -0.17027469078568025 298.22 185.12 475.51 244.75 1.5894555155007553 1.731420866465702 4.192423420153656 -5.86 1.82 19.06 -0.4685523997517681 0.7534098
Car 0.00 2 1.6368780518558363 664.22 180.22 728.42 221.59 1.483536426332445 1.687606997108593 4.027241679035225 2.98 1.63 25.98 1.7510825554482181 0.5089362
Car 0.00 2 -1.3252792368319373 326.46 179.10 461.98 233.67 1.5297427907405805 1.6499302995116853 3.7342303117142106 -6.42 1.74 21.58 -1.6144387495517467 0.99635834
Car 0.00 2 -1.6835337291148047 362.20 170.59 471.65 224.26 1.5047203603951644 1.682217567479744 3.5328115095720674 -6.42 1.65 24.07 -1.944187836529361 0.99970883
Car 0.00 1 -1.5883577159282307 643.13 171.50 677.28 201.09 1.4978637326328468 1.6017736897529506 3.9335703422651673 3.09 1.71 45.49 -1.5205348842766895 0.9047343
DontCare -1 -1 0.7166524688389639 476.23 159.40 641.90 209.44 1.507955706101508 1.7781237357021713 4.659965949259796 -1000 -1000 -1000 1.5020506322364122 0.9580909
