Car 1.00 0 1.6276400024679045 0.00 235.92 196.79 373.00 1.506345574167223 1.721137902951374 4.017438443504371 -2.97 1.78 2.09 0.6700510245475171 0.71789604
Pedestrian 0.00 0 -1.7921473244812827 762.24 164.80 812.61 289.54 1.809504379928465 0.7283910270121765 1.1700874982187652 2.51 1.40 9.81 -1.5416597350479595 0.65086406
Cyclist 0.00 0 1.736799151697431 445.01 164.86 483.98 228.46 1.8140302966703032 0.5978217066436005 2.0105508817757034 -3.88 1.27 20.40 1.548847965362468 0.99949515
Pedestrian 0.00 2 1.0284885327008109 646.08 161.55 672.31 224.84 1.7865361938629103 0.6727939023909044 0.924833909214487 1.49 1.13 19.08 1.1064226083549715 0.8700121
Cyclist 0.00 0 1.9293233017113547 395.74 163.71 439.46 238.76 1.7391966069471394 0.5768557523547602 1.5607745303238296 -4.48 1.31 17.54 1.679253578604122 0.9996692
Van 0.00 1 1.6663600216296057 540.13 140.52 586.76 198.15 2.1428545001079655 1.93319610004179 4.8366375992238995 -1.93 0.73 35.11 1.6114451953887676 0.9770486
DontCare -1 -1 2.1000154773381094 0.00 229.61 165.22 372.00 1.5161320049135398 1.6497073148102903 4.0887048413381955 -1000 -1000 -1000 2.8854136407355577 0.7634525
DontCare -1 -1 1.7320935736086707 487.08 157.93 533.87 193.29 1.5113869461981964 1.6229998462559128 3.6859873106108094 -1000 -1000 -1000 2.517491737006119 0.8445757
DontCare -1 -1 -1.7325390736248831 370.72 165.20 394.65 215.11 1.5486742205737543 1.669446978038683 3.7845956852064515 -1000 -1000 -1000 -0.9471409102274349 0.9183692
DontCare -1 -1 1.5338216247644763 586.81 152.74 616.98 204.72 1.445281662401409 1.6267946299822473 3.822109835349121 -1000 -1000 -1000 2.3192197881619245 0.68512374
