Car 0.600000 0.000000 2.140000 -288.848296 192.048145 278.012930 486.280443 1.490000 1.520000 3.350000 -3.600000 1.680000 5.550000 1.564575
Car 0.470000 0.000000 -2.060000 807.869303 183.114332 1281.319813 456.843392 1.530000 1.650000 4.370000 3.610000 1.650000 6.400000 -1.546424
Car 0.000000 0.000000 1.850000 277.391488 169.062415 447.598458 283.589866 1.740000 1.650000 4.180000 -3.750000 1.680000 13.050000 1.570183
Car 0.000000 0.000000 1.920000 456.022808 176.256643 552.658603 242.728183 1.640000 1.450000 3.480000 -2.320000 1.740000 19.850000 1.803651
Car 0.000000 1.000000 -1.740000 738.019880 177.957229 860.375092 279.127434 1.610000 1.680000 4.040000 3.920000 1.720000 13.790000 -1.463042
Car 0.000000 1.000000 -1.620000 729.873462 179.346902 798.312910 246.028193 1.520000 1.580000 4.280000 4.500000 1.710000 19.130000 -1.388968
Car 0.000000 0.000000 1.910000 623.052640 176.894753 693.598089 216.961388 1.540000 1.640000 4.080000 2.600000 1.720000 30.370000 1.995403
Van 0.000000 1.000000 -1.990000 958.230500 151.529235 1033.308614 197.926726 2.040000 1.720000 3.790000 18.400000 1.100000 33.680000 -1.489988
Van 0.000000 1.000000 -1.880000 896.726906 153.310287 961.993363 194.264659 1.860000 1.750000 4.110000 15.850000 0.970000 34.910000 -1.453804
Truck 0.000000 3.000000 -1.440000 800.975941 140.738415 847.577892 179.887418 3.520000 2.890000 10.810000 21.560000 0.630000 70.390000 -1.142779
DontCare -1.000000 -1.000000 -10.000000 709.320000 170.060000 735.180000 191.970000 -1.000000 -1.000000 -1.000000 -1000.000000 -1000.000000 -1000.000000 -9.214602
DontCare -1.000000 -1.000000 -10.000000 568.940000 176.060000 593.980000 187.560000 -1.000000 -1.000000 -1.000000 -1000.000000 -1000.000000 -1000.000000 -9.214602
DontCare -1.000000 -1.000000 -10.000000 738.730000 152.100000 793.980000 192.770000 -1.000000 -1.000000 -1.000000 -1000.000000 -1000.000000 -1000.000000 -9.214602
DontCare -1.000000 -1.000000 -10.000000 883.520000 154.190000 930.440000 179.230000 -1.000000 -1.000000 -1.000000 -1000.000000 -1000.000000 -1000.000000 -9.214602
