Car 0.250000 0.000000 1.940000 -5.787594 199.410596 390.841419 434.951378 1.460000 1.620000 4.040000 -3.000000 1.790000 6.980000 1.534071
Car 0.800000 1.000000 2.260000 -495.585374 207.785845 148.613489 480.797943 1.460000 1.580000 3.720000 -5.440000 1.850000 6.220000 1.541398
Cyclist 0.970000 0.000000 2.340000 1112.460699 199.220292 1590.864564 548.736691 1.550000 0.570000 1.730000 4.040000 1.690000 3.570000 3.187081
Car 0.000000 2.000000 1.680000 458.711234 187.376576 532.813877 250.231484 1.570000 1.600000 3.990000 -2.730000 2.030000 20.960000 1.550481
Car 0.000000 1.000000 1.660000 517.402712 187.617993 561.589930 226.439112 1.520000 1.540000 3.680000 -2.530000 2.200000 31.500000 1.579855
Van 0.000000 1.000000 1.630000 539.115207 171.899312 576.293121 212.834624 2.470000 1.980000 5.810000 -2.790000 2.410000 46.440000 1.569995
Car 0.000000 1.000000 -0.160000 653.943695 182.888282 775.734955 230.065610 1.620000 1.650000 4.140000 4.190000 1.990000 25.950000 0.000083
Car 0.000000 2.000000 -0.110000 646.058537 184.972911 750.787908 221.604303 1.550000 1.660000 4.470000 4.350000 2.100000 32.000000 0.025109
Car 0.000000 1.000000 -0.010000 627.900757 180.494335 704.525176 212.372711 1.690000 1.760000 4.120000 3.590000 2.120000 39.790000 0.079980
Van 0.000000 1.000000 1.610000 566.410498 175.297027 590.804137 200.245865 2.130000 1.910000 6.400000 -2.280000 2.360000 65.430000 1.575168
Van 0.000000 1.000000 1.770000 349.501553 169.926845 499.534571 289.829138 1.950000 1.750000 4.630000 -2.890000 1.900000 14.050000 1.567136
Cyclist 0.000000 1.000000 1.090000 936.482233 168.329493 1009.012282 255.095883 1.680000 0.530000 1.960000 7.950000 1.590000 14.950000 1.578741
