Car 0.000000 0.000000 -1.570000 576.740714 177.581242 638.112430 227.843180 1.360000 1.690000 3.380000 0.450000 1.510000 21.550000 -1.549121
Car 0.000000 0.000000 -2.240000 278.090614 179.981641 466.183203 265.590930 1.400000 1.600000 3.550000 -4.100000 1.550000 13.750000 -2.529788
Car 0.000000 2.000000 -2.140000 393.432130 176.602622 496.824955 229.695240 1.460000 1.490000 3.400000 -4.550000 1.580000 21.820000 -2.345578
Car 0.000000 2.000000 -2.250000 421.220020 174.276013 522.129919 219.197428 1.430000 1.620000 3.470000 -4.310000 1.480000 24.830000 -2.421868
Car 0.000000 2.000000 -2.240000 462.369164 172.202222 544.171541 204.549071 1.370000 1.550000 3.960000 -4.360000 1.340000 32.490000 -2.373398
Van 0.000000 3.000000 -2.280000 507.243094 157.435461 577.222503 194.169815 2.210000 1.820000 4.690000 -3.840000 1.280000 45.700000 -2.363829
Pedestrian 0.290000 3.000000 -2.060000 877.163460 188.739196 1060.636535 448.825160 1.540000 0.840000 0.750000 2.770000 1.650000 4.710000 -1.528369
Car 0.000000 1.000000 -1.980000 792.423616 188.843308 1031.411143 329.121455 1.410000 1.610000 3.710000 4.160000 1.660000 9.530000 -1.568416
Car 0.000000 1.000000 -1.830000 731.798716 184.964332 854.734057 264.291116 1.360000 1.590000 3.850000 4.100000 1.640000 14.890000 -1.561306
Car 0.000000 2.000000 -1.780000 703.592405 170.574201 794.942559 238.645601 1.720000 1.790000 3.940000 4.260000 1.660000 20.200000 -1.572155
Pedestrian 0.000000 0.000000 -1.880000 675.621271 173.559053 698.406371 209.941215 1.610000 0.740000 1.080000 3.960000 1.640000 32.550000 -1.758936
Car 0.000000 2.000000 -0.380000 765.404602 171.737856 869.787289 211.595929 1.700000 1.770000 4.060000 9.600000 1.650000 31.830000 -0.087074
Car 0.070000 3.000000 2.260000 -56.568129 178.619689 224.306069 282.481555 1.410000 1.580000 3.900000 -7.940000 1.520000 12.040000 1.676997
Car 0.000000 1.000000 2.190000 170.365738 175.226774 321.446791 242.828971 1.440000 1.580000 3.250000 -8.060000 1.500000 17.230000 1.752452
Car 0.000000 2.000000 -1.560000 592.422909 172.265517 628.036598 204.668822 1.520000 1.670000 3.610000 0.550000 1.490000 35.670000 -1.544582
Car 0.000000 2.000000 1.900000 269.323790 176.308385 362.521113 229.478381 1.450000 1.470000 3.520000 -8.240000 1.560000 21.690000 1.536942
Van 0.000000 3.000000 -0.480000 870.837374 156.001169 1028.395055 214.948088 2.510000 2.460000 5.850000 15.450000 1.790000 32.040000 -0.030686
Car 0.380000 3.000000 2.230000 -91.360594 171.584815 90.924147 241.928992 1.530000 1.530000 3.450000 -14.040000 1.500000 17.430000 1.551910
DontCare -1.000000 -1.000000 -10.000000 362.690000 159.400000 400.230000 185.480000 -1.000000 -1.000000 -1.000000 -1000.000000 -1000.000000 -1000.000000 -9.214602
