Car 0.000000 0.000000 -1.450000 660.971993 174.799112 692.733288 196.428167 1.320000 1.480000 4.440000 4.880000 1.450000 46.780000 -1.346058
Truck 0.000000 2.000000 2.180000 -1.193865 82.027813 440.155921 269.499741 4.020000 2.600000 16.790000 -10.050000 2.070000 23.950000 1.782691
Car 0.000000 0.000000 -1.440000 690.363133 172.281269 732.586992 201.742517 1.420000 1.560000 4.160000 5.750000 1.390000 36.990000 -1.285787
Car 0.000000 0.000000 -1.080000 317.109665 182.137606 535.859486 304.106708 1.450000 1.590000 3.440000 -2.040000 1.610000 10.740000 -1.267708
Car 0.160000 0.000000 -0.700000 -107.800402 182.520790 292.486758 333.230260 1.510000 1.610000 4.310000 -6.070000 1.670000 9.820000 -1.253641
Car 0.000000 2.000000 1.830000 474.543366 182.163915 510.303958 207.315216 1.440000 1.350000 3.230000 -6.670000 2.030000 44.230000 1.680325
Tram 0.000000 2.000000 1.220000 586.599255 159.272932 646.042547 189.441360 3.460000 2.570000 14.660000 1.050000 1.900000 90.090000 1.231654
DontCare -1.000000 -1.000000 -10.000000 793.510000 157.300000 945.870000 170.750000 -1.000000 -1.000000 -1.000000 -1000.000000 -1000.000000 -1000.000000 -9.214602
DontCare -1.000000 -1.000000 -10.000000 1028.400000 157.200000 1236.320000 176.320000 -1.000000 -1.000000 -1.000000 -1000.000000 -1000.000000 -1000.000000 -9.214602
DontCare -1.000000 -1.000000 -10.000000 488.730000 168.770000 508.560000 181.310000 -1.000000 -1.000000 -1.000000 -1000.000000 -1000.000000 -1000.000000 -9.214602
