Car 0.000000 0.000000 1.960000 125.296844 188.816387 399.883480 347.120723 1.460000 1.500000 3.880000 -3.490000 1.700000 9.000000 1.590074
Car 0.000000 0.000000 -1.910000 740.490541 182.217515 958.101047 336.915372 1.460000 1.550000 3.190000 3.090000 1.590000 8.600000 -1.565062
Van 0.000000 1.000000 1.800000 310.689862 152.702266 465.285030 275.067313 2.050000 1.790000 4.470000 -3.690000 1.710000 14.340000 1.548142
Car 0.000000 1.000000 -1.790000 688.987494 179.398138 828.097100 274.385058 1.440000 1.690000 4.450000 3.040000 1.580000 13.470000 -1.568032
Car 0.000000 2.000000 -1.580000 688.799611 177.231696 756.051310 235.486239 1.420000 1.660000 3.710000 3.600000 1.550000 19.850000 -1.400590
Van 0.000000 2.000000 -2.650000 101.560948 143.092586 352.004543 230.605937 2.610000 2.210000 6.750000 -11.400000 1.720000 22.710000 -3.115232
Car 0.000000 2.000000 -1.350000 709.345593 165.037523 792.300565 220.282098 1.750000 1.840000 4.430000 5.510000 1.500000 25.250000 -1.135150
Van 0.000000 0.000000 -1.610000 603.730048 163.711501 634.944139 197.383337 1.980000 1.800000 4.540000 1.030000 1.440000 44.710000 -1.586967
Van 0.000000 2.000000 -0.310000 772.000749 148.565368 907.259053 199.134801 2.660000 2.130000 6.640000 12.820000 1.380000 39.040000 0.007287
Car 0.000000 0.000000 -1.450000 485.889523 174.269794 523.512605 199.600856 1.480000 1.710000 4.650000 -5.970000 1.570000 44.750000 -1.582625
DontCare -1.000000 -1.000000 -10.000000 557.590000 163.850000 594.350000 192.560000 -1.000000 -1.000000 -1.000000 -1000.000000 -1000.000000 -1000.000000 -9.214602
DontCare -1.000000 -1.000000 -10.000000 655.440000 147.100000 696.740000 182.920000 -1.000000 -1.000000 -1.000000 -1000.000000 -1000.000000 -1000.000000 -9.214602
