Car 0.000000 0.000000 -1.600000 577.810069 181.755281 645.539225 247.668921 1.560000 1.650000 3.690000 0.520000 1.820000 19.420000 -1.573230
Car 0.000000 0.000000 -1.110000 744.320897 172.967660 936.999804 271.500846 1.540000 1.720000 3.880000 4.810000 1.540000 13.240000 -0.761532
Car 0.000000 1.000000 -0.980000 689.806541 179.338051 787.280301 229.390078 1.520000 1.490000 3.460000 4.830000 1.750000 24.110000 -0.782285
Car 0.000000 2.000000 -0.910000 660.968818 181.315659 744.732662 217.077168 1.390000 1.610000 3.650000 4.490000 1.770000 30.760000 -0.765055
Car 0.000000 1.000000 2.030000 114.960960 192.724780 315.550116 291.229569 1.520000 1.650000 4.100000 -6.900000 1.960000 14.010000 1.572366
Car 0.000000 0.000000 1.810000 440.076183 182.907289 497.590844 222.629584 1.600000 1.600000 3.770000 -5.690000 2.070000 31.970000 1.633865
Car 0.000000 1.000000 1.760000 519.229254 181.070856 556.152512 206.980554 1.610000 1.700000 3.970000 -4.280000 2.180000 48.200000 1.671436
Car 0.000000 2.000000 2.010000 224.374690 191.219812 340.894421 243.330441 1.450000 1.650000 4.630000 -10.250000 2.120000 24.070000 1.607417
Car 0.000000 1.000000 1.920000 314.297673 181.197417 387.623940 228.613074 1.810000 1.590000 3.930000 -10.260000 2.180000 30.220000 1.592701
Car 0.000000 1.000000 1.760000 575.446880 180.515337 603.938774 196.922109 1.450000 1.840000 4.590000 -1.370000 2.200000 68.440000 1.739985
Car 0.000000 1.000000 1.920000 401.316242 183.347136 456.224488 213.810294 1.560000 1.620000 4.190000 -9.630000 2.180000 40.620000 1.687222
Car 0.000000 2.000000 2.000000 479.395187 184.144409 526.393312 205.328878 1.420000 1.670000 4.530000 -7.350000 2.290000 53.340000 1.863067
Car 0.000000 1.000000 2.270000 53.412891 187.228873 178.566900 240.412514 1.470000 1.480000 3.210000 -14.810000 1.950000 22.530000 1.688478
Car 0.000000 2.000000 2.450000 75.318138 185.173758 193.238856 221.712907 1.470000 1.780000 4.340000 -21.080000 2.070000 32.940000 1.880721
Car 0.000000 2.000000 -1.420000 643.583690 178.883510 668.700491 194.710717 1.500000 1.890000 4.100000 5.170000 2.120000 72.270000 -1.348584
