Car 0.800000 0.000000 -2.090000 965.798879 181.345059 1554.429545 523.123551 1.570000 1.650000 3.350000 4.430000 1.650000 5.200000 -1.384391
Car 0.000000 0.000000 1.950000 317.545787 184.919440 520.701957 296.412817 1.430000 1.700000 3.950000 -2.390000 1.660000 11.800000 1.750161
Pedestrian 0.000000 2.000000 1.410000 836.983286 160.017915 865.078594 221.741214 1.960000 0.720000 1.090000 8.330000 1.550000 23.510000 1.750516
Car 0.000000 0.000000 -1.780000 799.573151 178.098856 900.177473 252.969268 1.510000 1.600000 3.240000 5.850000 1.640000 16.500000 -1.439282
Car 0.000000 2.000000 -1.690000 785.704663 177.988388 859.279786 231.742053 1.450000 1.740000 4.100000 6.870000 1.620000 22.050000 -1.387968
Car 0.000000 0.000000 1.800000 541.417169 179.104508 620.074714 231.690744 1.540000 1.680000 3.790000 -0.380000 1.760000 23.640000 1.783927
Car 0.000000 2.000000 1.770000 584.941178 178.752634 639.709195 218.953050 1.490000 1.520000 3.350000 0.640000 1.740000 29.070000 1.792012
Car 0.000000 1.000000 -1.670000 772.572305 178.059564 825.417980 221.041567 1.530000 1.650000 4.370000 7.880000 1.750000 28.530000 -1.400518
Car 0.000000 1.000000 1.920000 654.868034 175.473326 698.593932 204.595853 1.640000 1.450000 3.480000 4.500000 1.800000 42.850000 2.024634
DontCare -1.000000 -1.000000 -10.000000 737.690000 163.560000 790.860000 197.980000 -1.000000 -1.000000 -1.000000 -1000.000000 -1000.000000 -1000.000000 -9.214602
DontCare -1.000000 -1.000000 -10.000000 135.600000 185.440000 196.060000 202.150000 -1.000000 -1.000000 -1.000000 -1000.000000 -1000.000000 -1000.000000 -9.214602
DontCare -1.000000 -1.000000 -10.000000 796.020000 162.520000 862.730000 183.400000 -1.000000 -1.000000 -1.000000 -1000.000000 -1000.000000 -1000.000000 -9.214602
DontCare -1.000000 -1.000000 -10.000000 879.350000 165.650000 931.480000 182.360000 -1.000000 -1.000000 -1.000000 -1000.000000 -1000.000000 -1000.000000 -9.214602
