Car 0.000000 0.000000 -1.590000 577.213393 175.189203 625.129579 220.857606 1.560000 1.650000 3.690000 0.160000 1.650000 26.690000 -1.584005
Car 0.970000 0.000000 -1.550000 1060.669315 188.923220 1676.120416 702.632745 1.410000 1.600000 4.090000 4.640000 1.540000 4.020000 -0.693130
Car 0.000000 1.000000 1.810000 371.253292 184.981668 442.244590 225.862692 1.370000 1.640000 3.920000 -7.110000 1.860000 27.320000 1.555399
Car 0.000000 0.000000 -1.010000 712.066798 170.185966 894.234058 253.693317 1.490000 1.590000 4.090000 4.540000 1.440000 14.810000 -0.712545
Car 0.000000 2.000000 -0.960000 665.798444 175.082635 792.536818 227.483860 1.400000 1.630000 4.050000 4.100000 1.470000 21.440000 -0.771050
Car 0.000000 2.000000 -0.930000 669.067331 169.752850 757.678079 212.207260 1.610000 1.670000 3.650000 4.720000 1.490000 29.230000 -0.769904
Van 0.000000 1.000000 -0.950000 641.353578 164.578230 726.068970 204.718185 1.880000 1.820000 4.640000 4.250000 1.490000 36.120000 -0.832875
Car 0.000000 2.000000 -0.870000 637.496720 173.529874 703.723902 199.699933 1.490000 1.630000 4.160000 4.170000 1.530000 43.220000 -0.773815
Car 0.000000 1.000000 1.850000 384.316880 175.982313 435.853106 206.575127 1.670000 1.680000 4.490000 -11.090000 1.860000 42.110000 1.592489
Van 0.000000 1.000000 1.740000 531.425303 161.383899 561.756507 188.796724 2.910000 2.180000 6.910000 -6.450000 1.690000 80.130000 1.659679
Car 0.000000 2.000000 1.830000 417.660189 175.592086 457.994060 201.165034 1.630000 1.580000 4.200000 -11.030000 1.820000 48.570000 1.606692
Car 0.000000 0.000000 1.770000 484.772496 177.066776 510.871361 192.439671 1.450000 1.650000 4.630000 -10.590000 1.880000 71.700000 1.623361
Car 0.000000 1.000000 1.850000 365.118141 177.548436 396.794907 199.882265 1.470000 1.290000 2.950000 -15.210000 1.800000 49.600000 1.552451
Car 0.000000 2.000000 1.430000 126.930726 178.763175 166.434186 204.197270 1.480000 1.590000 3.660000 -28.280000 1.860000 44.780000 0.866717
