Car 0.500000 1.000000 -2.200000 1051.845950 148.415595 1357.688906 280.443356 2.040000 1.990000 4.820000 11.180000 1.660000 13.610000 -1.512313
Car 0.940000 0.000000 -2.280000 -946.956790 192.863390 15.590129 461.222073 1.480000 1.560000 4.120000 -6.370000 1.640000 4.980000 -3.187258
Car 0.580000 1.000000 -2.470000 -320.057807 184.805955 154.991647 346.423427 1.510000 1.590000 3.500000 -6.660000 1.650000 7.730000 -3.181178
Car 0.190000 3.000000 -2.570000 -119.385362 162.793193 300.140557 299.980614 1.740000 1.750000 4.570000 -6.490000 1.610000 10.030000 -3.144305
Car 0.000000 2.000000 0.450000 209.356065 167.750565 417.929057 249.325820 1.720000 1.680000 4.020000 -6.090000 1.610000 16.230000 0.091027
Car 0.000000 2.000000 -2.850000 252.864134 178.234626 441.423576 236.676541 1.410000 1.420000 4.270000 -6.090000 1.550000 18.320000 -3.170932
Car 0.000000 2.000000 -2.670000 63.566078 177.126386 343.252440 266.056677 1.500000 1.650000 4.140000 -6.730000 1.580000 13.080000 -3.145201
Car 0.000000 1.000000 0.200000 440.372546 175.153217 539.077578 205.100087 1.380000 1.660000 4.380000 -5.180000 1.490000 34.330000 0.050241
Car 0.000000 1.000000 0.990000 983.065467 162.879833 1132.367416 225.869467 1.690000 1.730000 4.300000 13.620000 1.420000 21.520000 1.554260
Car 0.000000 2.000000 -0.090000 656.464609 175.456187 760.725282 212.391354 1.480000 1.860000 4.180000 4.530000 1.590000 30.110000 0.059328
DontCare -1.000000 -1.000000 -10.000000 610.600000 166.690000 623.140000 193.810000 -1.000000 -1.000000 -1.000000 -1000.000000 -1000.000000 -1000.000000 -9.214602
