Car 0.060000 1.000000 2.040000 -3.752236 201.955011 354.631643 386.719585 1.420000 1.670000 3.800000 -3.910000 1.820000 8.060000 1.588334
Car 1.000000 0.000000 2.560000 -27812.780431 208.450336 25.175107 9712.409573 1.550000 1.710000 4.500000 -4.090000 1.780000 2.420000 1.523488
Car 0.000000 0.000000 1.250000 791.573632 166.551792 961.855060 263.404505 1.500000 1.710000 4.440000 5.180000 1.400000 13.430000 1.618122
Car 0.000000 1.000000 1.860000 317.024869 185.592707 461.279310 279.323856 1.540000 1.630000 3.590000 -3.680000 1.820000 14.170000 1.605910
Car 0.000000 1.000000 1.760000 435.458983 186.533163 514.629381 244.304455 1.420000 1.460000 3.630000 -3.240000 1.840000 20.440000 1.602795
Car 0.000000 1.000000 1.690000 471.100263 186.010706 535.070851 232.558688 1.430000 1.660000 4.190000 -3.190000 1.930000 25.450000 1.565306
Car 0.000000 0.000000 -1.500000 648.276686 178.271967 707.773311 228.888012 1.580000 1.710000 3.750000 2.910000 1.780000 24.950000 -1.383891
Car 0.000000 2.000000 -0.260000 766.081845 166.010368 962.230104 230.710155 1.490000 1.570000 4.260000 6.550000 1.330000 17.600000 0.096278
Car 0.000000 1.000000 -1.220000 666.408791 180.107670 732.697625 220.824975 1.510000 1.580000 3.310000 4.170000 1.820000 29.240000 -1.078342
Car 0.000000 1.000000 -1.000000 704.579367 175.398305 772.300092 212.718975 1.610000 1.600000 3.110000 6.400000 1.730000 33.030000 -0.808608
DontCare -1.000000 -1.000000 -10.000000 528.310000 185.440000 570.020000 209.440000 -1.000000 -1.000000 -1.000000 -1000.000000 -1000.000000 -1000.000000 -9.214602
