Car 0.000000 0.000000 -1.510000 712.793423 170.961455 744.071114 196.463891 1.450000 1.590000 3.440000 7.570000 1.340000 42.880000 -1.335261
Car 0.000000 0.000000 -1.360000 627.436636 172.703493 674.603640 202.587096 1.510000 1.610000 4.310000 2.760000 1.500000 38.750000 -1.288894
Car 0.000000 1.000000 2.080000 326.199640 183.841124 402.187405 224.818804 1.440000 1.350000 3.230000 -8.970000 1.890000 27.990000 1.769869
Car 0.000000 1.000000 1.850000 478.879225 180.637092 516.398418 205.805460 1.460000 1.370000 3.450000 -6.430000 1.960000 44.770000 1.707353
Tram 0.000000 2.000000 1.210000 592.176436 157.766916 654.750757 189.070078 3.460000 2.570000 14.660000 1.870000 1.790000 87.090000 1.231469
DontCare -1.000000 -1.000000 -10.000000 295.660000 191.520000 329.090000 204.160000 -1.000000 -1.000000 -1.000000 -1000.000000 -1000.000000 -1000.000000 -9.214602
DontCare -1.000000 -1.000000 -10.000000 539.770000 177.850000 560.710000 194.470000 -1.000000 -1.000000 -1.000000 -1000.000000 -1000.000000 -1000.000000 -9.214602
DontCare -1.000000 -1.000000 -10.000000 692.000000 171.260000 713.240000 188.010000 -1.000000 -1.000000 -1.000000 -1000.000000 -1000.000000 -1000.000000 -9.214602
DontCare -1.000000 -1.000000 -10.000000 790.290000 158.140000 941.380000 171.030000 -1.000000 -1.000000 -1.000000 -1000.000000 -1000.000000 -1000.000000 -9.214602
DontCare -1.000000 -1.000000 -10.000000 1033.200000 158.250000 1238.120000 174.180000 -1.000000 -1.000000 -1.000000 -1000.000000 -1000.000000 -1000.000000 -9.214602
DontCare -1.000000 -1.000000 -10.000000 194.980000 193.770000 287.730000 221.940000 -1.000000 -1.000000 -1.000000 -1000.000000 -1000.000000 -1000.000000 -9.214602
DontCare -1.000000 -1.000000 -10.000000 929.350000 158.350000 1030.430000 177.140000 -1.000000 -1.000000 -1.000000 -1000.000000 -1000.000000 -1000.000000 -9.214602
