Car 0.270000 0.000000 2.500000 821.858359 130.035576 1329.235670 303.269913 1.730000 1.740000 4.710000 5.500000 1.300000 8.190000 3.091376
Car 0.680000 3.000000 -0.760000 1170.547393 141.299808 1340.916176 187.523921 1.520000 1.600000 4.420000 22.390000 0.480000 24.570000 -0.020991
Car 0.000000 1.000000 1.730000 323.134128 176.180112 430.267755 249.801342 1.580000 1.760000 4.180000 -5.130000 1.670000 17.860000 1.450296
Car 0.000000 0.000000 1.750000 393.639545 172.463949 520.329406 257.090147 1.650000 1.880000 4.450000 -2.780000 1.640000 16.300000 1.581073
Car 0.000000 0.000000 -0.350000 802.405614 144.875167 947.887392 198.162571 1.900000 1.780000 4.720000 10.190000 0.900000 26.650000 0.015211
Car 0.000000 1.000000 -2.090000 956.518957 145.266132 1028.578649 183.242555 1.800000 1.650000 3.550000 19.490000 0.490000 35.990000 -1.593676
Van 0.000000 2.000000 -2.070000 1075.044933 133.414779 1161.888362 177.972785 2.110000 1.750000 4.310000 26.020000 0.240000 36.410000 -1.449517
Car 0.000000 2.000000 -2.130000 995.606083 144.881229 1075.964060 179.177859 1.640000 1.700000 3.910000 21.910000 0.300000 36.470000 -1.589016
Car 0.000000 2.000000 1.770000 390.625586 178.659279 472.603808 231.007376 1.550000 1.710000 4.500000 -5.350000 1.760000 24.130000 1.551814
Car 0.000000 1.000000 1.450000 647.432486 166.913939 691.428915 199.010228 1.500000 1.710000 4.440000 3.390000 1.220000 35.960000 1.543994
Car 0.000000 1.000000 -1.460000 591.272633 172.255681 624.097400 197.394449 1.580000 1.710000 3.750000 0.390000 1.540000 47.310000 -1.451757
Car 0.000000 0.000000 -1.020000 553.015791 165.918318 586.867961 181.318471 1.660000 1.650000 4.450000 -3.890000 0.910000 80.120000 -1.068514
