Car 0.000000 0.000000 -1.570000 586.293306 176.567127 610.171525 199.404649 1.540000 1.630000 3.670000 -0.310000 1.810000 51.090000 -1.576068
Car 0.000000 0.000000 1.680000 495.205296 179.889807 545.797478 218.976810 1.450000 1.590000 3.590000 -3.070000 1.750000 29.210000 1.575283
Car 0.000000 0.000000 -1.870000 715.826755 183.192505 894.031055 316.262132 1.480000 1.470000 3.700000 3.000000 1.650000 10.170000 -1.583150
Car 0.000000 2.000000 -1.780000 671.146946 176.416774 787.341140 270.259740 1.640000 1.640000 3.890000 2.760000 1.720000 14.720000 -1.594652
Car 0.000000 2.000000 -1.790000 661.209235 174.022913 734.723285 244.903206 1.690000 1.390000 2.650000 2.690000 1.720000 18.620000 -1.646524
Car 0.000000 1.000000 -1.700000 640.797277 178.170068 692.377744 220.035419 1.500000 1.590000 3.790000 2.640000 1.720000 28.260000 -1.606852
Car 0.000000 2.000000 -1.610000 628.971378 176.531168 656.974490 202.796956 1.490000 1.570000 4.070000 2.450000 1.720000 43.550000 -1.553802
Car 0.000000 2.000000 -1.660000 636.604940 176.585725 677.165486 212.995605 1.570000 1.590000 3.750000 2.610000 1.750000 33.380000 -1.581968
Car 0.000000 1.000000 0.190000 383.697014 183.188782 448.244917 206.765022 1.520000 1.510000 3.940000 -12.410000 2.220000 48.160000 -0.062196
Car 0.000000 1.000000 0.370000 296.629065 183.222217 369.226139 207.696657 1.580000 1.560000 4.240000 -17.920000 2.280000 48.070000 0.013169
Pedestrian 0.000000 2.000000 -1.790000 743.016145 160.631946 774.241413 230.669053 1.820000 0.690000 0.680000 4.410000 1.500000 19.090000 -1.562972
