Car 0.000000 0.000000 -1.810000 730.332309 181.418569 869.735605 277.672111 1.430000 1.590000 4.210000 3.760000 1.610000 13.230000 -1.533099
Car 0.000000 0.000000 2.590000 595.979392 173.379092 667.703321 198.132552 1.410000 1.590000 4.010000 1.810000 1.440000 42.840000 2.632225
Pedestrian 0.000000 0.000000 0.160000 472.944877 171.128665 490.368276 215.024461 1.720000 0.740000 0.560000 -4.600000 1.650000 28.640000 0.000746
Cyclist 0.000000 1.000000 3.120000 828.982396 171.945803 895.302530 224.585286 1.600000 0.880000 1.930000 8.390000 1.570000 22.660000 3.474605
Car 0.000000 1.000000 3.010000 788.488924 167.241656 858.282650 192.913399 1.590000 1.640000 4.080000 14.000000 1.240000 45.830000 3.306474
Car 0.000000 1.000000 2.890000 954.094592 164.404668 1045.535967 189.195463 1.460000 1.640000 4.630000 24.110000 0.960000 43.860000 3.392616
Van 0.250000 1.000000 2.680000 1158.626374 156.487867 1255.534517 189.486829 1.830000 1.710000 3.920000 34.590000 0.920000 41.300000 3.377210
Car 0.000000 0.000000 0.140000 372.129875 178.946968 435.849860 204.783626 1.490000 1.590000 3.460000 -11.760000 1.860000 43.090000 -0.126429
Car 0.000000 1.000000 1.010000 238.777999 181.152335 295.728231 206.001937 1.500000 1.620000 3.670000 -21.530000 2.050000 46.350000 0.575146
Car 0.000000 0.000000 1.800000 584.498538 175.500860 606.597135 190.600239 1.450000 1.300000 4.040000 -0.900000 1.720000 72.140000 1.787525
Car 0.000000 0.000000 1.900000 548.538965 175.384012 574.107920 190.791460 1.500000 1.440000 3.690000 -4.370000 1.760000 72.860000 1.840094
DontCare -1.000000 -1.000000 -10.000000 713.580000 171.720000 725.950000 181.670000 -1.000000 -1.000000 -1.000000 -1000.000000 -1000.000000 -1000.000000 -9.214602
DontCare -1.000000 -1.000000 -10.000000 692.250000 170.820000 701.150000 177.500000 -1.000000 -1.000000 -1.000000 -1000.000000 -1000.000000 -1000.000000 -9.214602
DontCare -1.000000 -1.000000 -10.000000 24.150000 185.440000 132.530000 219.860000 -1.000000 -1.000000 -1.000000 -1000.000000 -1000.000000 -1000.000000 -9.214602
