Car 1.000000 0.000000 -2.450000 1077.710000 205.780000 1241.000000 374.000000 1.420000 1.660000 3.710000 2.860000 1.560000 1.570000 -1.381241
Car 0.230000 0.000000 -1.750000 888.856275 139.417198 1199.750657 408.319084 1.750000 1.840000 4.430000 4.230000 1.530000 7.090000 -1.212073
Van 0.000000 0.000000 -1.580000 514.865029 163.491370 569.713894 223.756989 1.980000 1.800000 4.540000 -1.930000 1.670000 26.040000 -1.653981
Van 0.000000 1.000000 -0.540000 817.881040 127.558056 1068.988399 222.609123 2.660000 2.130000 6.640000 10.320000 1.390000 21.560000 -0.093566
Car 0.000000 0.000000 -1.330000 301.616204 182.217711 387.615803 230.301321 1.480000 1.710000 4.650000 -8.760000 1.840000 25.530000 -1.660538
Car 0.000000 0.000000 -1.180000 198.280169 167.615331 304.969770 231.377644 2.040000 1.660000 4.620000 -11.970000 1.870000 25.430000 -1.619937
Car 0.000000 0.000000 -1.510000 443.753002 171.959504 487.769851 205.736486 1.420000 1.640000 3.950000 -5.920000 1.380000 32.390000 -1.690777
Car 0.000000 0.000000 -1.850000 680.174433 172.911741 755.374854 216.059139 1.510000 1.720000 4.500000 4.500000 1.510000 27.590000 -1.688321
Car 0.000000 1.000000 -1.620000 566.104091 164.252143 598.503414 193.639220 1.700000 1.800000 4.500000 -1.240000 1.200000 44.050000 -1.648142
Van 0.000000 0.000000 1.460000 603.925960 149.674839 638.740732 187.898934 2.750000 2.040000 6.050000 1.300000 1.080000 55.010000 1.483628
Car 0.000000 1.000000 -1.900000 733.607688 167.924476 812.754212 213.443567 1.640000 1.730000 4.430000 6.770000 1.460000 28.280000 -1.665030
Van 0.320000 3.000000 0.820000 1108.276263 132.997159 1281.686655 203.631407 2.530000 2.260000 5.420000 23.380000 1.100000 28.620000 1.504968
Truck 0.000000 1.000000 1.530000 559.710763 137.018134 594.700116 190.826080 3.570000 2.250000 7.970000 -1.950000 1.190000 51.930000 1.492467
Misc 0.000000 1.000000 2.060000 76.368151 199.350116 245.059123 237.109657 0.930000 2.390000 5.820000 -14.660000 1.950000 24.880000 1.527539
Car 0.000000 1.000000 -1.020000 20.971301 186.712696 158.194149 237.816759 1.530000 1.610000 4.730000 -17.540000 2.060000 25.310000 -1.626017
Car 0.760000 1.000000 -0.980000 -108.313416 192.498839 18.424702 239.044054 1.400000 1.560000 3.480000 -22.110000 2.130000 25.070000 -1.702742
Misc 0.230000 3.000000 2.120000 -38.788885 190.900672 65.210856 234.018133 1.340000 1.600000 2.680000 -20.130000 2.000000 25.050000 1.443072
Misc 0.410000 3.000000 2.140000 -36.187530 173.687230 25.902637 216.221762 2.020000 1.310000 2.250000 -29.730000 2.060000 35.510000 1.442967
