Pedestrian 0.000000 0.000000 -1.400000 310.533182 158.220658 334.394966 201.950576 1.820000 0.780000 0.940000 -11.450000 0.890000 29.960000 -1.765047
Pedestrian 0.000000 2.000000 -1.330000 412.699058 163.415348 430.496145 195.161986 1.760000 0.690000 1.210000 -9.790000 0.810000 39.800000 -1.571191
Pedestrian 0.000000 1.000000 -1.440000 312.949664 156.037809 325.701789 189.829623 1.930000 0.590000 0.700000 -15.950000 0.530000 40.790000 -1.812747
Car 0.000000 1.000000 -2.160000 946.475919 181.400936 1052.135013 228.571762 1.480000 1.560000 3.330000 13.750000 1.510000 23.960000 -1.639013
Car 0.000000 1.000000 -2.240000 1019.977925 183.614597 1138.087604 228.812258 1.400000 1.590000 3.350000 16.370000 1.510000 23.860000 -1.638674
Car 0.050000 2.000000 0.890000 1084.103112 184.055287 1213.201617 229.765531 1.440000 1.500000 3.800000 19.160000 1.570000 24.480000 1.554090
Pedestrian 0.000000 1.000000 -1.240000 336.190670 154.843431 355.078762 190.978082 2.010000 0.760000 0.840000 -14.050000 0.580000 39.750000 -1.579753
Pedestrian 0.000000 0.000000 -2.100000 360.994774 166.356194 420.789611 255.922359 1.630000 0.550000 1.280000 -3.610000 1.370000 13.510000 -2.361109
Pedestrian 0.000000 0.000000 -2.380000 470.993812 157.811837 535.766926 256.018285 1.850000 0.750000 1.040000 -1.510000 1.420000 13.930000 -2.487978
Cyclist 0.000000 0.000000 -2.200000 647.841523 152.648681 750.169151 269.939443 1.800000 0.690000 2.030000 2.020000 1.370000 11.910000 -2.031993
Cyclist 0.000000 0.000000 2.080000 29.649366 152.049949 180.025914 335.594328 1.790000 0.510000 1.730000 -4.920000 1.510000 7.770000 1.515522
Car 0.000000 0.000000 -1.630000 592.303598 171.772159 627.086244 199.521398 1.390000 1.640000 4.510000 0.720000 0.950000 37.700000 -1.610904
Pedestrian 0.000000 0.000000 1.780000 286.367706 155.992229 306.388981 195.339437 1.890000 0.800000 0.500000 -14.440000 0.710000 34.280000 1.381321
Pedestrian 0.000000 0.000000 -2.680000 209.945750 153.354961 224.359459 197.165745 1.900000 0.530000 0.350000 -16.450000 0.720000 30.930000 -3.168799
Pedestrian 0.000000 2.000000 2.620000 985.253639 173.901857 1009.306059 210.200418 1.800000 0.800000 0.760000 20.190000 1.470000 35.460000 3.137596
DontCare -1.000000 -1.000000 -10.000000 572.250000 170.610000 584.140000 178.680000 -1.000000 -1.000000 -1.000000 -1000.000000 -1000.000000 -1000.000000 -9.214602
DontCare -1.000000 -1.000000 -10.000000 462.910000 174.660000 485.400000 195.010000 -1.000000 -1.000000 -1.000000 -1000.000000 -1000.000000 -1000.000000 -9.214602
