Car 0.780000 0.000000 2.080000 -480.641494 182.384339 354.231109 669.585835 1.630000 1.600000 3.730000 -2.510000 1.710000 4.360000 1.557649
Car 0.990000 0.000000 -2.380000 873.495997 191.192077 3829.155186 2091.102810 1.590000 1.490000 3.340000 2.630000 1.690000 2.330000 -1.534192
Car 0.070000 0.000000 -1.860000 692.451458 190.545658 932.924491 387.878933 1.540000 1.600000 3.520000 2.350000 1.770000 7.710000 -1.564146
Car 0.000000 2.000000 -1.350000 259.609793 187.644483 453.737258 337.054926 1.540000 1.500000 3.480000 -2.640000 1.770000 9.560000 -1.619436
Car 0.000000 2.000000 1.750000 381.961545 188.894080 499.059523 273.172315 1.440000 1.630000 3.320000 -2.820000 1.800000 14.630000 1.559581
Car 0.000000 2.000000 -1.820000 662.137615 181.497227 775.979691 271.968925 1.550000 1.550000 3.270000 2.530000 1.740000 14.370000 -1.645725
Car 0.000000 2.000000 -1.700000 639.152409 183.077752 713.980253 246.242618 1.480000 1.600000 3.790000 2.180000 1.780000 19.430000 -1.588270
Car 0.000000 1.000000 1.710000 500.442903 182.431080 551.326445 223.716759 1.560000 1.550000 3.640000 -2.940000 1.980000 29.970000 1.612215
Car 0.000000 1.000000 1.660000 528.632407 173.091603 571.237012 214.401763 1.910000 1.660000 4.220000 -2.400000 1.920000 35.510000 1.592516
Car 0.000000 1.000000 1.680000 551.895639 176.029533 590.141901 209.956418 1.830000 1.690000 4.280000 -1.690000 2.020000 41.520000 1.639319
DontCare -1.000000 -1.000000 -10.000000 607.880000 180.950000 652.350000 199.640000 -1.000000 -1.000000 -1.000000 -1000.000000 -1000.000000 -1000.000000 -9.214602
