Car 0.000000 0.000000 -1.600000 575.160006 181.137507 640.259009 244.389821 1.560000 1.650000 3.690000 0.410000 1.810000 20.130000 -1.579635
Car 0.000000 0.000000 -1.240000 794.908067 170.275080 1041.012252 314.145120 1.540000 1.720000 3.880000 4.750000 1.510000 9.700000 -0.784634
Car 0.000000 0.000000 -1.010000 697.211857 178.714738 809.268127 237.673748 1.520000 1.490000 3.460000 4.650000 1.700000 20.700000 -0.789030
Car 0.000000 1.000000 -0.920000 663.543899 180.590494 757.706219 221.118534 1.390000 1.610000 3.650000 4.340000 1.700000 27.290000 -0.762288
Car 0.000000 0.000000 1.900000 334.022141 183.319809 431.998892 243.780905 1.600000 1.600000 3.770000 -6.210000 1.940000 21.680000 1.621030
Car 0.000000 1.000000 1.810000 473.674034 180.593143 524.044910 213.571634 1.610000 1.700000 3.970000 -5.330000 2.040000 38.250000 1.671545
Car 0.000000 0.000000 2.070000 143.680189 191.583491 294.017241 254.074744 1.450000 1.650000 4.630000 -10.380000 2.040000 20.480000 1.600899
Car 0.000000 1.000000 1.960000 265.006610 180.233633 353.683152 234.426878 1.810000 1.590000 3.930000 -10.480000 2.100000 26.610000 1.584818
Car 0.000000 0.000000 1.760000 548.753980 180.181536 582.558873 199.664928 1.450000 1.840000 4.590000 -3.000000 2.060000 57.900000 1.708233
Car 0.000000 2.000000 1.940000 377.650973 182.072007 439.523440 215.394611 1.560000 1.620000 4.190000 -9.790000 2.060000 37.150000 1.682332
Car 0.000000 2.000000 2.000000 464.032729 183.104159 514.503665 205.738622 1.420000 1.670000 4.530000 -7.770000 2.160000 49.850000 1.845377
Car 0.280000 1.000000 2.350000 -66.306111 188.334338 98.125710 252.774575 1.470000 1.480000 3.210000 -14.940000 1.910000 18.940000 1.682122
Car 0.000000 2.000000 2.500000 -2.142873 184.809023 138.708002 226.382199 1.470000 1.780000 4.340000 -21.250000 1.990000 29.190000 1.870735
Car 0.000000 1.000000 -1.410000 655.660488 176.896251 680.255676 192.021319 1.500000 1.890000 4.100000 6.570000 1.930000 74.960000 -1.322577
