Cyclist 0.000000 0.000000 -1.280000 804.407473 158.544286 878.532923 282.613943 1.800000 0.560000 1.790000 4.150000 1.590000 11.350000 -0.929462
Pedestrian 0.000000 0.000000 2.920000 724.421194 159.516327 753.380565 244.846259 1.840000 0.720000 0.500000 3.320000 1.550000 15.920000 3.125596
Person_sitting 0.000000 0.000000 1.070000 1010.077506 206.673357 1075.496729 305.893241 1.140000 0.510000 0.500000 5.710000 1.560000 8.740000 1.648704
Person_sitting 0.000000 2.000000 0.990000 1069.281706 211.806517 1137.646040 302.493092 1.050000 0.500000 0.510000 6.520000 1.540000 8.850000 1.624950
Pedestrian 0.000000 1.000000 1.590000 1099.903290 150.905845 1160.902765 292.085873 1.850000 0.650000 0.550000 7.600000 1.560000 9.870000 2.246185
Pedestrian 0.000000 0.000000 -0.680000 906.487410 164.789354 950.241417 258.218045 1.710000 0.570000 0.510000 6.450000 1.560000 13.540000 -0.235437
Pedestrian 0.000000 0.000000 1.290000 891.508158 165.099067 917.891794 248.255275 1.690000 0.390000 0.510000 6.580000 1.530000 14.940000 1.704866
Pedestrian 0.000000 0.000000 -1.180000 272.367306 168.738516 309.848432 240.418458 1.700000 0.450000 1.060000 -7.300000 1.600000 17.640000 -1.572374
Pedestrian 0.000000 0.000000 0.280000 351.107393 167.445185 382.132045 238.197451 1.800000 0.700000 0.580000 -5.820000 1.660000 18.710000 -0.021576
Van 0.000000 1.000000 -1.310000 547.618892 154.167771 606.515217 199.788944 2.460000 2.030000 5.350000 -1.310000 1.450000 41.740000 -1.341374
DontCare -1.000000 -1.000000 -10.000000 4.350000 182.310000 206.480000 245.890000 -1.000000 -1.000000 -1.000000 -1000.000000 -1000.000000 -1000.000000 -9.214602
DontCare -1.000000 -1.000000 -10.000000 266.850000 185.440000 370.020000 228.190000 -1.000000 -1.000000 -1.000000 -1000.000000 -1000.000000 -1000.000000 -9.214602
DontCare -1.000000 -1.000000 -10.000000 422.060000 160.440000 462.730000 210.480000 -1.000000 -1.000000 -1.000000 -1000.000000 -1000.000000 -1000.000000 -9.214602
DontCare -1.000000 -1.000000 -10.000000 493.940000 167.730000 557.520000 208.400000 -1.000000 -1.000000 -1.000000 -1000.000000 -1000.000000 -1000.000000 -9.214602
DontCare -1.000000 -1.000000 -10.000000 788.730000 190.650000 826.270000 234.440000 -1.000000 -1.000000 -1.000000 -1000.000000 -1000.000000 -1000.000000 -9.214602
DontCare -1.000000 -1.000000 -10.000000 771.020000 170.850000 799.190000 199.020000 -1.000000 -1.000000 -1.000000 -1000.000000 -1000.000000 -1000.000000 -9.214602
DontCare -1.000000 -1.000000 -10.000000 1197.100000 183.350000 1224.220000 264.640000 -1.000000 -1.000000 -1.000000 -1000.000000 -1000.000000 -1000.000000 -9.214602
