Car 0.000000 0.000000 -1.590000 563.161269 199.672565 639.125887 266.470239 1.360000 1.690000 3.380000 0.280000 2.080000 17.740000 -1.574218
Car 0.000000 1.000000 2.130000 55.546118 195.070430 220.809023 269.066026 1.590000 1.720000 3.860000 -11.460000 2.220000 18.600000 1.577805
Cyclist 0.000000 3.000000 2.480000 968.314982 190.742117 1164.358675 330.688764 1.680000 0.860000 2.010000 6.300000 1.920000 9.280000 3.076410
Van 0.000000 3.000000 -1.720000 682.517620 164.117924 782.550593 262.838521 2.120000 1.860000 4.410000 3.340000 1.930000 17.730000 -1.533801
Pedestrian 0.000000 0.000000 0.150000 346.272493 179.233142 397.641525 303.855433 1.870000 0.640000 0.650000 -3.210000 1.970000 11.220000 -0.128653
Van 0.000000 3.000000 1.990000 243.399389 187.096258 336.046791 239.133175 1.710000 1.560000 4.120000 -11.330000 2.280000 26.920000 1.591627
Car 0.000000 1.000000 -2.170000 352.103591 190.190267 478.026510 257.047021 1.590000 1.630000 3.640000 -4.950000 2.110000 19.920000 -2.413561
Car 0.000000 2.000000 -2.330000 378.152865 196.874278 495.713239 248.399112 1.410000 1.640000 3.610000 -5.060000 2.230000 23.010000 -2.546459
Car 0.000000 2.000000 -2.300000 411.465852 195.524851 520.838367 240.323115 1.390000 1.610000 4.090000 -4.780000 2.270000 26.190000 -2.480525
Car 0.000000 2.000000 -2.270000 466.250358 193.989111 541.580498 230.494546 1.500000 1.570000 3.540000 -4.460000 2.530000 33.470000 -2.402473
Car 0.000000 2.000000 -2.380000 505.931324 191.736973 562.566491 215.546201 1.400000 1.600000 3.550000 -4.440000 2.670000 46.890000 -2.474408
Car 0.000000 2.000000 -1.700000 664.939349 196.266011 717.855308 236.758216 1.360000 1.630000 4.020000 3.640000 2.350000 28.570000 -1.573276
Car 0.000000 2.000000 -1.560000 570.668731 192.148334 612.741360 232.884933 1.520000 1.670000 3.610000 -0.230000 2.380000 30.440000 -1.567556
Car 0.000000 2.000000 1.990000 289.478659 190.752326 357.506441 221.963183 1.470000 1.770000 4.250000 -14.750000 2.480000 38.640000 1.625343
DontCare -1.000000 -1.000000 -10.000000 553.310000 181.270000 587.730000 200.060000 -1.000000 -1.000000 -1.000000 -1000.000000 -1000.000000 -1000.000000 -9.214602
DontCare -1.000000 -1.000000 -10.000000 624.150000 180.230000 687.730000 202.150000 -1.000000 -1.000000 -1.000000 -1000.000000 -1000.000000 -1000.000000 -9.214602
