Car 0.000000 0.000000 -1.570000 530.456020 172.368083 635.808532 272.042878 1.560000 1.650000 3.690000 0.070000 1.550000 13.140000 -1.564673
Car 0.420000 0.000000 -1.370000 897.176629 174.000007 1278.059029 433.941081 1.450000 1.620000 3.880000 4.570000 1.460000 5.920000 -0.712592
Car 0.000000 2.000000 -1.100000 756.855487 158.368550 1052.697338 309.498857 1.540000 1.730000 4.040000 4.380000 1.390000 9.270000 -0.658600
Car 0.000000 2.000000 -1.080000 744.481731 174.446115 937.422965 265.632059 1.380000 1.560000 3.800000 4.680000 1.410000 12.830000 -0.730228
Car 0.170000 1.000000 2.040000 -68.182714 169.964366 163.927677 265.263640 1.570000 1.710000 4.320000 -10.180000 1.520000 14.150000 1.416349
Van 0.000000 1.000000 1.680000 521.017140 168.282138 549.387507 190.939271 2.020000 1.990000 5.560000 -6.390000 1.610000 67.120000 1.585083
Pedestrian 0.000000 0.000000 -0.880000 698.996974 166.151641 729.245831 214.445253 1.640000 0.630000 0.860000 4.100000 1.410000 25.020000 -0.717575
Pedestrian 0.000000 2.000000 2.680000 946.821921 161.479175 961.225901 206.470887 1.810000 0.510000 0.340000 14.450000 1.350000 29.280000 3.138443
Pedestrian 0.000000 2.000000 2.250000 935.860527 167.933245 944.760774 199.839578 1.800000 0.430000 0.200000 19.240000 1.520000 40.940000 2.689325
DontCare -1.000000 -1.000000 -10.000000 476.770000 174.100000 494.750000 191.610000 -1.000000 -1.000000 -1.000000 -1000.000000 -1000.000000 -1000.000000 -9.214602
