Car 0.000000 0.000000 -1.560000 581.468138 176.504852 606.085148 199.842569 1.540000 1.630000 3.670000 -0.590000 1.800000 50.020000 -1.571795
Car 0.000000 0.000000 1.770000 377.909364 186.028810 493.756896 266.932809 1.450000 1.590000 3.590000 -3.070000 1.760000 15.310000 1.572102
Car 0.990000 0.000000 -2.370000 887.132843 190.524612 3263.460896 1514.992058 1.480000 1.470000 3.700000 2.930000 1.590000 2.720000 -1.547451
Car 0.150000 1.000000 -1.940000 722.885572 177.031126 1039.316186 409.736365 1.640000 1.640000 3.890000 2.720000 1.690000 7.100000 -1.574148
Car 0.000000 2.000000 -1.860000 689.543614 173.574354 824.242124 299.616193 1.690000 1.390000 2.650000 2.610000 1.700000 11.050000 -1.628052
Car 0.000000 1.000000 -1.720000 648.565206 178.988717 721.133979 237.818492 1.500000 1.590000 3.790000 2.540000 1.690000 20.710000 -1.597963
Car 0.000000 2.000000 -1.630000 629.485648 178.016507 664.806265 210.261412 1.490000 1.570000 4.070000 2.300000 1.760000 36.030000 -1.566251
Car 0.000000 2.000000 -1.680000 641.303355 177.340154 695.480204 225.329233 1.570000 1.590000 3.750000 2.510000 1.740000 25.840000 -1.583168
Car 0.000000 1.000000 0.260000 337.960469 186.145936 416.480399 214.315379 1.520000 1.510000 3.940000 -12.540000 2.280000 40.550000 -0.039919
Car 0.000000 1.000000 0.420000 234.050867 186.703353 322.346321 215.947313 1.580000 1.560000 4.240000 -18.080000 2.370000 40.500000 0.000127
Car 0.000000 2.000000 -1.650000 620.894058 177.864558 645.067946 198.715365 1.490000 1.550000 3.930000 2.210000 1.880000 54.510000 -1.609479
Pedestrian 0.000000 2.000000 -1.880000 791.316304 154.884770 841.532297 261.202922 1.820000 0.690000 0.680000 4.100000 1.510000 12.690000 -1.567497
DontCare -1.000000 -1.000000 -10.000000 496.020000 176.060000 535.640000 195.890000 -1.000000 -1.000000 -1.000000 -1000.000000 -1000.000000 -1000.000000 -9.214602
