Car 0.000000 0.000000 -1.580000 589.811334 178.424587 614.757688 202.431776 1.540000 1.630000 3.670000 -0.020000 1.930000 48.980000 -1.580408
Car 0.920000 0.000000 2.200000 -987.299790 215.263967 265.878189 867.720372 1.450000 1.590000 3.590000 -2.870000 1.770000 3.660000 1.534997
Car 1.000000 0.000000 -2.850000 1148.250000 184.480000 1241.000000 374.000000 1.640000 1.640000 3.890000 2.760000 1.650000 0.640000 -1.507061
Car 0.620000 0.000000 -2.120000 798.560680 173.149193 1272.561463 555.477985 1.690000 1.390000 2.650000 2.710000 1.690000 4.520000 -1.579906
Car 0.000000 0.000000 -1.790000 673.475465 180.100539 791.728959 270.089763 1.500000 1.590000 3.790000 2.750000 1.660000 14.250000 -1.599361
Car 0.000000 2.000000 -1.650000 643.022405 178.842187 687.875313 218.785158 1.490000 1.570000 4.070000 2.700000 1.750000 29.570000 -1.558944
Car 0.000000 2.000000 -1.710000 660.373945 177.689077 736.487565 243.473909 1.570000 1.590000 3.750000 2.760000 1.710000 19.370000 -1.568464
Car 0.000000 1.000000 0.310000 297.257816 190.980869 391.698699 224.594994 1.520000 1.510000 3.940000 -12.080000 2.400000 34.310000 -0.028530
Car 0.000000 1.000000 0.480000 170.773276 194.901494 277.436300 229.931832 1.580000 1.560000 4.240000 -17.800000 2.650000 34.310000 0.001426
Car 0.000000 2.000000 0.660000 51.988445 200.201690 145.235005 235.070201 1.540000 1.820000 3.190000 -23.850000 2.880000 34.420000 0.054048
Car 0.000000 2.000000 -1.650000 633.770590 178.802658 661.167563 202.652528 1.490000 1.550000 3.930000 2.960000 1.900000 48.040000 -1.588462
Pedestrian 0.000000 2.000000 -2.070000 919.012975 139.093192 1022.769763 332.555716 1.820000 0.690000 0.680000 4.020000 1.500000 7.130000 -1.556612
DontCare -1.000000 -1.000000 -10.000000 488.450000 183.060000 530.960000 205.900000 -1.000000 -1.000000 -1.000000 -1000.000000 -1000.000000 -1000.000000 -9.214602
