Car 0.000000 0.000000 -1.560000 580.616110 175.918105 604.979799 198.967880 1.540000 1.630000 3.670000 -0.670000 1.760000 50.530000 -1.573259
Car 0.000000 0.000000 1.720000 446.403084 182.018702 522.025793 237.574308 1.450000 1.590000 3.590000 -3.120000 1.740000 21.220000 1.574015
Car 0.370000 0.000000 -2.040000 769.478129 184.282679 1183.525584 460.593234 1.480000 1.470000 3.700000 2.930000 1.600000 5.870000 -1.577034
Car 0.000000 1.000000 -1.840000 690.327758 175.917710 872.189281 317.779986 1.640000 1.640000 3.890000 2.700000 1.690000 10.380000 -1.585524
Car 0.000000 2.000000 -1.820000 671.723804 172.964259 770.838697 267.275240 1.690000 1.390000 2.650000 2.600000 1.690000 14.300000 -1.640147
Car 0.000000 1.000000 -1.710000 643.060207 178.221398 704.865416 228.304656 1.500000 1.590000 3.790000 2.530000 1.690000 23.940000 -1.604710
Car 0.000000 2.000000 -1.620000 627.733203 177.438812 659.473508 206.833816 1.490000 1.570000 4.070000 2.280000 1.750000 39.250000 -1.561976
Car 0.000000 2.000000 -1.660000 636.186371 176.876618 682.675153 219.137776 1.570000 1.590000 3.750000 2.420000 1.740000 29.040000 -1.576859
Car 0.000000 1.000000 0.220000 356.869122 182.919430 428.877205 208.912925 1.520000 1.510000 3.940000 -12.620000 2.140000 43.740000 -0.060895
Car 0.000000 1.000000 0.400000 259.810800 183.120860 340.920463 210.097568 1.580000 1.560000 4.240000 -18.190000 2.210000 43.650000 0.005160
Car 0.000000 2.000000 -1.640000 620.085741 176.265263 642.447892 195.791232 1.490000 1.550000 3.930000 2.180000 1.770000 57.740000 -1.602262
Pedestrian 0.000000 2.000000 -1.830000 763.893564 157.190071 803.687087 244.210562 1.820000 0.690000 0.680000 4.190000 1.490000 15.430000 -1.564845
