Car 0.450000 0.000000 -0.880000 -75.753896 174.230064 63.703895 225.873235 1.690000 1.740000 3.760000 -21.180000 1.740000 25.590000 -1.571385
Car 0.000000 0.000000 -1.000000 84.607981 177.263698 166.670577 213.621590 1.550000 1.390000 3.550000 -21.540000 1.760000 32.970000 -1.578706
Car 0.000000 1.000000 -0.720000 120.840458 166.943431 190.810890 197.056071 1.720000 1.760000 3.140000 -26.490000 1.380000 42.970000 -1.272447
Car 0.000000 0.000000 -1.570000 552.914033 172.576060 612.477863 231.781975 1.620000 1.630000 4.500000 -0.290000 1.610000 22.000000 -1.583181
Car 0.000000 2.000000 2.020000 223.850688 168.158740 264.088005 191.121417 1.700000 1.640000 2.850000 -27.280000 1.350000 54.850000 1.558469
Cyclist 0.000000 0.000000 -1.790000 754.663890 174.804655 765.610921 201.958411 1.640000 0.340000 1.580000 9.750000 1.760000 44.480000 -1.574213
DontCare -1.000000 -1.000000 -10.000000 397.410000 172.300000 432.260000 184.280000 -1.000000 -1.000000 -1.000000 -1000.000000 -1000.000000 -1000.000000 -9.214602
DontCare -1.000000 -1.000000 -10.000000 472.240000 170.280000 480.330000 178.370000 -1.000000 -1.000000 -1.000000 -1000.000000 -1000.000000 -1000.000000 -9.214602
DontCare -1.000000 -1.000000 -10.000000 490.100000 170.630000 499.740000 178.230000 -1.000000 -1.000000 -1.000000 -1000.000000 -1000.000000 -1000.000000 -9.214602
DontCare -1.000000 -1.000000 -10.000000 541.750000 163.910000 556.120000 177.970000 -1.000000 -1.000000 -1.000000 -1000.000000 -1000.000000 -1000.000000 -9.214602
