Car 0.000000 0.000000 1.990000 177.107992 193.625767 280.851868 249.946100 1.510000 1.460000 3.630000 -11.290000 2.210000 22.550000 1.525820
Car 0.000000 0.000000 1.670000 498.182150 172.207312 533.791653 202.817725 1.780000 1.720000 4.000000 -5.180000 1.740000 43.970000 1.552733
Van 0.000000 1.000000 1.870000 430.787625 163.605279 478.103110 200.086374 2.870000 1.950000 6.580000 -12.350000 2.140000 60.130000 1.667429
Car 0.000000 0.000000 1.770000 377.375126 183.489035 437.005556 221.603582 1.470000 1.690000 3.740000 -8.090000 1.950000 30.810000 1.513220
Car 0.000000 1.000000 1.900000 303.738486 187.003131 372.388165 224.925439 1.480000 1.540000 4.070000 -11.370000 2.140000 31.730000 1.555918
Cyclist 0.000000 0.000000 1.880000 286.860758 177.008199 328.341256 239.713547 1.820000 0.590000 1.890000 -8.720000 1.950000 22.030000 1.503099
Pedestrian 0.000000 0.000000 -0.380000 463.094555 177.890879 473.427222 200.789891 1.750000 0.670000 0.580000 -10.450000 2.140000 55.770000 -0.565229
Car 0.500000 3.000000 0.110000 1020.609515 141.957179 1358.657472 256.336235 1.620000 1.640000 4.330000 10.160000 1.180000 12.340000 0.798811
Car 0.000000 2.000000 0.130000 283.138825 181.564640 346.284361 200.813540 1.430000 1.550000 4.370000 -22.380000 2.120000 56.060000 -0.249830
DontCare -1.000000 -1.000000 -10.000000 534.560000 173.980000 571.060000 197.980000 -1.000000 -1.000000 -1.000000 -1000.000000 -1000.000000 -1000.000000 -9.214602
DontCare -1.000000 -1.000000 -10.000000 984.560000 157.310000 1011.680000 177.140000 -1.000000 -1.000000 -1.000000 -1000.000000 -1000.000000 -1000.000000 -9.214602
