Car 0.000000 0.000000 -1.550000 596.807874 175.648131 665.014809 240.693903 1.560000 1.650000 3.690000 1.130000 1.640000 19.370000 -1.491728
Car 0.000000 0.000000 -1.170000 778.306527 174.248667 1020.402754 301.214721 1.390000 1.610000 3.650000 4.500000 1.410000 9.760000 -0.737982
Car 0.000000 1.000000 2.140000 -18.671895 190.673817 305.961757 319.555580 1.450000 1.840000 4.590000 -6.200000 1.780000 11.110000 1.630993
Car 0.000000 0.000000 1.840000 510.648702 171.846699 561.890983 209.087499 1.760000 1.580000 3.680000 -3.130000 1.710000 36.050000 1.753393
Car 0.000000 2.000000 2.160000 165.084893 183.724625 317.725493 250.072460 1.560000 1.620000 4.190000 -9.460000 1.890000 19.870000 1.715659
Car 0.000000 0.000000 2.000000 399.031158 182.182110 477.762297 217.571000 1.420000 1.670000 4.530000 -7.150000 1.870000 32.600000 1.784093
Car 0.000000 0.000000 -1.190000 664.708847 171.063839 711.629053 196.683905 1.540000 1.630000 3.740000 5.460000 1.430000 45.400000 -1.070311
Car 0.000000 2.000000 -1.370000 704.269929 171.183308 727.453258 187.821749 1.470000 1.460000 3.160000 10.140000 1.320000 65.480000 -1.216364
Car 0.100000 3.000000 2.310000 -41.157363 187.897477 161.553825 255.374281 1.450000 1.500000 4.530000 -13.600000 1.890000 18.880000 1.685754
DontCare -1.000000 -1.000000 -10.000000 740.640000 171.440000 758.130000 186.490000 -1.000000 -1.000000 -1.000000 -1000.000000 -1000.000000 -1000.000000 -9.214602
DontCare -1.000000 -1.000000 -10.000000 764.770000 176.060000 808.560000 184.440000 -1.000000 -1.000000 -1.000000 -1000.000000 -1000.000000 -1000.000000 -9.214602
