Car 0.000000 0.000000 -1.610000 570.756347 174.747320 630.601853 223.294544 1.360000 1.690000 3.380000 0.170000 1.420000 22.060000 -1.602294
Car 0.780000 3.000000 -1.780000 -349.954136 184.510864 61.352754 453.026356 1.450000 1.610000 3.960000 -5.720000 1.570000 5.810000 -2.557593
Car 0.000000 1.000000 -1.930000 -1.536674 188.788709 264.228065 336.936497 1.360000 1.570000 3.730000 -5.430000 1.590000 8.760000 -2.484897
Car 0.000000 0.000000 1.100000 254.982090 174.915462 391.890784 247.428337 1.480000 1.570000 3.480000 -6.160000 1.530000 16.580000 0.744273
Car 0.000000 0.000000 -1.380000 392.419201 185.937280 523.669460 262.459210 1.250000 1.740000 3.660000 -2.360000 1.540000 14.270000 -1.543898
Car 0.000000 2.000000 -1.480000 460.898738 177.969891 535.705171 238.243519 1.460000 1.590000 3.650000 -2.460000 1.610000 19.640000 -1.604606
Car 0.000000 2.000000 0.920000 391.955524 178.807073 480.952227 219.327951 1.370000 1.520000 3.300000 -5.920000 1.600000 26.520000 0.700373
Van 1.000000 3.000000 -2.450000 891.520000 0.000000 1241.000000 374.000000 2.420000 2.030000 5.490000 3.020000 1.500000 2.320000 -1.534259
Pedestrian 0.000000 1.000000 -1.950000 810.553386 177.880296 909.228726 339.758193 1.540000 0.770000 0.630000 2.950000 1.590000 7.200000 -1.561141
Car 0.000000 1.000000 -1.830000 705.481983 178.425241 901.045754 313.231464 1.460000 1.720000 3.950000 2.880000 1.550000 9.970000 -1.548788
Car 0.000000 2.000000 -1.760000 674.809969 181.120368 791.504349 258.428241 1.320000 1.700000 4.040000 2.840000 1.510000 14.770000 -1.570037
Car 0.000000 2.000000 -1.760000 664.287368 169.159116 735.317531 228.213651 1.560000 1.480000 3.360000 2.990000 1.460000 20.770000 -1.617025
Car 0.000000 1.000000 -1.670000 633.685034 173.074088 668.337357 200.014654 1.380000 1.550000 3.600000 2.660000 1.390000 38.810000 -1.601568
Truck 0.000000 3.000000 -1.640000 627.126457 138.517339 671.900174 192.784924 3.410000 2.570000 7.870000 3.080000 1.250000 49.280000 -1.577581
Van 0.730000 3.000000 2.280000 -348.337568 128.548718 113.621714 319.361130 2.100000 1.960000 4.630000 -9.130000 1.610000 10.270000 1.553297
Car 0.000000 2.000000 -1.560000 580.112932 172.454646 617.976621 206.934465 1.520000 1.670000 3.610000 0.030000 1.500000 33.620000 -1.559108
Car 0.000000 2.000000 2.080000 177.099939 175.255814 265.442378 211.726286 1.360000 1.540000 3.570000 -15.000000 1.460000 28.950000 1.601950
DontCare -1.000000 -1.000000 -10.000000 562.060000 172.350000 581.400000 195.040000 -1.000000 -1.000000 -1.000000 -1000.000000 -1000.000000 -1000.000000 -9.214602
