Car 0.000000 1.000000 1.770000 338.573846 185.102381 479.150758 288.546394 1.570000 1.600000 3.990000 -3.070000 1.830000 13.440000 1.545430
Car 0.000000 1.000000 1.700000 453.950770 185.366136 523.563383 242.277669 1.520000 1.540000 3.680000 -3.110000 1.930000 21.930000 1.559125
Van 0.000000 1.000000 1.670000 493.529194 162.576930 550.617381 220.584404 2.470000 1.980000 5.810000 -3.490000 2.030000 33.630000 1.566594
Car 0.870000 1.000000 2.270000 -617.774378 205.979591 106.702272 507.203155 1.450000 1.500000 3.700000 -5.510000 1.800000 5.780000 1.508512
Car 0.000000 1.000000 -0.210000 653.290598 179.612284 825.621903 246.029266 1.620000 1.650000 4.140000 3.730000 1.800000 18.620000 -0.012295
Car 0.000000 2.000000 -0.150000 644.204421 180.026190 782.379052 227.741180 1.550000 1.660000 4.470000 3.920000 1.800000 24.540000 0.008401
Car 0.000000 1.000000 -0.030000 619.920286 175.922671 714.296941 214.874686 1.690000 1.760000 4.120000 3.040000 1.830000 32.470000 0.063353
Van 0.000000 1.000000 1.660000 533.315017 173.162187 570.703026 206.620357 2.130000 1.910000 6.400000 -3.370000 2.150000 49.210000 1.591625
Misc 0.000000 2.000000 -0.380000 809.964110 197.291507 955.737521 280.895220 1.240000 0.420000 2.070000 4.640000 1.620000 11.060000 0.017228
Misc 0.000000 2.000000 -0.330000 787.615944 194.986260 879.642924 265.128173 1.240000 0.520000 1.520000 4.550000 1.650000 13.180000 0.002410
Van 0.350000 0.000000 1.990000 -135.628073 133.796027 392.690182 468.424161 1.950000 1.750000 4.630000 -3.030000 1.720000 6.530000 1.555555
DontCare -1.000000 -1.000000 -10.000000 610.600000 178.150000 641.890000 202.150000 -1.000000 -1.000000 -1.000000 -1000.000000 -1000.000000 -1000.000000 -9.214602
