Car 0.000000 0.000000 -1.600000 573.284772 176.061305 623.814796 217.216336 1.360000 1.690000 3.380000 0.060000 1.480000 25.820000 -1.597676
Car 0.030000 3.000000 1.220000 -54.145446 177.952163 222.361582 345.112754 1.570000 1.640000 3.490000 -5.830000 1.640000 8.560000 0.622089
Car 0.000000 1.000000 1.070000 236.150222 182.822991 386.850909 253.651757 1.380000 1.550000 3.890000 -6.380000 1.630000 16.420000 0.699403
Car 0.000000 0.000000 -1.410000 428.405383 187.258390 530.334452 257.331162 1.300000 1.550000 3.510000 -2.270000 1.650000 15.880000 -1.551985
Car 0.000000 2.000000 -1.430000 479.546137 180.804859 556.623816 236.473840 1.430000 1.620000 3.760000 -2.090000 1.680000 20.990000 -1.529244
Car 0.000000 1.000000 0.880000 379.373746 172.341583 488.542633 218.038469 1.570000 1.670000 4.200000 -6.080000 1.550000 26.730000 0.656346
Car 0.100000 3.000000 -1.940000 737.828157 193.362827 1033.748809 396.532502 1.380000 1.550000 3.600000 2.810000 1.630000 7.070000 -1.561690
Truck 0.000000 3.000000 -1.760000 668.814056 72.258831 837.810248 254.954084 3.410000 2.570000 7.870000 3.480000 1.530000 17.410000 -1.562715
Pedestrian 0.000000 2.000000 -2.520000 834.755267 158.136545 899.977945 273.235364 1.780000 0.780000 0.650000 4.630000 1.550000 11.640000 -2.141421
Car 0.000000 0.000000 -1.650000 641.451869 173.569684 685.604890 209.806309 1.450000 1.640000 3.700000 2.720000 1.480000 30.800000 -1.561917
Truck 0.000000 3.000000 -1.600000 619.383140 140.467068 659.719334 194.719317 3.430000 2.550000 8.020000 2.450000 1.380000 49.650000 -1.550695
Car 0.000000 0.000000 1.940000 276.117947 176.600616 342.392188 206.634340 1.430000 1.730000 4.090000 -14.800000 1.630000 36.920000 1.558747
Car 0.000000 2.000000 -1.550000 571.593769 173.639498 606.471862 204.769224 1.520000 1.670000 3.610000 -0.540000 1.560000 37.130000 -1.564542
Car 0.000000 1.000000 2.170000 48.494294 179.123243 178.674113 230.283318 1.440000 1.520000 3.660000 -14.900000 1.650000 22.600000 1.587120
DontCare -1.000000 -1.000000 -10.000000 515.810000 163.560000 563.770000 190.690000 -1.000000 -1.000000 -1.000000 -1000.000000 -1000.000000 -1000.000000 -9.214602
