Car 0.930000 0.000000 0.840000 -719.671312 217.986496 16.155594 424.617789 1.560000 1.710000 4.500000 -8.090000 2.040000 6.780000 -0.033268
Car 0.000000 1.000000 -2.960000 427.430549 185.833786 493.432957 211.779491 1.440000 1.520000 3.500000 -8.090000 2.200000 41.600000 -3.152074
DontCare -1.000000 -1.000000 -10.000000 517.200000 181.680000 581.050000 194.190000 -1.000000 -1.000000 -1.000000 -1000.000000 -1000.000000 -1000.000000 -9.214602
DontCare -1.000000 -1.000000 -10.000000 610.660000 183.390000 626.370000 195.150000 -1.000000 -1.000000 -1.000000 -1000.000000 -1000.000000 -1000.000000 -9.214602
DontCare -1.000000 -1.000000 -10.000000 634.090000 179.450000 643.290000 188.320000 -1.000000 -1.000000 -1.000000 -1000.000000 -1000.000000 -1000.000000 -9.214602
DontCare -1.000000 -1.000000 -10.000000 708.160000 167.270000 847.700000 180.940000 -1.000000 -1.000000 -1.000000 -1000.000000 -1000.000000 -1000.000000 -9.214602
DontCare -1.000000 -1.000000 -10.000000 849.660000 163.300000 920.050000 172.300000 -1.000000 -1.000000 -1.000000 -1000.000000 -1000.000000 -1000.000000 -9.214602
DontCare -1.000000 -1.000000 -10.000000 922.390000 153.030000 1080.820000 178.950000 -1.000000 -1.000000 -1.000000 -1000.000000 -1000.000000 -1000.000000 -9.214602
DontCare -1.000000 -1.000000 -10.000000 589.770000 176.060000 612.730000 189.640000 -1.000000 -1.000000 -1.000000 -1000.000000 -1000.000000 -1000.000000 -9.214602
DontCare -1.000000 -1.000000 -10.000000 479.350000 182.310000 538.770000 203.190000 -1.000000 -1.000000 -1.000000 -1000.000000 -1000.000000 -1000.000000 -9.214602
DontCare -1.000000 -1.000000 -10.000000 273.100000 184.400000 306.480000 235.480000 -1.000000 -1.000000 -1.000000 -1000.000000 -1000.000000 -1000.000000 -9.214602
