Car 0.570000 0.000000 -2.490000 -266.074400 190.428344 138.438654 324.780333 1.610000 1.660000 3.860000 -8.440000 1.870000 9.830000 -3.199463
Car 0.000000 1.000000 3.100000 26.895172 180.559402 271.493947 273.919279 1.590000 1.710000 3.900000 -8.520000 1.760000 14.360000 2.564511
Car 0.000000 2.000000 2.990000 109.750680 180.217080 306.813519 264.157908 1.730000 1.690000 3.880000 -8.930000 1.920000 17.020000 2.506806
Car 0.000000 2.000000 3.050000 260.245154 182.725257 349.380891 232.892719 1.430000 1.570000 2.430000 -8.960000 1.750000 22.310000 2.668103
Car 0.000000 2.000000 3.100000 292.514995 180.513944 411.343276 226.679968 1.480000 1.740000 3.770000 -8.460000 1.760000 25.110000 2.775027
Car 0.000000 0.000000 1.790000 431.353506 180.021034 475.385555 212.231954 1.550000 1.540000 3.060000 -7.480000 1.930000 36.950000 1.590263
Car 0.000000 2.000000 1.710000 447.010736 180.586127 488.340105 208.171628 1.470000 1.720000 4.330000 -7.700000 1.940000 41.880000 1.528172
DontCare -1.000000 -1.000000 -10.000000 491.360000 179.050000 524.060000 202.730000 -1.000000 -1.000000 -1.000000 -1000.000000 -1000.000000 -1000.000000 -9.214602
DontCare -1.000000 -1.000000 -10.000000 588.350000 170.970000 613.240000 191.880000 -1.000000 -1.000000 -1.000000 -1000.000000 -1000.000000 -1000.000000 -9.214602
DontCare -1.000000 -1.000000 -10.000000 646.200000 170.550000 674.240000 195.140000 -1.000000 -1.000000 -1.000000 -1000.000000 -1000.000000 -1000.000000 -9.214602
DontCare -1.000000 -1.000000 -10.000000 681.860000 173.020000 697.020000 186.200000 -1.000000 -1.000000 -1.000000 -1000.000000 -1000.000000 -1000.000000 -9.214602
DontCare -1.000000 -1.000000 -10.000000 808.170000 154.170000 926.010000 176.850000 -1.000000 -1.000000 -1.000000 -1000.000000 -1000.000000 -1000.000000 -9.214602
DontCare -1.000000 -1.000000 -10.000000 925.500000 147.160000 1238.660000 183.080000 -1.000000 -1.000000 -1.000000 -1000.000000 -1000.000000 -1000.000000 -9.214602
