Car 0.000000 0.000000 -1.570000 563.580649 179.733871 621.667480 227.586136 1.360000 1.690000 3.380000 -0.020000 1.590000 22.680000 -1.570882
Car 0.000000 1.000000 -2.170000 214.759110 184.593274 398.123381 267.124209 1.450000 1.610000 3.960000 -5.870000 1.720000 14.960000 -2.543920
Car 0.000000 2.000000 -2.190000 298.300046 186.507908 442.387857 250.174466 1.360000 1.570000 3.730000 -5.520000 1.730000 17.920000 -2.488813
Car 0.000000 2.000000 1.020000 376.872581 179.474922 467.439349 225.067705 1.480000 1.570000 3.480000 -6.250000 1.730000 25.720000 0.781619
Car 0.000000 0.000000 -1.460000 481.606071 185.457225 550.185498 229.235623 1.250000 1.740000 3.660000 -2.490000 1.690000 23.490000 -1.565608
Van 0.000000 3.000000 -1.840000 682.721494 108.960587 901.557558 307.804542 2.420000 2.030000 5.490000 2.980000 1.640000 11.540000 -1.587288
Car 0.000000 2.000000 -1.720000 658.511251 179.748210 742.617348 242.497693 1.460000 1.720000 3.950000 2.780000 1.660000 19.200000 -1.576208
Car 0.000000 2.000000 -1.680000 648.709662 183.158393 711.074838 228.285453 1.320000 1.700000 4.040000 2.730000 1.690000 24.050000 -1.566970
Car 0.000000 2.000000 -1.700000 645.892670 174.505102 690.792207 214.578881 1.560000 1.480000 3.360000 2.860000 1.630000 29.930000 -1.604733
Car 0.000000 1.000000 -1.650000 625.176826 177.950029 652.189386 199.880490 1.380000 1.550000 3.600000 2.380000 1.730000 48.070000 -1.600529
Car 0.000000 1.000000 2.120000 19.168444 193.257160 210.690122 274.122430 1.350000 1.590000 3.410000 -9.330000 1.810000 14.630000 1.552298
Van 0.000000 3.000000 2.020000 157.750640 161.183828 319.100182 249.465232 2.100000 1.960000 4.630000 -9.290000 1.820000 19.480000 1.575003
Car 0.000000 2.000000 -1.570000 578.113784 176.850168 616.824677 212.547914 1.520000 1.670000 3.610000 -0.050000 1.710000 32.930000 -1.571518
Car 0.000000 2.000000 2.130000 27.192555 185.142916 150.931608 235.489413 1.320000 1.430000 3.250000 -14.810000 1.710000 21.380000 1.524188
DontCare -1.000000 -1.000000 -10.000000 539.770000 167.730000 573.140000 188.600000 -1.000000 -1.000000 -1.000000 -1000.000000 -1000.000000 -1000.000000 -9.214602
