Car 0.000000 0.000000 -1.570000 536.143244 179.074795 638.228076 277.678685 1.560000 1.650000 3.690000 0.130000 1.690000 13.500000 -1.560371
Car 0.930000 0.000000 -1.560000 1033.546482 189.279337 1533.116368 610.439762 1.380000 1.560000 3.800000 4.530000 1.520000 4.380000 -0.757768
Van 0.000000 1.000000 1.740000 444.031787 173.782963 501.642693 215.419567 2.020000 1.990000 5.560000 -6.600000 2.070000 37.910000 1.567631
Pedestrian 0.000000 0.000000 -0.930000 830.661088 169.340944 872.889403 235.106707 1.640000 0.630000 0.860000 6.680000 1.550000 18.490000 -0.583315
Pedestrian 0.000000 2.000000 1.930000 939.950200 173.876508 968.452356 222.953237 1.490000 0.550000 0.780000 11.170000 1.520000 22.390000 2.392754
Pedestrian 0.000000 1.000000 2.530000 1078.848963 164.158727 1102.514846 227.721426 1.810000 0.510000 0.340000 14.340000 1.560000 20.800000 3.133592
Pedestrian 0.000000 0.000000 2.230000 1019.839087 170.206869 1031.736328 210.722450 1.800000 0.430000 0.200000 19.100000 1.680000 32.290000 2.764157
Car 0.130000 1.000000 0.560000 -26.687633 193.759390 83.768639 228.990740 1.430000 1.450000 3.500000 -24.640000 2.360000 31.270000 -0.107366
DontCare -1.000000 -1.000000 -10.000000 539.350000 174.620000 554.600000 188.520000 -1.000000 -1.000000 -1.000000 -1000.000000 -1000.000000 -1000.000000 -9.214602
DontCare -1.000000 -1.000000 -10.000000 511.650000 178.150000 531.480000 195.900000 -1.000000 -1.000000 -1.000000 -1000.000000 -1000.000000 -1000.000000 -9.214602
