Car 0.000000 0.000000 -1.570000 575.643938 172.589864 632.900021 226.771462 1.560000 1.650000 3.690000 0.350000 1.550000 22.630000 -1.554535
Car 0.000000 0.000000 -1.270000 786.680791 170.818385 1070.163638 332.696033 1.400000 1.630000 4.050000 4.290000 1.380000 8.250000 -0.790481
Car 0.000000 1.000000 -1.130000 741.340029 171.596885 943.109563 275.136444 1.450000 1.580000 3.870000 4.460000 1.430000 12.020000 -0.774698
Car 0.000000 2.000000 -1.060000 729.872915 162.214970 885.410841 244.721827 1.610000 1.670000 3.650000 4.920000 1.400000 15.940000 -0.760620
Van 0.000000 1.000000 -1.010000 667.400586 156.067223 798.122372 222.145131 1.880000 1.820000 4.640000 4.470000 1.400000 22.840000 -0.816734
Car 0.000000 2.000000 -0.930000 656.092068 170.853212 748.965307 209.267920 1.490000 1.630000 4.160000 4.400000 1.410000 30.030000 -0.784515
Car 0.000000 2.000000 -0.830000 642.980704 170.538517 701.988727 194.696532 1.540000 1.720000 3.880000 4.680000 1.390000 47.930000 -0.732666
Car 0.000000 0.000000 1.950000 278.346937 174.994641 366.725927 220.619863 1.670000 1.680000 4.490000 -10.880000 1.760000 28.880000 1.589712
Van 0.000000 1.000000 1.750000 472.862411 153.586950 524.201305 199.633996 2.910000 2.180000 6.910000 -6.960000 1.690000 49.090000 1.609158
Car 0.000000 1.000000 1.890000 345.708405 175.994624 407.510034 211.953930 1.630000 1.580000 4.200000 -10.800000 1.790000 35.190000 1.592220
Car 0.000000 1.000000 1.840000 396.302172 179.930874 442.795434 204.793532 1.340000 1.570000 4.010000 -10.540000 1.770000 42.060000 1.594462
Car 0.000000 2.000000 1.830000 461.719999 174.898461 497.047362 193.726870 1.450000 1.650000 4.630000 -10.020000 1.620000 58.460000 1.660250
Car 0.000000 2.000000 2.000000 280.388822 177.451175 332.362657 208.114354 1.470000 1.290000 2.950000 -14.830000 1.710000 36.540000 1.614455
DontCare -1.000000 -1.000000 -10.000000 541.850000 171.900000 575.230000 184.440000 -1.000000 -1.000000 -1.000000 -1000.000000 -1000.000000 -1000.000000 -9.214602
