Car 0.070000 1.000000 -2.570000 -52.761389 193.430086 229.158104 288.363012 1.490000 1.640000 3.700000 -8.430000 1.870000 12.550000 -3.161488
Car 0.000000 2.000000 -2.680000 76.641897 190.944708 310.694845 269.338749 1.520000 1.550000 4.020000 -8.160000 1.920000 15.210000 -3.172411
Car 0.000000 1.000000 -2.830000 310.637260 174.475883 440.601800 227.507962 1.900000 1.780000 4.250000 -8.150000 1.960000 26.830000 -3.124907
Car 0.000000 0.000000 0.160000 447.472528 181.782404 510.830858 206.713763 1.520000 1.640000 3.700000 -7.700000 2.090000 45.420000 -0.007932
Cyclist 0.000000 1.000000 -1.890000 819.454176 163.476624 849.516787 215.572356 1.820000 0.510000 1.850000 8.600000 1.490000 26.130000 -1.572043
Cyclist 0.000000 0.000000 -1.840000 787.200972 169.102486 807.429348 207.663769 1.620000 0.430000 1.700000 8.570000 1.460000 31.160000 -1.571604
Cyclist 0.000000 3.000000 -1.800000 769.073914 172.088929 785.684028 205.047667 1.620000 0.440000 1.790000 8.920000 1.580000 36.360000 -1.559427
DontCare -1.000000 -1.000000 -10.000000 604.820000 177.910000 630.070000 195.500000 -1.000000 -1.000000 -1.000000 -1000.000000 -1000.000000 -1000.000000 -9.214602
DontCare -1.000000 -1.000000 -10.000000 668.340000 174.310000 755.070000 184.240000 -1.000000 -1.000000 -1.000000 -1000.000000 -1000.000000 -1000.000000 -9.214602
DontCare -1.000000 -1.000000 -10.000000 893.580000 163.850000 1041.810000 180.410000 -1.000000 -1.000000 -1.000000 -1000.000000 -1000.000000 -1000.000000 -9.214602
DontCare -1.000000 -1.000000 -10.000000 568.940000 178.150000 590.860000 187.570000 -1.000000 -1.000000 -1.000000 -1000.000000 -1000.000000 -1000.000000 -9.214602
