Car 0.000000 0.000000 -1.570000 533.061564 172.964066 632.197667 266.756479 1.560000 1.650000 3.690000 0.030000 1.560000 13.850000 -1.567834
Car 0.960000 0.000000 -1.580000 1064.112637 160.974980 1623.211749 628.490872 1.480000 1.550000 3.560000 4.460000 1.440000 4.060000 -0.747688
Car 0.000000 0.000000 -1.260000 821.062488 175.993392 1121.502967 354.085714 1.450000 1.620000 3.880000 4.550000 1.490000 7.840000 -0.734149
Car 0.000000 2.000000 -1.030000 728.912445 164.480765 979.040524 284.315144 1.540000 1.730000 4.040000 4.360000 1.430000 11.190000 -0.658462
Car 0.000000 2.000000 -1.020000 724.152559 174.697120 896.610906 252.235591 1.380000 1.560000 3.800000 4.660000 1.420000 14.760000 -0.714186
Car 0.740000 0.000000 2.270000 -280.584253 179.211225 79.093498 304.108378 1.490000 1.610000 3.900000 -9.650000 1.600000 10.780000 1.539856
Car 0.000000 1.000000 1.980000 21.937178 172.454478 207.531133 254.932654 1.570000 1.710000 4.320000 -10.210000 1.560000 16.000000 1.412018
Van 0.000000 1.000000 1.670000 526.693472 170.414722 552.175657 191.152250 2.020000 1.990000 5.560000 -6.580000 1.780000 73.070000 1.580192
Pedestrian 0.000000 1.000000 -0.770000 678.414571 169.057696 707.245812 214.302693 1.640000 0.630000 0.860000 3.550000 1.500000 26.660000 -0.637620
Pedestrian 0.000000 2.000000 2.710000 923.653159 161.030735 936.750834 203.189714 1.810000 0.510000 0.340000 14.350000 1.300000 31.230000 3.140721
Pedestrian 0.000000 2.000000 2.340000 920.455898 165.275528 928.660898 195.751615 1.800000 0.430000 0.200000 19.180000 1.350000 42.850000 2.760863
DontCare -1.000000 -1.000000 -10.000000 477.610000 176.430000 498.840000 192.830000 -1.000000 -1.000000 -1.000000 -1000.000000 -1000.000000 -1000.000000 -9.214602
