Truck 0.000000 0.000000 -1.590000 607.626700 131.674646 668.077271 205.343560 3.520000 2.890000 10.810000 1.990000 1.550000 39.920000 -1.540192
Car 0.780000 0.000000 2.280000 -144.667859 192.522353 28.928701 245.072918 1.430000 1.810000 4.160000 -20.830000 2.120000 23.300000 1.550514
Car 0.000000 0.000000 2.140000 45.100105 187.138488 153.292344 226.414578 1.470000 1.670000 4.310000 -21.130000 2.120000 30.770000 1.538251
Car 0.000000 1.000000 2.070000 142.884212 185.425644 212.813965 217.806372 1.480000 1.440000 3.590000 -21.100000 2.140000 36.200000 1.542269
Car 0.000000 1.000000 2.060000 204.471610 183.871734 264.836153 210.449085 1.420000 1.680000 3.380000 -21.110000 2.080000 41.670000 1.591087
Car 0.000000 0.000000 2.060000 246.273991 184.006736 301.707459 207.360735 1.380000 1.520000 4.000000 -21.140000 2.130000 46.630000 1.634359
Car 0.000000 1.000000 1.990000 292.145818 180.223556 332.769233 203.069839 1.570000 1.470000 3.350000 -21.050000 2.120000 52.380000 1.607882
Car 0.000000 1.000000 1.920000 319.036862 180.848497 353.433290 199.905099 1.430000 1.480000 3.330000 -21.160000 2.080000 57.210000 1.565738
DontCare -1.000000 -1.000000 -10.000000 541.400000 165.520000 560.190000 176.470000 -1.000000 -1.000000 -1.000000 -1000.000000 -1000.000000 -1000.000000 -9.214602
DontCare -1.000000 -1.000000 -10.000000 507.850000 170.590000 518.940000 179.360000 -1.000000 -1.000000 -1.000000 -1000.000000 -1000.000000 -1000.000000 -9.214602
DontCare -1.000000 -1.000000 -10.000000 361.650000 175.020000 456.480000 193.810000 -1.000000 -1.000000 -1.000000 -1000.000000 -1000.000000 -1000.000000 -9.214602
