Cyclist 0.000000 0.000000 -1.300000 836.519544 155.595838 920.388305 298.353069 1.800000 0.560000 1.790000 4.220000 1.580000 9.970000 -0.899596
Pedestrian 0.000000 0.000000 2.910000 730.169833 159.754584 762.143239 253.320015 1.840000 0.720000 0.500000 3.220000 1.580000 14.550000 3.127796
Person_sitting 0.000000 0.000000 1.000000 1077.754552 214.048614 1161.586676 334.195870 1.140000 0.510000 0.500000 5.620000 1.570000 7.300000 1.656093
Person_sitting 0.460000 1.000000 0.920000 1140.578408 221.679106 1229.350424 333.138567 1.050000 0.500000 0.510000 6.280000 1.560000 7.300000 1.630428
Pedestrian 0.700000 1.000000 1.520000 1175.308820 149.059814 1248.747286 313.553147 1.850000 0.650000 0.550000 7.580000 1.580000 8.530000 2.246497
Pedestrian 0.000000 0.000000 -0.670000 933.261131 162.678487 982.423919 266.494747 1.710000 0.570000 0.510000 6.360000 1.540000 12.210000 -0.189785
Pedestrian 0.000000 0.000000 1.230000 915.674568 165.382277 946.417703 257.146446 1.690000 0.390000 0.510000 6.510000 1.550000 13.560000 1.677592
Pedestrian 0.000000 0.000000 -1.160000 244.419547 172.511693 285.684485 249.029653 1.700000 0.450000 1.060000 -7.420000 1.690000 16.560000 -1.581246
Pedestrian 0.000000 0.000000 0.310000 324.406660 168.690933 359.061307 245.464845 1.800000 0.700000 0.580000 -5.930000 1.700000 17.270000 -0.020756
Van 0.000000 1.000000 -1.310000 540.371427 153.861681 601.368187 201.169160 2.460000 2.030000 5.350000 -1.590000 1.470000 40.350000 -1.349385
DontCare -1.000000 -1.000000 -10.000000 19.980000 182.310000 83.560000 250.060000 -1.000000 -1.000000 -1.000000 -1000.000000 -1000.000000 -1000.000000 -9.214602
DontCare -1.000000 -1.000000 -10.000000 204.350000 186.480000 265.850000 234.440000 -1.000000 -1.000000 -1.000000 -1000.000000 -1000.000000 -1000.000000 -9.214602
DontCare -1.000000 -1.000000 -10.000000 503.310000 171.900000 548.140000 214.650000 -1.000000 -1.000000 -1.000000 -1000.000000 -1000.000000 -1000.000000 -9.214602
DontCare -1.000000 -1.000000 -10.000000 798.100000 186.480000 839.810000 237.560000 -1.000000 -1.000000 -1.000000 -1000.000000 -1000.000000 -1000.000000 -9.214602
DontCare -1.000000 -1.000000 -10.000000 838.730000 181.270000 860.650000 219.850000 -1.000000 -1.000000 -1.000000 -1000.000000 -1000.000000 -1000.000000 -9.214602
DontCare -1.000000 -1.000000 -10.000000 426.230000 164.600000 546.060000 199.020000 -1.000000 -1.000000 -1.000000 -1000.000000 -1000.000000 -1000.000000 -9.214602
