Car 0.490000 0.000000 1.000000 918.782330 146.400577 1421.888824 369.818428 1.500000 1.710000 4.440000 5.210000 1.320000 7.110000 1.632383
Car 0.010000 0.000000 2.030000 37.430164 189.248391 375.911349 380.042305 1.540000 1.630000 3.590000 -3.560000 1.760000 7.960000 1.609447
Car 0.000000 1.000000 1.830000 354.009117 187.771710 483.585231 274.920183 1.420000 1.460000 3.630000 -3.130000 1.750000 14.230000 1.613490
Car 0.000000 1.000000 1.730000 430.403584 182.096884 523.108106 244.850301 1.430000 1.660000 4.190000 -2.920000 1.700000 19.160000 1.578763
Car 0.000000 0.000000 -1.540000 668.621396 173.637373 744.177168 242.427520 1.580000 1.710000 3.750000 3.060000 1.600000 18.620000 -1.377117
Car 0.000000 2.000000 -0.470000 856.092540 161.153835 1189.623140 265.167694 1.490000 1.570000 4.260000 6.710000 1.320000 11.260000 0.067410
Car 0.000000 1.000000 1.740000 487.943771 175.718327 540.309603 220.820256 1.700000 1.500000 3.340000 -3.320000 1.820000 29.120000 1.626479
Car 0.000000 2.000000 1.290000 496.737224 176.083272 554.022751 209.886267 1.480000 1.710000 3.930000 -3.570000 1.640000 34.140000 1.185809
Car 0.000000 1.000000 -0.070000 376.164097 174.117123 438.453428 195.060682 1.600000 1.750000 4.630000 -15.480000 1.700000 56.900000 -0.335627
Car 0.000000 2.000000 -1.290000 691.353731 175.536101 770.694794 227.418450 1.510000 1.580000 3.310000 4.410000 1.600000 23.020000 -1.100721
Car 0.000000 1.000000 -1.060000 736.445590 168.898808 818.042819 215.175162 1.610000 1.600000 3.110000 6.730000 1.470000 26.780000 -0.813792
Car 0.000000 1.000000 2.360000 888.880969 161.461865 966.887447 187.839165 1.430000 1.700000 3.950000 18.380000 0.810000 40.600000 2.785105
DontCare -1.000000 -1.000000 -10.000000 841.850000 153.150000 885.640000 175.070000 -1.000000 -1.000000 -1.000000 -1000.000000 -1000.000000 -1000.000000 -9.214602
