Van 0.460000 0.000000 2.040000 -233.043634 119.382325 328.696336 464.518336 2.050000 1.790000 4.470000 -3.750000 1.730000 6.560000 1.520690
Car 0.580000 0.000000 -2.030000 762.535377 185.835472 1298.587425 505.645863 1.440000 1.690000 4.450000 2.950000 1.580000 5.670000 -1.550259
Car 0.000000 1.000000 -1.660000 733.473254 180.234846 855.406379 285.980437 1.420000 1.660000 3.710000 3.400000 1.560000 11.940000 -1.382585
Van 0.410000 3.000000 -2.460000 -194.098632 126.406459 219.966086 264.541586 2.610000 2.210000 6.750000 -11.480000 1.730000 14.810000 -3.119405
Car 0.000000 2.000000 -1.400000 751.110390 161.561202 865.757176 244.734509 1.750000 1.840000 4.430000 5.440000 1.510000 17.570000 -1.099742
Van 0.000000 0.000000 -1.610000 592.025897 162.697356 629.659855 203.940072 1.980000 1.800000 4.540000 0.480000 1.490000 36.930000 -1.597003
Van 0.000000 2.000000 -0.390000 802.798354 141.715731 974.157934 205.058862 2.660000 2.130000 6.640000 12.490000 1.350000 31.400000 -0.011417
Car 0.000000 0.000000 -1.430000 447.088880 176.942756 495.050640 208.417199 1.480000 1.710000 4.650000 -6.530000 1.700000 36.890000 -1.605198
Car 0.000000 0.000000 -1.300000 383.891613 166.057054 442.182617 208.381707 2.040000 1.660000 4.620000 -9.540000 1.710000 37.100000 -1.551690
Car 0.000000 0.000000 -1.800000 710.583656 169.654837 762.032825 200.305741 1.510000 1.720000 4.500000 7.040000 1.350000 37.830000 -1.616009
Van 0.000000 0.000000 1.490000 656.670175 150.711781 684.128622 182.465506 2.750000 2.040000 6.050000 5.940000 0.830000 65.520000 1.580412
Truck 0.000000 1.000000 1.580000 618.027115 139.279289 645.705794 183.223232 3.570000 2.250000 7.970000 2.480000 0.840000 62.650000 1.619564
DontCare -1.000000 -1.000000 -10.000000 548.100000 167.730000 577.310000 193.810000 -1.000000 -1.000000 -1.000000 -1000.000000 -1000.000000 -1000.000000 -9.214602
