Car 0.000000 1.000000 -2.640000 38.668021 191.028129 264.055024 269.940563 1.440000 1.520000 3.500000 -8.520000 1.820000 14.360000 -3.175489
Car 0.000000 1.000000 -2.750000 201.766519 182.408682 353.843039 243.597933 1.590000 1.520000 3.470000 -8.540000 1.860000 19.780000 -3.157573
Car 0.000000 2.000000 -2.780000 253.264865 179.375503 387.007420 231.783789 1.580000 1.550000 3.590000 -8.570000 1.790000 22.720000 -3.140699
Car 0.000000 2.000000 -2.810000 318.968006 176.127244 436.763269 221.475443 1.710000 1.690000 4.060000 -8.540000 1.840000 28.260000 -3.103468
Car 0.000000 2.000000 -2.900000 355.723028 180.788266 450.477520 217.117462 1.510000 1.610000 3.650000 -8.400000 1.860000 31.200000 -3.162995
Car 0.000000 2.000000 -2.980000 393.182662 178.029255 462.289126 210.213930 1.660000 1.620000 3.340000 -9.170000 1.940000 38.440000 -3.214177
Car 0.000000 2.000000 -3.000000 412.311059 182.342733 485.392846 207.632941 1.410000 1.590000 3.940000 -8.800000 1.970000 41.840000 -3.207303
Car 0.000000 2.000000 -2.940000 429.131687 174.655184 492.654512 202.943402 1.690000 1.770000 3.510000 -8.580000 1.800000 44.120000 -3.132072
Car 0.000000 2.000000 -2.990000 443.455922 175.903092 507.094403 201.189686 1.610000 1.660000 3.860000 -8.240000 1.810000 47.020000 -3.163483
Car 0.000000 2.000000 2.740000 455.627367 175.856416 515.934141 199.050292 1.590000 1.710000 3.900000 -8.380000 1.810000 51.680000 2.579247
DontCare -1.000000 -1.000000 -10.000000 640.450000 172.100000 654.360000 182.240000 -1.000000 -1.000000 -1.000000 -1000.000000 -1000.000000 -1000.000000 -9.214602
DontCare -1.000000 -1.000000 -10.000000 614.580000 178.860000 632.020000 189.560000 -1.000000 -1.000000 -1.000000 -1000.000000 -1000.000000 -1000.000000 -9.214602
DontCare -1.000000 -1.000000 -10.000000 528.020000 173.120000 561.850000 189.540000 -1.000000 -1.000000 -1.000000 -1000.000000 -1000.000000 -1000.000000 -9.214602
DontCare -1.000000 -1.000000 -10.000000 724.110000 157.130000 1097.920000 174.280000 -1.000000 -1.000000 -1.000000 -1000.000000 -1000.000000 -1000.000000 -9.214602
DontCare -1.000000 -1.000000 -10.000000 1009.600000 153.150000 1032.560000 213.610000 -1.000000 -1.000000 -1.000000 -1000.000000 -1000.000000 -1000.000000 -9.214602
DontCare -1.000000 -1.000000 -10.000000 598.100000 171.900000 623.140000 181.320000 -1.000000 -1.000000 -1.000000 -1000.000000 -1000.000000 -1000.000000 -9.214602
