Car 0.000000 0.000000 -1.590000 580.853668 175.006750 624.516226 216.594943 1.560000 1.650000 3.690000 0.190000 1.650000 29.110000 -1.583473
Car 0.870000 0.000000 -1.540000 951.762390 186.182669 1448.619220 612.293212 1.400000 1.650000 4.180000 4.270000 1.520000 4.560000 -0.787433
Car 0.000000 0.000000 -1.290000 784.289758 165.888899 1070.439458 358.137910 1.590000 1.650000 3.940000 4.150000 1.530000 7.960000 -0.809413
Car 0.000000 2.000000 -1.110000 729.028178 174.035915 955.534675 285.378867 1.480000 1.730000 4.060000 4.350000 1.500000 11.650000 -0.752641
Car 0.000000 2.000000 -0.990000 702.211375 167.547458 878.697582 256.166499 1.630000 1.610000 3.960000 4.360000 1.530000 15.170000 -0.710134
Car 0.000000 2.000000 -0.960000 701.220419 175.738060 830.507870 238.924152 1.490000 1.630000 3.360000 4.610000 1.570000 18.890000 -0.720634
Car 0.000000 2.000000 -0.900000 679.956716 174.700131 805.559469 224.579033 1.410000 1.600000 4.090000 4.680000 1.470000 22.460000 -0.694569
Car 0.000000 1.000000 1.670000 519.937700 177.660540 541.021583 192.368764 1.370000 1.640000 3.920000 -7.220000 1.850000 70.450000 1.567873
Car 0.000000 0.000000 1.760000 450.600179 181.872760 493.939126 211.300797 1.380000 1.470000 3.620000 -6.470000 1.860000 36.770000 1.585824
Car 0.000000 1.000000 -0.830000 656.136317 172.678222 743.104455 207.117202 1.490000 1.590000 4.090000 4.650000 1.480000 33.130000 -0.690555
Car 0.000000 2.000000 -0.890000 641.372269 173.757549 711.274616 200.559471 1.400000 1.630000 4.050000 4.200000 1.450000 39.830000 -0.784940
Van 0.000000 2.000000 -0.920000 632.405333 168.738608 689.241674 194.735939 1.880000 1.820000 4.640000 4.390000 1.580000 54.510000 -0.839638
Car 0.000000 2.000000 1.770000 455.954006 176.112938 487.272462 197.141361 1.670000 1.680000 4.490000 -11.000000 1.950000 60.260000 1.589446
Car 0.000000 1.000000 1.780000 434.652231 176.289398 455.148980 192.307232 1.470000 1.290000 2.950000 -15.100000 1.800000 68.330000 1.562509
DontCare -1.000000 -1.000000 -10.000000 575.810000 167.550000 587.570000 181.500000 -1.000000 -1.000000 -1.000000 -1000.000000 -1000.000000 -1000.000000 -9.214602
DontCare -1.000000 -1.000000 -10.000000 550.860000 174.970000 569.970000 182.160000 -1.000000 -1.000000 -1.000000 -1000.000000 -1000.000000 -1000.000000 -9.214602
