Car 0.000000 0.000000 -1.610000 504.173705 176.032179 705.266588 368.798686 1.560000 1.650000 3.690000 0.470000 1.600000 7.760000 -1.549507
Car 0.960000 0.000000 -1.580000 1027.454564 176.754478 1685.576512 729.656041 1.490000 1.630000 4.160000 4.390000 1.520000 3.980000 -0.745656
Car 0.000000 1.000000 -0.990000 700.939585 170.360848 825.018808 227.153281 1.540000 1.720000 3.880000 5.110000 1.470000 21.520000 -0.756864
Car 0.000000 2.000000 -0.930000 676.946162 173.326720 750.908343 209.101371 1.520000 1.490000 3.460000 5.200000 1.540000 32.440000 -0.771056
Car 0.000000 2.000000 -0.880000 658.700219 174.484049 725.424084 201.585911 1.390000 1.610000 3.650000 4.970000 1.480000 39.060000 -0.753440
Car 0.000000 0.000000 1.780000 500.080529 177.827854 535.920398 201.646798 1.450000 1.580000 3.420000 -5.380000 1.780000 46.440000 1.664666
Car 0.000000 0.000000 2.130000 14.604372 193.430926 209.067414 268.747225 1.340000 1.570000 4.010000 -10.260000 1.850000 15.950000 1.558377
Car 0.000000 1.000000 1.760000 576.052833 173.562365 600.434270 189.404024 1.520000 1.650000 4.100000 -1.610000 1.590000 71.580000 1.737511
Car 0.000000 0.000000 1.930000 339.481461 181.198159 415.066961 217.303475 1.450000 1.650000 4.630000 -9.850000 1.850000 32.430000 1.635124
Car 0.000000 1.000000 1.840000 392.070686 174.317419 442.732406 210.099187 1.810000 1.590000 3.930000 -9.750000 1.890000 38.640000 1.592830
Car 0.000000 1.000000 1.900000 449.169373 175.848043 493.010974 200.179753 1.560000 1.620000 4.190000 -8.870000 1.770000 48.990000 1.720883
Car 0.000000 2.000000 1.990000 508.539975 176.571514 548.268674 194.036944 1.420000 1.670000 4.530000 -6.460000 1.750000 62.100000 1.886347
Car 0.000000 1.000000 2.150000 221.968832 178.654976 300.241115 215.591249 1.470000 1.480000 3.210000 -14.390000 1.730000 30.940000 1.714665
Car 0.000000 2.000000 2.340000 212.215720 179.544796 294.679432 206.986409 1.470000 1.780000 4.340000 -20.220000 1.880000 42.130000 1.892526
