Car 1.000000 0.000000 -2.160000 1099.450746 181.545773 3378.208057 1542.201137 1.610000 1.600000 3.110000 3.630000 1.660000 2.610000 -1.212573
Car 0.000000 0.000000 3.030000 422.029816 164.102756 694.015440 270.228724 1.790000 1.690000 4.720000 -0.480000 1.640000 13.350000 2.994060
Car 0.830000 0.000000 -0.050000 -140.120970 163.433311 14.716827 208.759683 1.480000 1.740000 3.920000 -23.240000 1.170000 25.560000 -0.787893
Car 0.810000 1.000000 -1.580000 1165.570580 175.299891 1333.517792 303.295805 1.570000 1.650000 3.350000 9.940000 1.610000 10.710000 -0.831873
Car 0.000000 0.000000 1.970000 817.377881 176.536041 939.317595 234.611602 1.430000 1.700000 3.950000 8.000000 1.540000 20.020000 2.350162
Car 0.000000 0.000000 1.860000 969.948638 165.899471 1048.676000 207.474646 1.540000 1.680000 3.790000 16.380000 1.280000 28.640000 2.379522
DontCare -1.000000 -1.000000 -10.000000 0.000000 176.060000 34.420000 215.690000 -1.000000 -1.000000 -1.000000 -1000.000000 -1000.000000 -1000.000000 -9.214602
DontCare -1.000000 -1.000000 -10.000000 753.310000 160.440000 798.140000 187.560000 -1.000000 -1.000000 -1.000000 -1000.000000 -1000.000000 -1000.000000 -9.214602
DontCare -1.000000 -1.000000 -10.000000 1072.100000 152.100000 1122.140000 197.970000 -1.000000 -1.000000 -1.000000 -1000.000000 -1000.000000 -1000.000000 -9.214602
DontCare -1.000000 -1.000000 -10.000000 1145.000000 159.400000 1220.040000 187.570000 -1.000000 -1.000000 -1.000000 -1000.000000 -1000.000000 -1000.000000 -9.214602
DontCare -1.000000 -1.000000 -10.000000 875.190000 157.310000 1004.400000 182.350000 -1.000000 -1.000000 -1.000000 -1000.000000 -1000.000000 -1000.000000 -9.214602
