Car 0.440000 0.000000 2.240000 -173.281969 195.755542 150.296496 317.307078 1.470000 1.630000 4.110000 -9.020000 1.900000 11.560000 1.577402
Tram 0.000000 0.000000 -1.660000 686.128388 152.766991 726.737444 188.582776 3.330000 2.370000 23.290000 10.720000 1.460000 78.770000 -1.524739
Car 0.000000 0.000000 2.030000 164.488169 176.865549 307.426678 257.148740 1.800000 1.610000 3.830000 -8.810000 1.910000 18.290000 1.581112
Car 0.000000 1.000000 2.030000 278.341491 187.278905 373.192924 238.086337 1.450000 1.450000 3.400000 -8.610000 1.950000 23.360000 1.676871
Car 0.000000 1.000000 1.900000 336.187256 178.611336 418.952857 228.130274 1.750000 1.710000 4.310000 -8.470000 1.990000 28.190000 1.608120
Car 0.000000 0.000000 1.820000 423.162724 182.312118 474.871710 214.250396 1.530000 1.660000 4.010000 -7.870000 2.050000 37.810000 1.614784
Car 0.000000 2.000000 1.800000 452.926214 181.393518 495.358359 208.267971 1.480000 1.600000 3.900000 -7.540000 2.010000 42.990000 1.626376
DontCare -1.000000 -1.000000 -10.000000 522.060000 176.060000 548.140000 193.810000 -1.000000 -1.000000 -1.000000 -1000.000000 -1000.000000 -1000.000000 -9.214602
DontCare -1.000000 -1.000000 -10.000000 761.650000 166.690000 774.190000 187.560000 -1.000000 -1.000000 -1.000000 -1000.000000 -1000.000000 -1000.000000 -9.214602
DontCare -1.000000 -1.000000 -10.000000 823.100000 162.520000 836.680000 194.850000 -1.000000 -1.000000 -1.000000 -1000.000000 -1000.000000 -1000.000000 -9.214602
DontCare -1.000000 -1.000000 -10.000000 665.810000 168.770000 683.560000 180.270000 -1.000000 -1.000000 -1.000000 -1000.000000 -1000.000000 -1000.000000 -9.214602
