Van 0.000000 0.000000 -1.590000 442.275747 168.149480 477.413382 206.149678 2.000000 1.820000 4.430000 -7.910000 1.750000 40.330000 -1.783673
Cyclist 0.000000 0.000000 -1.660000 485.332791 168.401308 534.864143 268.236119 1.740000 0.820000 1.790000 -1.420000 1.660000 13.530000 -1.764569
Car 0.360000 0.000000 -1.610000 814.607758 174.858211 1149.097325 471.442200 1.510000 1.690000 4.040000 3.450000 1.530000 5.880000 -1.079392
Car 0.000000 0.000000 -1.930000 615.125428 179.572108 818.980463 316.212446 1.460000 1.580000 3.930000 1.710000 1.570000 9.990000 -1.760472
Car 0.000000 1.000000 1.940000 24.542279 195.645793 254.478244 316.448297 1.500000 1.680000 4.030000 -6.930000 1.940000 11.880000 1.411926
Van 0.000000 2.000000 1.800000 180.410706 180.382789 310.997269 268.828450 1.770000 1.710000 4.310000 -7.950000 1.970000 17.110000 1.365038
Car 0.000000 1.000000 -1.780000 556.889151 172.486797 656.831788 249.741628 1.600000 1.700000 3.560000 0.300000 1.590000 16.850000 -1.762198
Car 0.000000 2.000000 -1.770000 526.674664 175.945534 606.403583 232.254144 1.520000 1.730000 3.890000 -0.920000 1.620000 21.800000 -1.812177
Car 0.000000 2.000000 1.690000 261.514339 191.502792 337.008511 247.242171 1.440000 1.600000 3.790000 -8.900000 2.060000 22.040000 1.306212
Pedestrian 0.000000 2.000000 1.180000 698.689831 160.324529 742.591639 231.475227 1.690000 0.800000 0.880000 3.180000 1.390000 17.650000 1.358258
Car 0.000000 2.000000 1.690000 296.943500 186.056040 353.042116 227.988329 1.420000 1.510000 3.710000 -10.360000 1.960000 27.660000 1.331626
Car 0.000000 2.000000 -1.710000 514.065440 177.684149 566.109922 217.937876 1.370000 1.510000 3.490000 -2.170000 1.560000 26.870000 -1.790584
DontCare -1.000000 -1.000000 -10.000000 418.940000 168.770000 430.440000 196.940000 -1.000000 -1.000000 -1.000000 -1000.000000 -1000.000000 -1000.000000 -9.214602
DontCare -1.000000 -1.000000 -10.000000 311.650000 152.100000 413.780000 202.140000 -1.000000 -1.000000 -1.000000 -1000.000000 -1000.000000 -1000.000000 -9.214602
DontCare -1.000000 -1.000000 -10.000000 432.480000 168.770000 450.230000 178.190000 -1.000000 -1.000000 -1.000000 -1000.000000 -1000.000000 -1000.000000 -9.214602
