Van 0.600000 0.000000 1.970000 -340.054797 103.445694 397.273046 566.009741 2.050000 2.020000 5.180000 -2.880000 1.740000 5.840000 1.511847
Car 0.930000 1.000000 2.310000 -872.927683 214.683507 93.181223 590.405467 1.400000 1.590000 3.890000 -5.290000 1.810000 5.120000 1.508273
Car 1.000000 0.000000 0.670000 1006.860000 208.440000 1241.000000 374.000000 1.440000 1.590000 3.510000 2.510000 1.590000 1.530000 1.693376
Car 0.000000 0.000000 -1.700000 648.575828 180.858020 726.387064 241.849441 1.410000 1.640000 3.770000 2.430000 1.640000 19.060000 -1.573192
Car 0.000000 0.000000 1.700000 494.817282 182.124804 532.769280 207.498743 1.430000 1.760000 3.970000 -5.330000 2.020000 44.110000 1.579749
Car 0.000000 1.000000 1.810000 388.143985 186.881855 470.298957 239.823410 1.490000 1.610000 3.940000 -5.250000 1.980000 23.340000 1.588747
Car 0.000000 2.000000 1.790000 428.740656 184.036366 494.200268 225.964663 1.480000 1.660000 3.900000 -5.290000 1.950000 28.500000 1.606475
Car 0.000000 2.000000 1.930000 235.203972 202.003710 393.552924 283.364449 1.310000 1.580000 4.230000 -5.540000 2.010000 15.260000 1.581755
DontCare -1.000000 -1.000000 -10.000000 532.510000 177.270000 563.850000 191.640000 -1.000000 -1.000000 -1.000000 -1000.000000 -1000.000000 -1000.000000 -9.214602
DontCare -1.000000 -1.000000 -10.000000 583.160000 172.810000 606.140000 184.660000 -1.000000 -1.000000 -1.000000 -1000.000000 -1000.000000 -1000.000000 -9.214602
DontCare -1.000000 -1.000000 -10.000000 557.480000 176.060000 581.480000 185.480000 -1.000000 -1.000000 -1.000000 -1000.000000 -1000.000000 -1000.000000 -9.214602
DontCare -1.000000 -1.000000 -10.000000 610.600000 172.940000 664.810000 185.480000 -1.000000 -1.000000 -1.000000 -1000.000000 -1000.000000 -1000.000000 -9.214602
