Car 0.960000 0.000000 -2.280000 910.532385 199.216710 2398.480848 956.468208 1.430000 1.590000 4.210000 3.560000 1.640000 3.660000 -1.508451
Car 0.000000 0.000000 2.230000 130.293102 183.349403 309.572659 253.342854 1.410000 1.590000 4.010000 -8.640000 1.690000 17.290000 1.766584
Pedestrian 0.000000 0.000000 0.270000 378.590516 168.252728 408.623528 235.547361 1.720000 0.740000 0.560000 -5.150000 1.600000 18.810000 0.002759
Cyclist 0.000000 1.000000 2.920000 953.411649 165.979204 1084.591761 259.509845 1.600000 0.880000 1.930000 7.820000 1.480000 13.060000 3.459518
Car 0.000000 0.000000 2.520000 552.406591 171.490410 648.098732 209.127890 1.590000 1.640000 4.080000 0.090000 1.530000 32.330000 2.522784
Car 0.000000 1.000000 2.850000 788.425243 169.255412 890.169756 198.837558 1.460000 1.640000 4.630000 12.030000 1.280000 36.490000 3.168458
Van 0.000000 1.000000 2.780000 1059.302140 157.358585 1168.993230 197.432650 1.830000 1.710000 3.920000 24.340000 1.120000 34.270000 3.397567
Car 0.000000 2.000000 -0.700000 554.061580 174.667107 622.213756 203.676811 1.490000 1.590000 3.460000 -0.660000 1.590000 39.010000 -0.716917
Car 0.000000 2.000000 0.530000 234.120829 179.693597 329.697165 213.978019 1.500000 1.620000 3.670000 -14.470000 1.820000 32.990000 0.116652
Car 0.000000 2.000000 1.810000 561.904241 176.307348 587.625625 193.681996 1.450000 1.300000 4.040000 -2.540000 1.760000 63.160000 1.769806
Car 0.000000 1.000000 1.910000 519.992617 176.880072 550.046999 194.876678 1.500000 1.440000 3.690000 -6.000000 1.860000 62.980000 1.815018
DontCare -1.000000 -1.000000 -10.000000 724.150000 169.810000 737.730000 180.270000 -1.000000 -1.000000 -1.000000 -1000.000000 -1000.000000 -1000.000000 -9.214602
DontCare -1.000000 -1.000000 -10.000000 671.020000 169.810000 684.600000 184.440000 -1.000000 -1.000000 -1.000000 -1000.000000 -1000.000000 -1000.000000 -9.214602
