Car 0.000000 1.000000 -2.710000 145.320994 169.180543 375.058741 270.247418 1.860000 1.690000 3.690000 -6.250000 1.790000 14.150000 -3.125927
Car 0.000000 2.000000 -2.800000 249.109254 174.042985 429.725195 241.777497 1.680000 1.690000 4.070000 -6.460000 1.710000 18.790000 -3.131141
Car 0.000000 1.000000 -1.850000 810.924595 151.240913 885.985679 200.361291 2.040000 1.990000 4.820000 11.080000 1.140000 32.420000 -1.520681
Car 0.000000 1.000000 -1.940000 868.179477 161.123998 934.430603 195.555697 1.490000 1.560000 3.880000 13.800000 0.980000 33.180000 -1.545851
Car 0.000000 2.000000 -2.880000 327.091247 178.205652 465.900367 224.973568 1.480000 1.560000 4.120000 -6.480000 1.660000 23.800000 -3.145825
Car 0.000000 2.000000 -2.920000 357.298300 176.883705 464.228316 219.711604 1.510000 1.590000 3.500000 -6.750000 1.660000 26.440000 -3.169956
Car 0.000000 2.000000 -2.910000 368.805310 170.081205 493.837747 214.917986 1.740000 1.750000 4.570000 -6.590000 1.630000 28.890000 -3.134269
DontCare -1.000000 -1.000000 -10.000000 463.730000 169.810000 533.560000 196.940000 -1.000000 -1.000000 -1.000000 -1000.000000 -1000.000000 -1000.000000 -9.214602
DontCare -1.000000 -1.000000 -10.000000 526.230000 165.650000 566.900000 191.730000 -1.000000 -1.000000 -1.000000 -1000.000000 -1000.000000 -1000.000000 -9.214602
DontCare -1.000000 -1.000000 -10.000000 757.480000 158.350000 813.770000 180.270000 -1.000000 -1.000000 -1.000000 -1000.000000 -1000.000000 -1000.000000 -9.214602
DontCare -1.000000 -1.000000 -10.000000 953.310000 155.230000 998.140000 177.150000 -1.000000 -1.000000 -1.000000 -1000.000000 -1000.000000 -1000.000000 -9.214602
DontCare -1.000000 -1.000000 -10.000000 618.940000 162.520000 702.320000 185.480000 -1.000000 -1.000000 -1.000000 -1000.000000 -1000.000000 -1000.000000 -9.214602
