Car 0.100000 1.000000 0.880000 1081.047841 184.845928 1220.268514 234.967887 1.570000 1.710000 3.940000 19.210000 1.730000 24.480000 1.545356
Car 0.000000 1.000000 -2.280000 1017.893077 184.455517 1139.897636 232.339618 1.470000 1.620000 3.360000 16.290000 1.610000 23.750000 -1.678804
Car 0.000000 1.000000 -2.150000 939.114821 182.472030 1051.728247 233.946903 1.620000 1.720000 3.580000 13.750000 1.690000 24.230000 -1.633837
Car 0.000000 1.000000 -1.640000 593.061127 172.724201 625.878256 202.647165 1.490000 1.530000 3.180000 0.720000 1.100000 36.830000 -1.620453
Pedestrian 0.000000 0.000000 -1.490000 179.169567 151.671136 200.363861 199.192113 1.990000 0.730000 0.530000 -17.100000 0.780000 30.000000 -2.008069
Pedestrian 0.000000 0.000000 2.030000 217.701395 153.956745 262.544313 217.337572 1.880000 0.710000 1.280000 -10.630000 1.090000 21.610000 1.572852
Cyclist 0.000000 1.000000 1.160000 623.153854 151.346256 678.774065 241.299373 2.090000 0.740000 1.810000 1.600000 1.410000 17.400000 1.251696
Pedestrian 0.000000 1.000000 1.960000 220.201033 153.689620 249.369713 202.172765 1.930000 0.730000 0.960000 -14.480000 0.860000 28.650000 1.492034
Pedestrian 0.000000 1.000000 0.990000 390.189044 156.928819 464.106844 266.277820 1.890000 0.870000 1.090000 -2.760000 1.480000 12.910000 0.779383
Pedestrian 0.000000 1.000000 0.930000 435.545299 155.803535 504.613364 260.131157 1.890000 0.880000 1.000000 -2.080000 1.440000 13.470000 0.776793
Pedestrian 0.000000 0.000000 0.900000 474.987263 154.268089 555.256615 270.264251 1.890000 0.880000 1.130000 -1.070000 1.460000 12.230000 0.812732
Pedestrian 0.000000 1.000000 0.480000 703.469331 150.190306 813.962623 315.066121 1.890000 0.840000 1.060000 2.390000 1.540000 8.770000 0.746059
Pedestrian 0.000000 1.000000 0.450000 737.428122 154.015860 849.407866 301.686790 1.770000 0.900000 1.110000 2.930000 1.450000 9.180000 0.758952
Pedestrian 0.000000 0.000000 0.700000 497.467733 160.414491 603.730826 316.061751 1.840000 0.780000 1.120000 -0.210000 1.600000 9.010000 0.676697
Pedestrian 0.000000 0.000000 0.650000 549.687468 155.132638 651.176243 302.172052 1.840000 0.740000 1.160000 0.420000 1.520000 9.500000 0.694182
Pedestrian 0.000000 1.000000 0.660000 595.551787 161.719441 685.723291 290.751649 1.700000 0.660000 1.100000 0.980000 1.450000 9.930000 0.758372
Pedestrian 0.000000 0.000000 0.970000 415.532850 156.428071 494.420105 280.349472 1.840000 0.790000 1.030000 -1.880000 1.480000 11.140000 0.802814
DontCare -1.000000 -1.000000 -10.000000 271.820000 157.260000 289.320000 198.400000 -1.000000 -1.000000 -1.000000 -1000.000000 -1000.000000 -1000.000000 -9.214602
