Pedestrian 0.000000 1.000000 -2.170000 1019.157064 124.992840 1127.887928 316.389331 1.670000 0.700000 0.440000 4.650000 1.250000 6.520000 -1.550476
Cyclist 0.000000 0.000000 1.980000 172.821665 164.837308 299.577443 351.812469 1.810000 0.510000 1.710000 -3.510000 1.730000 7.840000 1.559057
Car 0.070000 0.000000 -1.980000 746.314483 170.394216 1050.326318 389.755391 1.570000 1.540000 3.220000 2.850000 1.550000 6.780000 -1.582071
Car 0.000000 1.000000 -1.780000 682.421444 159.256069 823.933053 285.374220 1.740000 1.600000 3.860000 2.650000 1.550000 11.890000 -1.560708
Car 0.000000 2.000000 -1.720000 660.609444 159.109852 755.375668 246.562392 1.830000 1.690000 4.440000 2.690000 1.540000 17.320000 -1.565919
Car 0.000000 2.000000 -1.660000 656.352239 171.553653 716.494834 227.225949 1.610000 1.620000 3.780000 2.820000 1.570000 22.780000 -1.536834
Pedestrian 0.000000 0.000000 0.650000 632.626714 160.719810 653.551418 198.049430 1.900000 0.420000 1.040000 2.200000 1.280000 37.220000 0.709039
Pedestrian 0.000000 1.000000 0.610000 641.606355 161.928437 661.077401 197.923191 1.870000 0.500000 0.900000 2.670000 1.300000 37.960000 0.680222
Car 0.000000 0.000000 1.660000 523.439454 167.076411 552.145665 195.535555 1.860000 1.570000 3.830000 -4.370000 1.480000 49.070000 1.571178
Pedestrian 0.000000 0.000000 -0.030000 592.108731 166.954427 604.998667 190.951501 1.780000 0.530000 0.950000 -0.350000 1.340000 53.800000 -0.036505
Car 0.000000 1.000000 1.790000 421.932953 176.741974 486.079999 221.431227 1.500000 1.460000 3.700000 -5.140000 1.650000 26.410000 1.597780
Car 0.990000 0.000000 2.510000 -2250.207123 210.436175 15.804980 974.248229 1.540000 1.700000 4.320000 -5.300000 1.850000 3.830000 1.564964
Car 0.040000 1.000000 2.090000 -66.281394 191.581777 276.622771 366.568492 1.540000 1.540000 3.720000 -5.110000 1.810000 8.620000 1.554886
Car 0.000000 1.000000 1.920000 216.060101 183.807453 391.972897 284.451016 1.570000 1.600000 4.240000 -5.130000 1.810000 13.840000 1.565036
Car 0.000000 1.000000 1.860000 338.176980 175.320685 443.547863 244.240893 1.650000 1.610000 3.730000 -5.240000 1.720000 19.290000 1.594757
