Van 0.000000 0.000000 -1.550000 681.456202 157.969540 785.096007 272.374257 1.980000 1.800000 4.540000 3.150000 1.720000 14.900000 -1.341658
Car 0.000000 0.000000 -1.150000 334.590072 188.688629 499.243898 271.130320 1.480000 1.710000 4.650000 -3.650000 1.890000 16.340000 -1.369770
Car 0.000000 1.000000 -0.950000 205.163588 169.090655 392.748286 268.017542 2.040000 1.660000 4.620000 -6.720000 1.960000 17.320000 -1.320111
Car 0.000000 0.000000 -1.470000 594.346209 175.024168 664.069393 226.923198 1.420000 1.640000 3.950000 1.160000 1.490000 21.990000 -1.417298
Car 0.000000 0.000000 -1.960000 991.253773 175.549674 1189.437780 267.838426 1.510000 1.720000 4.500000 9.690000 1.570000 14.320000 -1.365100
Car 0.000000 1.000000 -1.610000 786.305850 164.798129 831.876719 206.601455 1.700000 1.800000 4.500000 9.180000 1.370000 31.740000 -1.328458
Van 0.000000 0.000000 1.400000 835.923074 146.634842 891.358975 198.596807 2.750000 2.040000 6.050000 14.910000 1.360000 41.340000 1.746146
Car 0.550000 1.000000 -2.030000 1104.961010 162.060887 1337.719178 261.724197 1.640000 1.730000 4.430000 12.160000 1.460000 14.230000 -1.322880
Truck 0.000000 1.000000 1.500000 775.699674 126.774912 827.885393 199.964971 3.570000 2.250000 7.970000 10.800000 1.320000 39.320000 1.768059
Misc 0.000000 1.000000 2.270000 45.273065 210.297711 317.033596 272.629914 0.930000 2.390000 5.820000 -9.470000 2.000000 17.570000 1.775651
Car 0.000000 1.000000 -0.790000 5.004977 193.004461 217.329409 267.074274 1.530000 1.610000 4.730000 -12.150000 2.120000 18.730000 -1.365455
Car 0.520000 1.000000 -0.700000 -106.397434 199.851977 71.034440 261.471353 1.400000 1.560000 3.480000 -16.600000 2.210000 19.860000 -1.396222
Misc 0.240000 3.000000 2.400000 -58.553058 200.781572 94.066487 261.314850 1.340000 1.600000 2.680000 -14.790000 2.120000 18.760000 1.732385
Misc 0.000000 2.000000 2.330000 97.781600 178.956538 165.249839 226.553530 2.020000 1.310000 2.250000 -20.790000 2.300000 32.160000 1.756121
