Car 0.880000 0.000000 2.300000 -625.785027 209.749198 95.081760 505.890907 1.450000 1.520000 3.620000 -5.680000 1.840000 5.830000 1.527633
Car 0.000000 0.000000 1.820000 249.962617 194.141447 445.446094 322.823450 1.460000 1.620000 4.040000 -3.210000 1.840000 10.910000 1.533849
Car 0.000000 1.000000 2.040000 5.251663 197.722241 281.835858 338.012202 1.460000 1.580000 3.720000 -5.670000 1.870000 10.070000 1.527186
Cyclist 0.000000 1.000000 2.810000 801.627296 185.625346 985.357528 339.660300 1.550000 0.570000 1.730000 3.450000 1.690000 7.680000 3.232204
Cyclist 0.080000 0.000000 3.060000 894.243511 185.726450 1122.857131 392.059145 1.550000 0.690000 1.630000 3.820000 1.670000 6.180000 3.613639
Car 0.000000 2.000000 1.680000 469.877839 185.265068 531.730610 236.993685 1.570000 1.600000 3.990000 -3.190000 2.030000 24.870000 1.552430
Car 0.000000 1.000000 1.640000 521.695844 184.088899 556.067809 214.928846 1.520000 1.540000 3.680000 -3.280000 2.150000 38.760000 1.555578
Van 0.000000 1.000000 1.620000 539.301887 173.002154 568.477175 205.707029 2.470000 1.980000 5.810000 -3.900000 2.480000 57.440000 1.552207
Car 0.000000 1.000000 -0.130000 633.289730 182.690925 736.903484 223.179242 1.620000 1.650000 4.140000 3.570000 2.040000 30.130000 -0.012063
Car 0.000000 2.000000 -0.100000 629.719414 182.448585 721.794853 214.534669 1.550000 1.660000 4.470000 3.740000 2.040000 36.190000 0.002978
Car 0.000000 1.000000 0.000000 612.339241 180.932841 681.586425 209.766273 1.690000 1.760000 4.120000 2.750000 2.190000 43.860000 0.062618
Van 0.000000 1.000000 1.620000 559.435804 177.241074 580.472341 198.224239 2.130000 1.910000 6.400000 -3.750000 2.620000 77.780000 1.571824
Van 0.000000 1.000000 1.740000 398.009493 171.574669 507.449053 261.945718 1.950000 1.750000 4.630000 -3.240000 1.920000 17.890000 1.560835
DontCare -1.000000 -1.000000 -10.000000 607.480000 180.230000 626.270000 200.060000 -1.000000 -1.000000 -1.000000 -1000.000000 -1000.000000 -1000.000000 -9.214602
