Van 0.000000 0.000000 -1.600000 859.299735 150.486128 997.331364 294.464225 1.980000 1.800000 4.540000 5.900000 1.670000 12.360000 -1.154639
Car 0.000000 0.000000 -1.140000 465.592890 189.734452 640.014453 280.554592 1.480000 1.710000 4.650000 -0.500000 1.890000 15.150000 -1.172991
Car 0.000000 1.000000 -0.950000 339.234026 169.925895 524.360474 273.620558 2.040000 1.660000 4.620000 -3.400000 1.980000 16.640000 -1.151553
Car 0.000000 0.000000 -1.460000 737.382054 172.932762 818.416065 230.952466 1.420000 1.640000 3.950000 5.180000 1.420000 19.800000 -1.204119
Car 0.000000 2.000000 -1.640000 956.179039 164.400449 1016.475858 212.689409 1.700000 1.800000 4.500000 14.900000 1.400000 27.820000 -1.148291
Van 0.000000 0.000000 1.420000 1014.348810 140.794041 1081.695095 200.868029 2.750000 2.040000 6.050000 22.330000 1.280000 36.210000 1.972594
Truck 0.000000 2.000000 1.520000 941.759871 119.982633 1001.599811 203.220577 3.570000 2.250000 7.970000 17.890000 1.300000 35.040000 1.992059
Misc 0.000000 2.000000 2.340000 189.482210 210.176504 454.553585 274.587310 0.930000 2.390000 5.820000 -5.990000 1.980000 17.200000 2.004880
Car 0.000000 1.000000 -0.760000 160.812754 192.831093 356.139034 266.179027 1.530000 1.610000 4.730000 -8.470000 2.120000 18.900000 -1.181313
Car 0.000000 1.000000 -0.680000 80.443914 200.711663 231.232420 259.298973 1.400000 1.560000 3.480000 -12.560000 2.280000 20.950000 -1.220068
Misc 0.000000 2.000000 2.430000 118.757570 203.063603 250.943313 261.890183 1.340000 1.600000 2.680000 -10.940000 2.220000 19.540000 1.919605
Misc 0.000000 2.000000 2.350000 260.851492 179.105926 320.036571 224.691526 2.020000 1.310000 2.250000 -14.360000 2.320000 33.610000 1.946222
