Car 0.000000 0.000000 -1.550000 535.181739 183.609657 582.327834 222.401194 1.360000 1.690000 3.380000 -1.440000 1.800000 27.960000 -1.601457
Car 0.110000 3.000000 -1.270000 121.707863 194.152518 443.067650 398.758686 1.430000 1.620000 3.760000 -2.430000 1.700000 7.330000 -1.590113
Car 0.000000 2.000000 1.080000 125.124225 181.523485 332.883380 283.911923 1.570000 1.670000 4.200000 -6.610000 1.750000 13.280000 0.618161
Misc 0.000000 3.000000 -1.380000 405.114204 199.651293 467.481974 251.298824 1.110000 0.990000 2.580000 -3.830000 1.830000 18.150000 -1.587968
Misc 0.000000 3.000000 -1.430000 481.026609 188.343330 508.960506 222.091193 1.210000 0.740000 2.140000 -3.940000 1.830000 27.920000 -1.570192
Car 0.000000 2.000000 0.870000 317.318096 185.258261 441.724459 232.755347 1.390000 1.600000 4.250000 -7.190000 1.830000 23.900000 0.577776
Car 0.000000 2.000000 -2.190000 370.054075 180.689620 464.052883 225.650729 1.530000 1.620000 3.630000 -6.760000 1.840000 26.970000 -2.435589
Car 0.000000 2.000000 -2.200000 416.205481 182.996653 499.003328 215.719483 1.380000 1.740000 4.090000 -6.670000 1.880000 33.710000 -2.395341
Car 0.000000 2.000000 -2.270000 448.412493 183.092452 510.365487 211.754061 1.350000 1.480000 3.080000 -6.160000 1.890000 36.660000 -2.436475
Van 0.000000 3.000000 -2.300000 459.338971 173.512325 525.092093 205.306369 1.870000 1.790000 4.030000 -6.790000 1.910000 44.490000 -2.451450
Truck 1.000000 3.000000 -2.210000 791.820000 0.000000 1164.090000 374.000000 3.410000 2.570000 7.870000 3.240000 1.660000 3.970000 -1.525506
Car 0.000000 0.000000 -1.690000 642.088226 182.345857 725.593757 252.207961 1.450000 1.640000 3.700000 2.150000 1.700000 17.330000 -1.566568
Car 0.000000 2.000000 -1.680000 622.749425 182.271384 674.294749 224.518233 1.390000 1.540000 3.860000 1.840000 1.760000 26.570000 -1.610859
Truck 0.000000 3.000000 -1.630000 603.837632 137.345722 662.573955 214.060894 3.430000 2.550000 8.020000 1.500000 1.840000 36.290000 -1.588690
Car 0.000000 2.000000 2.160000 36.444367 185.506365 178.946549 236.771713 1.430000 1.730000 4.090000 -15.450000 1.870000 23.180000 1.572097
Car 0.000000 2.000000 -1.530000 548.174902 179.768605 583.538728 210.686157 1.520000 1.670000 3.610000 -1.790000 1.900000 38.090000 -1.576959
DontCare -1.000000 -1.000000 -10.000000 0.000000 233.350000 262.540000 373.000000 -1.000000 -1.000000 -1.000000 -1000.000000 -1000.000000 -1000.000000 -9.214602
