Car 0.000000 0.000000 -1.570000 573.312708 188.772505 653.057003 256.697375 1.360000 1.690000 3.380000 0.610000 1.770000 16.970000 -1.534070
Car 0.000000 1.000000 1.960000 280.819310 183.941346 360.985525 226.245678 1.590000 1.720000 3.860000 -11.460000 2.080000 30.090000 1.596104
Cyclist 0.000000 3.000000 2.910000 783.346769 177.002766 861.016944 236.984206 1.680000 0.860000 2.010000 6.570000 1.800000 20.780000 3.216224
Van 0.000000 3.000000 -1.630000 656.527518 164.621637 707.673637 221.358714 2.120000 1.860000 4.410000 3.330000 1.810000 29.210000 -1.516488
Pedestrian 0.000000 0.000000 0.010000 483.365251 174.181580 504.925693 234.665223 1.870000 0.640000 0.650000 -3.150000 1.910000 22.680000 -0.128006
Van 0.000000 3.000000 1.840000 393.872285 178.786735 438.249240 208.495851 1.710000 1.560000 4.120000 -11.380000 2.090000 44.430000 1.589257
Car 0.000000 1.000000 -2.340000 440.254220 180.776335 526.524063 220.575363 1.590000 1.630000 3.640000 -5.020000 1.950000 31.260000 -2.499229
Car 0.000000 2.000000 -2.410000 467.792290 183.600475 546.540079 212.442523 1.390000 1.610000 4.090000 -4.940000 1.980000 37.950000 -2.539443
Car 0.000000 2.000000 -2.410000 500.558366 185.112163 559.821062 211.068179 1.500000 1.570000 3.540000 -4.490000 2.290000 44.960000 -2.509537
Car 0.000000 2.000000 -1.520000 567.160914 183.410195 614.689945 225.092744 1.520000 1.670000 3.610000 -0.220000 1.970000 29.080000 -1.527565
DontCare -1.000000 -1.000000 -10.000000 563.730000 170.850000 608.560000 191.720000 -1.000000 -1.000000 -1.000000 -1000.000000 -1000.000000 -1000.000000 -9.214602
DontCare -1.000000 -1.000000 -10.000000 626.230000 169.810000 650.230000 188.600000 -1.000000 -1.000000 -1.000000 -1000.000000 -1000.000000 -1000.000000 -9.214602
