Car 0.000000 0.000000 -1.570000 569.151320 178.724532 622.812484 222.789107 1.360000 1.690000 3.380000 0.050000 1.570000 24.410000 -1.567952
Van 0.460000 3.000000 -1.770000 -177.304953 42.975935 240.748195 493.145726 2.210000 1.820000 4.690000 -4.400000 1.570000 5.770000 -2.421494
Car 0.000000 1.000000 -2.230000 210.934052 183.399323 423.609418 273.893041 1.420000 1.610000 4.030000 -5.040000 1.640000 13.470000 -2.588038
Car 0.000000 2.000000 -2.270000 386.184095 167.659386 509.323804 225.668451 1.760000 1.740000 4.160000 -4.930000 1.600000 23.860000 -2.473755
Car 0.000000 2.000000 -2.160000 422.284103 164.056446 514.199799 216.394745 1.830000 1.640000 3.710000 -4.890000 1.520000 27.130000 -2.338329
Car 0.000000 2.000000 -2.310000 473.167053 168.067007 545.467211 204.331340 1.800000 1.630000 3.790000 -4.790000 1.560000 37.660000 -2.436511
Van 0.000000 3.000000 -1.680000 637.930945 157.196959 684.522662 202.222975 2.380000 2.080000 5.750000 3.320000 1.550000 41.040000 -1.599279
Car 0.000000 2.000000 -1.550000 578.242566 174.922268 612.863450 205.962245 1.520000 1.670000 3.610000 -0.210000 1.630000 37.390000 -1.555616
Van 0.000000 3.000000 -2.290000 290.774854 159.032692 480.488401 251.139884 1.850000 1.670000 4.420000 -4.680000 1.570000 16.390000 -2.568138
Truck 0.000000 3.000000 2.010000 166.327669 134.968737 313.319472 215.174535 2.980000 2.460000 7.500000 -14.810000 1.570000 30.570000 1.558860
DontCare -1.000000 -1.000000 -10.000000 1131.400000 177.100000 1239.960000 203.180000 -1.000000 -1.000000 -1.000000 -1000.000000 -1000.000000 -1000.000000 -9.214602
DontCare -1.000000 -1.000000 -10.000000 546.020000 166.690000 589.810000 192.770000 -1.000000 -1.000000 -1.000000 -1000.000000 -1000.000000 -1000.000000 -9.214602
