Car 0.700000 1.000000 -2.240000 1086.274022 143.341542 1444.375758 291.046822 2.040000 1.990000 4.820000 11.160000 1.630000 12.430000 -1.508386
Car 0.780000 1.000000 -2.400000 -523.695933 184.767154 80.125372 381.970636 1.510000 1.590000 3.500000 -6.670000 1.630000 6.520000 -3.196770
Car 0.390000 1.000000 -2.510000 -235.723702 158.501932 258.281704 316.952452 1.740000 1.750000 4.570000 -6.530000 1.580000 8.810000 -3.147847
Car 0.000000 2.000000 0.470000 173.082505 165.252308 401.138428 253.832697 1.720000 1.680000 4.020000 -6.130000 1.570000 15.010000 0.082278
Car 0.000000 2.000000 -2.830000 225.166509 176.969654 428.206537 239.417827 1.410000 1.420000 4.270000 -6.150000 1.510000 17.170000 -3.173946
Car 0.000000 2.000000 -2.630000 5.153006 176.383538 317.902248 274.505098 1.500000 1.650000 4.140000 -6.750000 1.560000 11.920000 -3.145253
Car 0.000000 1.000000 0.200000 432.689453 175.445639 535.053633 206.488857 1.380000 1.660000 4.380000 -5.250000 1.500000 33.150000 0.042933
Car 0.000000 1.000000 0.960000 1000.045909 163.827244 1163.645475 230.852202 1.690000 1.730000 4.300000 13.560000 1.460000 20.360000 1.547549
Car 0.000000 2.000000 -0.090000 658.726537 171.879638 767.392668 210.227071 1.480000 1.860000 4.180000 4.540000 1.440000 28.910000 0.065767
Car 0.000000 2.000000 -0.130000 651.261530 166.466709 753.666168 206.501598 1.740000 1.660000 4.370000 4.560000 1.460000 32.210000 0.010636
DontCare -1.000000 -1.000000 -10.000000 607.480000 164.600000 624.190000 196.930000 -1.000000 -1.000000 -1.000000 -1000.000000 -1000.000000 -1000.000000 -9.214602
DontCare -1.000000 -1.000000 -10.000000 504.350000 168.770000 560.640000 199.020000 -1.000000 -1.000000 -1.000000 -1000.000000 -1000.000000 -1000.000000 -9.214602
