Car 0.000000 0.000000 -0.590000 196.018287 179.965687 324.908062 222.648924 1.350000 1.600000 3.860000 -11.790000 1.620000 25.570000 -1.022036
Van 0.000000 2.000000 2.380000 354.999370 166.770572 446.748403 205.730769 1.970000 1.770000 4.860000 -10.710000 1.660000 39.020000 2.112122
Pedestrian 0.000000 0.000000 -1.770000 854.453849 164.469299 882.935755 242.365495 1.650000 0.500000 0.500000 6.060000 1.470000 15.570000 -1.398830
Car 0.000000 1.000000 -0.810000 427.717653 174.485008 507.850618 207.833001 1.490000 1.530000 3.800000 -6.230000 1.570000 34.440000 -0.988959
Car 0.000000 1.000000 1.860000 633.724429 171.438890 663.647622 190.513283 1.720000 1.530000 4.550000 4.170000 1.590000 67.460000 1.921736
Car 0.000000 1.000000 -1.020000 567.620774 174.766823 620.946679 200.398831 1.490000 1.560000 3.650000 -0.420000 1.610000 44.200000 -1.029502
DontCare -1.000000 -1.000000 -10.000000 673.100000 167.730000 710.640000 190.690000 -1.000000 -1.000000 -1.000000 -1000.000000 -1000.000000 -1000.000000 -9.214602
DontCare -1.000000 -1.000000 -10.000000 774.150000 165.650000 806.480000 189.650000 -1.000000 -1.000000 -1.000000 -1000.000000 -1000.000000 -1000.000000 -9.214602
DontCare -1.000000 -1.000000 -10.000000 822.060000 165.650000 853.350000 182.360000 -1.000000 -1.000000 -1.000000 -1000.000000 -1000.000000 -1000.000000 -9.214602
DontCare -1.000000 -1.000000 -10.000000 905.400000 161.480000 1203.360000 184.440000 -1.000000 -1.000000 -1.000000 -1000.000000 -1000.000000 -1000.000000 -9.214602
DontCare -1.000000 -1.000000 -10.000000 142.900000 165.650000 203.360000 208.400000 -1.000000 -1.000000 -1.000000 -1000.000000 -1000.000000 -1000.000000 -9.214602
