Cyclist 0.000000 0.000000 -1.880000 803.951394 147.392110 854.730693 267.198292 1.800000 0.340000 1.690000 4.100000 1.300000 11.470000 -1.536700
Pedestrian 0.000000 0.000000 -1.010000 663.006313 161.771740 729.637197 273.834887 1.660000 0.610000 0.930000 1.920000 1.380000 11.020000 -0.837503
Misc 0.000000 0.000000 1.870000 286.935445 157.022369 389.781119 311.879677 1.830000 0.680000 1.810000 -2.940000 1.550000 9.260000 1.562571
Cyclist 0.000000 0.000000 -1.140000 475.335458 165.078955 517.918866 221.090770 1.770000 0.600000 1.950000 -3.050000 1.280000 23.360000 -1.269831
Pedestrian 0.000000 0.000000 -0.860000 856.837754 147.654330 893.619797 235.257637 1.780000 0.640000 0.360000 6.120000 1.110000 14.730000 -0.466222
Pedestrian 0.000000 1.000000 1.830000 662.215685 158.428286 687.718786 206.452408 1.800000 0.770000 0.840000 3.190000 0.970000 27.030000 1.947474
Pedestrian 0.000000 2.000000 -1.190000 659.228096 162.396544 678.206596 204.868482 1.800000 0.670000 0.500000 3.250000 1.030000 30.340000 -1.083288
Pedestrian 0.000000 1.000000 -1.190000 676.051197 157.791248 694.044117 200.492804 1.800000 0.630000 0.470000 3.930000 0.840000 30.160000 -1.060425
Pedestrian 0.000000 2.000000 2.480000 691.129036 154.700713 721.025952 200.683396 1.920000 0.550000 1.160000 4.810000 0.840000 30.040000 2.638772
Pedestrian 0.000000 2.000000 2.830000 704.703675 152.370149 733.011808 201.530043 1.970000 0.610000 1.000000 5.130000 0.840000 28.700000 3.006878
DontCare -1.000000 -1.000000 -10.000000 580.150000 162.400000 592.510000 177.840000 -1.000000 -1.000000 -1.000000 -1000.000000 -1000.000000 -1000.000000 -9.214602
DontCare -1.000000 -1.000000 -10.000000 552.400000 164.460000 579.150000 178.880000 -1.000000 -1.000000 -1.000000 -1000.000000 -1000.000000 -1000.000000 -9.214602
DontCare -1.000000 -1.000000 -10.000000 986.120000 154.180000 1015.950000 206.620000 -1.000000 -1.000000 -1.000000 -1000.000000 -1000.000000 -1000.000000 -9.214602
