Pedestrian 0.000000 0.000000 0.580000 88.940075 180.602095 149.489098 293.541502 1.550000 0.520000 0.500000 -6.450000 1.660000 10.200000 0.016131
Pedestrian 0.000000 0.000000 2.240000 -24.882764 167.482803 37.320704 259.827125 1.850000 0.700000 0.690000 -11.890000 1.740000 14.800000 1.563202
Misc 0.560000 0.000000 -2.170000 1070.834907 213.309325 1281.081437 398.262370 1.200000 0.530000 1.710000 5.010000 1.580000 5.940000 -1.469330
Pedestrian 0.000000 0.000000 1.860000 376.018226 165.588357 406.294709 231.033554 1.870000 0.720000 0.500000 -5.840000 1.660000 20.870000 1.587151
DontCare -1.000000 -1.000000 -10.000000 739.770000 162.520000 768.980000 214.650000 -1.000000 -1.000000 -1.000000 -1000.000000 -1000.000000 -1000.000000 -9.214602
DontCare -1.000000 -1.000000 -10.000000 714.770000 166.690000 727.310000 206.310000 -1.000000 -1.000000 -1.000000 -1000.000000 -1000.000000 -1000.000000 -9.214602
DontCare -1.000000 -1.000000 -10.000000 505.400000 162.520000 521.070000 189.650000 -1.000000 -1.000000 -1.000000 -1000.000000 -1000.000000 -1000.000000 -9.214602
DontCare -1.000000 -1.000000 -10.000000 194.980000 172.940000 381.480000 228.190000 -1.000000 -1.000000 -1.000000 -1000.000000 -1000.000000 -1000.000000 -9.214602
DontCare -1.000000 -1.000000 -10.000000 426.230000 162.520000 537.730000 209.440000 -1.000000 -1.000000 -1.000000 -1000.000000 -1000.000000 -1000.000000 -9.214602
DontCare -1.000000 -1.000000 -10.000000 565.810000 151.060000 650.230000 194.850000 -1.000000 -1.000000 -1.000000 -1000.000000 -1000.000000 -1000.000000 -9.214602
DontCare -1.000000 -1.000000 -10.000000 901.230000 158.350000 930.440000 233.390000 -1.000000 -1.000000 -1.000000 -1000.000000 -1000.000000 -1000.000000 -9.214602
DontCare -1.000000 -1.000000 -10.000000 1048.000000 197.940000 1114.500000 299.020000 -1.000000 -1.000000 -1.000000 -1000.000000 -1000.000000 -1000.000000 -9.214602
