Car 0.000000 0.000000 1.690000 377.991440 185.597126 429.635178 229.505429 1.780000 1.720000 4.000000 -8.740000 2.390000 32.570000 1.427831
Van 0.000000 0.000000 1.890000 318.720330 177.513516 378.227291 221.337382 2.870000 1.950000 6.580000 -17.940000 3.220000 51.260000 1.553343
Car 0.000000 0.000000 1.930000 52.351554 205.546823 221.291337 295.252578 1.470000 1.690000 3.740000 -9.300000 2.250000 15.270000 1.382962
Car 0.220000 1.000000 2.100000 -61.487729 212.628757 119.188402 291.919223 1.480000 1.540000 4.070000 -13.510000 2.570000 17.700000 1.448056
Car 0.000000 2.000000 0.190000 127.999293 200.602717 211.990273 225.516641 1.430000 1.550000 4.370000 -27.570000 3.260000 46.170000 -0.348315
Car 0.000000 0.000000 1.850000 849.364297 174.814628 891.521477 198.786757 1.480000 1.610000 3.610000 17.420000 1.610000 46.790000 2.206403
DontCare -1.000000 -1.000000 -10.000000 243.940000 194.810000 299.190000 214.640000 -1.000000 -1.000000 -1.000000 -1000.000000 -1000.000000 -1000.000000 -9.214602
DontCare -1.000000 -1.000000 -10.000000 438.730000 185.440000 470.020000 219.860000 -1.000000 -1.000000 -1.000000 -1000.000000 -1000.000000 -1000.000000 -9.214602
DontCare -1.000000 -1.000000 -10.000000 1032.500000 158.350000 1161.710000 190.680000 -1.000000 -1.000000 -1.000000 -1000.000000 -1000.000000 -1000.000000 -9.214602
DontCare -1.000000 -1.000000 -10.000000 996.020000 161.480000 1011.690000 190.690000 -1.000000 -1.000000 -1.000000 -1000.000000 -1000.000000 -1000.000000 -9.214602
DontCare -1.000000 -1.000000 -10.000000 906.440000 164.600000 968.980000 190.680000 -1.000000 -1.000000 -1.000000 -1000.000000 -1000.000000 -1000.000000 -9.214602
