Car 0.000000 0.000000 -1.770000 715.238513 179.329269 822.627825 255.933348 1.430000 1.590000 4.210000 3.840000 1.590000 15.960000 -1.533886
Car 0.000000 0.000000 2.700000 643.745707 173.038635 710.127669 195.357439 1.410000 1.590000 4.010000 4.860000 1.420000 47.020000 2.802995
Pedestrian 0.000000 0.000000 0.150000 488.245665 171.041879 503.984683 211.204834 1.720000 0.740000 0.560000 -4.440000 1.640000 31.270000 0.008954
Cyclist 0.000000 1.000000 -3.130000 809.890042 172.919890 868.137681 219.551806 1.600000 0.880000 1.930000 8.580000 1.600000 25.490000 -2.805310
Car 0.000000 1.000000 3.060000 820.452620 167.342931 886.771722 191.846500 1.590000 1.640000 4.080000 16.690000 1.230000 48.120000 3.393858
Car 0.000000 1.000000 2.880000 971.541537 167.067429 1059.680703 190.692360 1.460000 1.640000 4.630000 26.260000 1.100000 45.970000 3.399006
Van 0.140000 1.000000 2.700000 1152.763258 157.347558 1244.213755 188.613128 1.830000 1.710000 3.920000 35.930000 0.920000 43.540000 3.389930
Car 0.000000 0.000000 0.590000 357.826485 179.454575 419.413532 203.872060 1.490000 1.590000 3.460000 -13.600000 1.920000 45.990000 0.302478
Car 0.000000 0.000000 1.800000 590.300205 175.680777 611.523887 190.184582 1.450000 1.300000 4.040000 -0.400000 1.750000 75.070000 1.794672
Car 0.000000 0.000000 1.900000 555.182790 175.568037 579.752175 190.380248 1.500000 1.440000 3.690000 -3.920000 1.790000 75.760000 1.848304
DontCare -1.000000 -1.000000 -10.000000 614.770000 171.900000 654.390000 191.730000 -1.000000 -1.000000 -1.000000 -1000.000000 -1000.000000 -1000.000000 -9.214602
DontCare -1.000000 -1.000000 -10.000000 244.980000 179.190000 310.650000 211.520000 -1.000000 -1.000000 -1.000000 -1000.000000 -1000.000000 -1000.000000 -9.214602
DontCare -1.000000 -1.000000 -10.000000 47.060000 178.150000 157.520000 226.110000 -1.000000 -1.000000 -1.000000 -1000.000000 -1000.000000 -1000.000000 -9.214602
DontCare -1.000000 -1.000000 -10.000000 444.980000 175.020000 459.610000 197.980000 -1.000000 -1.000000 -1.000000 -1000.000000 -1000.000000 -1000.000000 -9.214602
