Car 0.000000 0.000000 -1.570000 571.968096 172.569754 633.579567 230.876339 1.560000 1.650000 3.690000 0.320000 1.550000 21.160000 -1.554878
Car 0.720000 0.000000 -1.440000 909.695584 177.351712 1364.798903 531.196808 1.400000 1.630000 4.050000 4.250000 1.440000 4.850000 -0.720441
Car 0.000000 1.000000 -1.250000 802.577332 173.017555 1067.704576 328.341127 1.450000 1.580000 3.870000 4.520000 1.450000 8.650000 -0.768481
Car 0.000000 2.000000 -1.130000 762.197954 160.923063 953.954529 269.077702 1.610000 1.670000 3.650000 4.900000 1.430000 12.600000 -0.759109
Van 0.000000 1.000000 -1.030000 679.180870 152.378245 831.610883 231.324149 1.880000 1.820000 4.640000 4.520000 1.390000 19.480000 -0.802002
Car 0.000000 1.000000 -0.960000 662.129506 170.292308 764.910525 213.861966 1.490000 1.630000 4.160000 4.390000 1.400000 26.730000 -0.797218
Car 0.000000 2.000000 -0.840000 647.456930 169.669402 710.901464 195.810924 1.540000 1.720000 3.880000 4.790000 1.350000 44.440000 -0.732629
Car 0.000000 0.000000 1.990000 231.679877 174.738941 338.393076 227.059370 1.670000 1.680000 4.490000 -10.810000 1.740000 25.450000 1.588337
Van 0.000000 1.000000 1.770000 438.682832 149.861461 504.595839 207.165332 2.910000 2.180000 6.910000 -7.040000 1.740000 40.120000 1.596295
Car 0.000000 1.000000 1.920000 315.447652 176.951484 387.257698 217.208148 1.630000 1.580000 4.200000 -10.790000 1.820000 31.760000 1.592499
Car 0.000000 1.000000 1.870000 376.208847 180.332654 429.050107 207.510091 1.340000 1.570000 4.010000 -10.560000 1.760000 38.720000 1.603748
Car 0.000000 2.000000 1.830000 451.565935 174.768491 489.189708 194.797010 1.450000 1.650000 4.630000 -10.090000 1.600000 55.060000 1.648756
Car 0.000000 2.000000 2.020000 249.013169 178.057574 307.557947 211.681093 1.470000 1.290000 2.950000 -14.850000 1.720000 33.500000 1.602745
DontCare -1.000000 -1.000000 -10.000000 534.560000 170.850000 562.730000 185.470000 -1.000000 -1.000000 -1.000000 -1000.000000 -1000.000000 -1000.000000 -9.214602
