Pedestrian 0.000000 0.000000 -1.560000 340.162916 178.787772 399.703997 318.426735 1.530000 0.610000 0.730000 -2.290000 1.600000 8.370000 -1.827061
Pedestrian 0.000000 0.000000 -1.420000 290.203462 171.216544 356.654241 320.963715 1.610000 0.540000 0.870000 -2.770000 1.590000 8.230000 -1.744664
Pedestrian 0.000000 0.000000 1.120000 701.213464 160.555077 748.300977 258.385348 1.890000 0.610000 0.920000 2.770000 1.650000 14.460000 1.309270
Pedestrian 0.000000 1.000000 1.030000 741.119864 157.320456 791.649518 257.013221 1.910000 0.690000 0.770000 3.570000 1.610000 14.290000 1.274814
Cyclist 0.000000 0.000000 1.750000 857.358180 178.617898 891.313015 240.986731 1.410000 0.500000 1.320000 6.770000 1.550000 17.130000 2.126373
Cyclist 0.000000 0.000000 2.050000 886.950190 169.707023 941.486869 233.777921 1.580000 0.540000 1.700000 8.310000 1.500000 18.530000 2.471574
Pedestrian 0.000000 1.000000 0.340000 289.790610 168.993831 337.330306 260.351983 1.600000 0.300000 0.720000 -4.770000 1.530000 12.790000 -0.016970
DontCare -1.000000 -1.000000 -10.000000 639.770000 172.940000 662.730000 186.520000 -1.000000 -1.000000 -1.000000 -1000.000000 -1000.000000 -1000.000000 -9.214602
DontCare -1.000000 -1.000000 -10.000000 594.980000 175.020000 612.730000 196.940000 -1.000000 -1.000000 -1.000000 -1000.000000 -1000.000000 -1000.000000 -9.214602
DontCare -1.000000 -1.000000 -10.000000 685.600000 185.440000 721.060000 206.310000 -1.000000 -1.000000 -1.000000 -1000.000000 -1000.000000 -1000.000000 -9.214602
