Car 1.000000 3.000000 2.890000 0.000000 200.630000 171.200000 374.000000 1.540000 1.640000 4.080000 -2.730000 1.640000 0.750000 1.587314
Van 0.660000 1.000000 -2.480000 1017.753977 109.349912 1469.143932 300.600951 1.860000 1.750000 4.110000 7.980000 1.240000 9.200000 -1.765496
Car 0.000000 0.000000 1.940000 120.329442 190.390024 375.590677 342.129021 1.510000 1.610000 3.570000 -3.920000 1.780000 9.400000 1.544907
Car 0.000000 1.000000 1.870000 310.989955 181.987335 460.759997 271.334935 1.500000 1.600000 4.170000 -3.860000 1.710000 14.660000 1.612542
Car 0.000000 1.000000 1.950000 953.825043 155.659303 1080.442606 227.795145 1.710000 1.620000 3.560000 11.150000 1.300000 18.830000 2.484620
Car 0.000000 1.000000 2.060000 853.629016 164.808906 968.725150 223.711825 1.520000 1.580000 3.280000 8.970000 1.310000 20.250000 2.476987
Car 0.000000 1.000000 2.150000 813.070923 166.525262 909.587215 218.813536 1.550000 1.470000 2.970000 8.470000 1.360000 22.860000 2.504834
Car 0.000000 2.000000 2.270000 791.599167 169.110771 889.371147 214.579235 1.550000 1.430000 3.490000 8.850000 1.420000 26.110000 2.596798
Car 0.000000 2.000000 2.320000 774.186080 165.530705 868.592753 208.266740 1.620000 1.530000 3.650000 8.980000 1.340000 28.920000 2.621072
Car 0.000000 0.000000 -1.690000 655.241347 176.353153 726.140925 236.357716 1.580000 1.680000 3.930000 2.760000 1.690000 21.200000 -1.560539
Car 0.000000 1.000000 1.800000 456.727455 176.280006 526.881178 224.806884 1.580000 1.540000 3.980000 -3.650000 1.710000 25.830000 1.659621
Van 0.000000 2.000000 1.730000 486.388907 166.503291 544.914028 215.316016 1.980000 1.790000 4.390000 -3.540000 1.720000 31.500000 1.618089
Car 0.000000 2.000000 2.980000 707.698080 167.800916 778.474333 198.927058 1.710000 1.670000 3.700000 7.930000 1.430000 40.530000 3.173217
Truck 0.000000 3.000000 -1.490000 601.839024 144.049296 654.150246 196.923875 3.520000 2.890000 10.810000 2.030000 1.600000 53.570000 -1.452124
DontCare -1.000000 -1.000000 -10.000000 5.400000 197.940000 177.320000 219.860000 -1.000000 -1.000000 -1.000000 -1000.000000 -1000.000000 -1000.000000 -9.214602
DontCare -1.000000 -1.000000 -10.000000 536.650000 173.980000 575.230000 203.190000 -1.000000 -1.000000 -1.000000 -1000.000000 -1000.000000 -1000.000000 -9.214602
