Van 1.000000 0.000000 2.560000 0.000000 9.240000 372.520000 374.000000 2.130000 1.910000 6.400000 -2.590000 1.720000 1.480000 1.508350
Pedestrian 0.000000 0.000000 -1.890000 806.004120 155.559180 850.555131 246.497125 1.670000 0.700000 0.440000 4.550000 1.350000 13.470000 -1.564246
Cyclist 0.000000 0.000000 1.810000 371.975334 175.600588 429.875475 278.111930 1.710000 0.560000 1.680000 -3.230000 1.760000 12.920000 1.565021
Cyclist 0.000000 0.000000 1.740000 443.507433 170.678372 474.092091 239.038500 1.810000 0.510000 1.710000 -3.680000 1.750000 19.960000 1.557679
Car 0.000000 0.000000 -1.780000 672.465618 175.586876 776.230255 262.003812 1.570000 1.540000 3.220000 2.720000 1.630000 14.840000 -1.598724
Car 0.000000 2.000000 -1.700000 647.258546 168.138832 720.632544 237.901083 1.740000 1.600000 3.860000 2.430000 1.620000 19.930000 -1.578672
Car 0.000000 2.000000 -1.660000 637.471972 166.718742 694.731601 223.536736 1.830000 1.690000 4.440000 2.380000 1.630000 25.460000 -1.566791
Pedestrian 0.000000 0.000000 0.670000 603.505781 165.150615 620.272542 195.167596 1.900000 0.420000 1.040000 0.620000 1.410000 46.160000 0.683431
Pedestrian 0.000000 1.000000 0.690000 611.154950 167.100308 626.807410 196.369233 1.870000 0.500000 0.900000 1.080000 1.500000 46.580000 0.713182
Car 0.000000 0.000000 1.650000 525.607160 169.478135 549.790718 193.853082 1.860000 1.570000 3.830000 -5.170000 1.600000 56.980000 1.559514
Car 0.000000 2.000000 1.720000 460.321666 176.487445 503.927223 210.199309 1.500000 1.460000 3.700000 -5.540000 1.680000 34.360000 1.560142
Car 0.000000 2.000000 2.010000 91.700023 192.462013 344.626427 319.929300 1.540000 1.700000 4.320000 -5.410000 1.910000 11.540000 1.571619
Car 0.000000 1.000000 1.880000 289.287043 184.268636 413.862130 262.413646 1.540000 1.540000 3.720000 -5.310000 1.830000 16.620000 1.570756
DontCare -1.000000 -1.000000 -10.000000 580.400000 167.730000 587.730000 192.770000 -1.000000 -1.000000 -1.000000 -1000.000000 -1000.000000 -1000.000000 -9.214602
