Car 0.000000 0.000000 1.690000 395.824880 183.232701 445.662046 225.458281 1.780000 1.720000 4.000000 -8.230000 2.290000 33.530000 1.449307
Van 0.000000 0.000000 1.890000 335.494307 174.447947 393.616813 217.079803 2.870000 1.950000 6.580000 -17.090000 2.990000 52.110000 1.573093
Car 0.000000 0.000000 1.900000 104.147747 200.393143 252.640009 281.536653 1.470000 1.690000 3.740000 -9.130000 2.170000 16.410000 1.392281
Car 0.000000 1.000000 2.080000 -4.033351 209.962793 156.823991 282.647075 1.480000 1.540000 4.070000 -13.290000 2.560000 18.940000 1.468141
Car 0.000000 1.000000 0.190000 149.403784 196.658566 230.684785 220.735968 1.430000 1.550000 4.370000 -26.850000 3.030000 47.130000 -0.327843
Car 0.000000 0.000000 1.860000 863.899972 170.528343 905.984452 193.847145 1.480000 1.610000 3.610000 18.710000 1.330000 47.710000 2.233730
DontCare -1.000000 -1.000000 -10.000000 934.560000 160.440000 982.520000 180.270000 -1.000000 -1.000000 -1.000000 -1000.000000 -1000.000000 -1000.000000 -9.214602
DontCare -1.000000 -1.000000 -10.000000 447.060000 183.350000 490.850000 210.470000 -1.000000 -1.000000 -1.000000 -1000.000000 -1000.000000 -1000.000000 -9.214602
DontCare -1.000000 -1.000000 -10.000000 264.770000 190.650000 322.100000 215.690000 -1.000000 -1.000000 -1.000000 -1000.000000 -1000.000000 -1000.000000 -9.214602
DontCare -1.000000 -1.000000 -10.000000 1012.700000 157.310000 1200.240000 182.350000 -1.000000 -1.000000 -1.000000 -1000.000000 -1000.000000 -1000.000000 -9.214602
