Car 0.020000 0.000000 2.080000 -56.227254 202.738594 251.350435 357.295078 1.450000 1.520000 3.620000 -5.750000 1.910000 9.320000 1.527208
Car 0.000000 0.000000 1.760000 342.958222 193.044742 472.616033 284.523667 1.460000 1.620000 4.040000 -3.390000 1.920000 14.470000 1.529873
Car 0.000000 1.000000 1.940000 179.440876 197.640939 351.877527 295.434990 1.460000 1.580000 3.720000 -5.790000 1.990000 13.610000 1.537772
Cyclist 0.000000 1.000000 3.010000 757.039196 182.149415 874.067460 284.968809 1.550000 0.570000 1.730000 3.690000 1.700000 11.390000 3.323299
Car 0.640000 0.000000 2.460000 1096.978642 153.334025 1410.838048 259.659661 1.730000 1.550000 4.000000 11.560000 1.410000 12.630000 3.201194
Cyclist 0.000000 0.000000 -3.140000 786.618481 179.193066 915.963469 300.433778 1.550000 0.690000 1.630000 3.780000 1.640000 9.900000 -2.775265
Pedestrian 0.000000 2.000000 2.060000 152.622196 184.709803 189.284848 276.810364 1.840000 0.570000 0.280000 -8.400000 2.080000 14.600000 1.537908
Car 0.000000 2.000000 1.660000 480.322923 185.742985 532.301034 230.759615 1.570000 1.600000 3.990000 -3.510000 2.110000 28.340000 1.536774
Car 0.000000 0.000000 1.630000 531.208211 185.793833 556.797263 209.234724 1.520000 1.540000 3.680000 -4.100000 2.460000 50.690000 1.549292
Van 0.000000 1.000000 1.600000 546.101341 175.112125 567.349015 200.198006 2.470000 1.980000 5.810000 -4.940000 2.710000 74.510000 1.533797
Car 0.000000 1.000000 -0.120000 621.993756 182.265566 713.934027 218.272988 1.620000 1.650000 4.140000 3.160000 2.070000 33.800000 -0.026780
Car 0.000000 1.000000 0.000000 605.038265 180.183850 668.854772 206.707203 1.690000 1.760000 4.120000 2.280000 2.180000 47.490000 0.047973
Van 0.000000 1.000000 1.710000 429.636357 173.529928 514.539990 246.825273 1.950000 1.750000 4.630000 -3.500000 1.970000 21.570000 1.549140
