Car 0.000000 0.000000 1.810000 326.725016 181.890660 491.220626 302.897392 1.630000 1.600000 3.730000 -2.620000 1.800000 11.880000 1.592936
Car 0.880000 0.000000 -2.040000 814.550957 217.812559 1527.208190 797.512590 1.450000 1.500000 3.260000 2.570000 1.790000 3.780000 -1.442896
Car 0.000000 1.000000 -1.840000 690.802870 185.979168 857.320819 329.364054 1.590000 1.490000 3.340000 2.560000 1.800000 9.990000 -1.589142
Car 0.000000 1.000000 -1.750000 648.314769 189.364135 749.099066 275.551436 1.540000 1.600000 3.520000 2.250000 1.930000 15.360000 -1.604550
Car 0.000000 2.000000 -1.420000 424.760888 187.004411 514.688019 261.895804 1.540000 1.500000 3.480000 -2.760000 1.910000 17.240000 -1.578746
Car 0.000000 2.000000 1.710000 461.306465 186.750190 531.538217 239.241483 1.440000 1.630000 3.320000 -2.950000 1.900000 22.340000 1.578709
Car 0.000000 2.000000 -1.760000 639.036925 184.429136 707.236889 241.038671 1.550000 1.550000 3.270000 2.350000 1.930000 22.140000 -1.654253
Car 0.000000 2.000000 -1.680000 623.673380 186.632524 675.847617 231.328880 1.480000 1.600000 3.790000 1.910000 2.030000 27.000000 -1.609377
Car 0.000000 1.000000 1.690000 514.287422 185.381311 553.386425 218.275311 1.560000 1.550000 3.640000 -3.410000 2.240000 37.460000 1.599220
Car 0.000000 1.000000 1.650000 538.141627 177.042127 572.365344 211.122557 1.910000 1.660000 4.220000 -2.720000 2.170000 43.080000 1.586945
Car 0.000000 1.000000 1.670000 552.527378 179.510684 584.203511 208.319910 1.830000 1.690000 4.280000 -2.280000 2.300000 49.020000 1.623522
DontCare -1.000000 -1.000000 -10.000000 597.080000 185.140000 642.930000 204.010000 -1.000000 -1.000000 -1.000000 -1000.000000 -1000.000000 -1000.000000 -9.214602
