Car 0.000000 0.000000 -1.570000 570.144065 183.257772 624.472591 228.561113 1.360000 1.690000 3.380000 0.100000 1.730000 24.130000 -1.565856
Car 0.480000 3.000000 -1.750000 -161.240081 186.157464 147.302671 437.888448 1.460000 1.490000 3.400000 -4.810000 1.600000 6.040000 -2.422516
Car 0.000000 2.000000 -1.950000 85.781903 181.712278 332.610939 327.676246 1.430000 1.620000 3.470000 -4.630000 1.560000 9.030000 -2.423784
Car 0.000000 1.000000 -2.150000 310.073042 182.616135 463.611403 251.469303 1.370000 1.550000 3.960000 -4.780000 1.620000 16.770000 -2.427669
Car 0.000000 2.000000 -2.120000 364.330887 180.958523 484.089907 240.574659 1.440000 1.590000 3.570000 -4.660000 1.680000 19.750000 -2.351711
Car 0.000000 2.000000 -2.180000 417.986311 180.314522 510.728626 221.138643 1.400000 1.570000 3.830000 -5.080000 1.700000 27.340000 -2.363713
Van 0.000000 3.000000 -2.250000 439.450130 156.443839 545.442434 214.229316 2.210000 1.820000 4.690000 -4.440000 1.580000 29.850000 -2.397661
Car 0.900000 3.000000 -2.290000 919.210769 149.000586 1960.230041 677.676001 1.720000 1.790000 3.940000 4.030000 1.640000 4.340000 -1.541622
Pedestrian 0.000000 0.000000 -1.770000 717.814695 177.251228 755.308153 244.431346 1.610000 0.740000 1.080000 3.610000 1.720000 17.900000 -1.570993
Car 0.000000 2.000000 -0.650000 893.062210 176.660920 1109.916621 257.862496 1.700000 1.770000 4.060000 9.270000 1.790000 16.360000 -0.134482
Car 0.000000 2.000000 -1.550000 581.506816 180.865216 616.384151 212.759684 1.520000 1.670000 3.610000 -0.030000 1.950000 37.120000 -1.550808
Car 0.550000 3.000000 2.220000 -207.297407 185.246099 115.400475 312.475332 1.400000 1.440000 3.450000 -8.250000 1.600000 10.030000 1.531670
Van 0.610000 3.000000 -0.760000 1080.105982 144.145503 1427.351930 262.739529 2.510000 2.460000 5.850000 14.990000 1.900000 16.570000 -0.024623
Car 0.000000 2.000000 2.050000 150.669668 174.665602 260.080257 221.336858 1.580000 1.730000 4.220000 -14.330000 1.650000 26.710000 1.557578
Car 0.000000 2.000000 2.040000 243.603883 181.115956 312.720655 211.467870 1.260000 1.460000 3.320000 -14.410000 1.650000 32.570000 1.623458
Truck 0.000000 3.000000 1.830000 380.269457 159.461260 439.969517 201.578348 2.980000 2.460000 7.500000 -14.520000 2.030000 54.800000 1.570988
DontCare -1.000000 -1.000000 -10.000000 539.770000 172.940000 582.520000 199.020000 -1.000000 -1.000000 -1.000000 -1000.000000 -1000.000000 -1000.000000 -9.214602
