Car 1.000000 0.000000 -2.790000 1223.140000 193.970000 1241.000000 374.000000 1.510000 1.620000 3.730000 2.870000 1.560000 0.640000 -1.438610
Car 0.850000 0.000000 2.150000 -627.423861 204.676294 263.300399 657.848938 1.440000 1.510000 3.770000 -3.260000 1.720000 4.480000 1.520938
Car 0.000000 1.000000 1.930000 116.041028 215.058890 396.208430 353.912637 1.140000 1.680000 3.850000 -3.580000 1.780000 9.040000 1.552931
Car 0.000000 0.000000 -1.850000 699.329161 183.548163 919.476573 332.682508 1.430000 1.680000 4.390000 2.750000 1.600000 9.430000 -1.566247
Car 0.000000 2.000000 -0.430000 811.067811 172.943905 1016.144074 234.309270 1.480000 1.750000 4.470000 8.070000 1.480000 18.310000 -0.014871
Car 0.000000 0.000000 1.770000 425.365270 180.363592 502.128356 233.614715 1.460000 1.500000 3.880000 -3.930000 1.710000 22.290000 1.595481
Car 0.000000 0.000000 -1.720000 652.667095 179.034571 717.056942 231.659897 1.460000 1.550000 3.190000 2.700000 1.660000 22.010000 -1.597938
Van 0.000000 2.000000 1.690000 453.790895 163.237618 517.304505 221.630065 2.050000 1.790000 4.470000 -4.170000 1.710000 27.590000 1.539994
Car 0.000000 2.000000 -1.670000 638.815788 178.619676 694.372111 221.861449 1.440000 1.690000 4.450000 2.510000 1.670000 26.850000 -1.576789
Van 0.000000 2.000000 -2.800000 287.629752 154.353145 438.722668 208.754856 2.610000 2.210000 6.750000 -11.650000 1.720000 35.810000 -3.114529
Van 0.000000 0.000000 -1.540000 588.678109 166.027822 613.264135 191.645153 1.980000 1.800000 4.540000 -0.180000 1.450000 58.060000 -1.543100
Van 0.000000 2.000000 -0.240000 717.595038 153.407774 815.164256 190.685645 2.660000 2.130000 6.640000 11.840000 1.270000 52.610000 -0.018636
DontCare -1.000000 -1.000000 -10.000000 557.480000 170.850000 577.310000 183.390000 -1.000000 -1.000000 -1.000000 -1000.000000 -1000.000000 -1000.000000 -9.214602
DontCare -1.000000 -1.000000 -10.000000 646.020000 158.350000 664.810000 183.390000 -1.000000 -1.000000 -1.000000 -1000.000000 -1000.000000 -1000.000000 -9.214602
