Car 0.000000 0.000000 -1.590000 577.188537 174.455134 625.948286 220.815093 1.560000 1.650000 3.690000 0.180000 1.620000 26.260000 -1.583146
Car 0.000000 0.000000 1.840000 322.166987 186.076350 412.757792 236.320401 1.370000 1.640000 3.920000 -7.020000 1.820000 22.700000 1.540078
Car 0.000000 0.000000 -1.050000 729.143230 169.704871 936.342894 268.270123 1.490000 1.590000 4.090000 4.550000 1.440000 12.840000 -0.709445
Car 0.000000 2.000000 -0.980000 674.247235 174.276308 812.462699 232.262314 1.400000 1.630000 4.050000 4.170000 1.440000 19.510000 -0.769432
Car 0.000000 2.000000 -0.960000 675.838718 173.781294 787.789722 222.885546 1.450000 1.580000 3.870000 4.480000 1.480000 23.290000 -0.769964
Car 0.000000 2.000000 -0.950000 677.770329 167.772972 772.659552 213.832792 1.610000 1.670000 3.650000 4.860000 1.430000 27.090000 -0.772486
Van 0.000000 1.000000 -0.960000 643.940251 162.714410 733.010076 205.302021 1.880000 1.820000 4.640000 4.280000 1.430000 34.180000 -0.835429
Car 0.000000 2.000000 -0.880000 639.993250 172.714098 709.052061 200.124175 1.490000 1.630000 4.160000 4.230000 1.480000 41.260000 -0.777836
Car 0.000000 1.000000 1.860000 374.314828 174.591361 429.134550 206.507819 1.670000 1.680000 4.490000 -11.040000 1.770000 40.260000 1.592361
Van 0.000000 1.000000 1.740000 525.514525 159.775397 557.680850 188.881078 2.910000 2.180000 6.910000 -6.580000 1.600000 75.670000 1.653262
Car 0.000000 1.000000 1.840000 410.219303 175.853208 452.981664 202.609137 1.630000 1.580000 4.200000 -10.950000 1.830000 46.560000 1.609017
Car 0.000000 0.000000 1.770000 481.790310 176.074748 508.596061 191.794323 1.450000 1.650000 4.630000 -10.560000 1.770000 69.870000 1.619997
Car 0.000000 2.000000 1.870000 355.861725 176.115975 389.692524 199.266766 1.470000 1.290000 2.950000 -15.150000 1.690000 47.710000 1.562527
Car 0.000000 2.000000 1.450000 106.653207 178.695504 147.058191 205.322698 1.480000 1.590000 3.660000 -28.220000 1.840000 42.850000 0.867619
