Car 0.000000 0.000000 -1.520000 543.090368 179.231384 602.692874 225.363873 1.360000 1.690000 3.380000 -0.650000 1.580000 23.450000 -1.547711
Car 0.000000 0.000000 -2.370000 56.352915 175.845617 337.512977 296.552034 1.660000 1.630000 3.830000 -5.950000 1.710000 11.310000 -2.854296
Car 0.000000 2.000000 -2.290000 336.099901 178.525382 461.381714 229.424648 1.450000 1.610000 3.960000 -6.200000 1.640000 22.710000 -2.556513
Car 0.000000 2.000000 -2.270000 379.212578 179.995591 482.247105 221.880335 1.360000 1.570000 3.730000 -5.950000 1.630000 25.770000 -2.496912
Car 0.000000 0.000000 -1.480000 503.275918 179.652090 552.500351 211.083515 1.250000 1.740000 3.660000 -3.010000 1.560000 31.320000 -1.575810
Van 0.000000 3.000000 -1.750000 642.974343 136.783207 751.088625 240.998578 2.420000 2.030000 5.490000 2.640000 1.580000 19.540000 -1.615706
Van 0.000000 3.000000 1.910000 286.746330 159.322872 384.830759 220.090756 2.100000 1.960000 4.630000 -9.710000 1.630000 27.250000 1.567697
Car 0.000000 2.000000 -1.560000 568.412074 175.192400 607.201112 210.769385 1.520000 1.670000 3.610000 -0.470000 1.630000 32.870000 -1.574298
Cyclist 0.000000 3.000000 2.110000 148.971099 174.959829 185.809022 210.587291 1.480000 0.600000 1.590000 -18.420000 1.570000 30.860000 1.571871
DontCare -1.000000 -1.000000 -10.000000 594.950000 146.250000 657.990000 215.110000 -1.000000 -1.000000 -1.000000 -1000.000000 -1000.000000 -1000.000000 -9.214602
