Pedestrian 0.000000 1.000000 1.110000 1012.605282 134.507453 1129.835849 323.537337 1.960000 0.720000 1.090000 5.590000 1.560000 8.070000 1.715802
Car 0.930000 0.000000 -2.300000 944.784512 191.809181 1965.486256 739.215946 1.510000 1.600000 3.240000 3.710000 1.650000 3.760000 -1.521295
Car 0.000000 1.000000 -1.900000 781.766089 185.699296 1029.065598 339.449220 1.450000 1.740000 4.100000 3.910000 1.650000 9.260000 -1.500464
Car 0.000000 0.000000 1.920000 182.436781 182.659495 422.285137 323.837234 1.540000 1.680000 3.790000 -3.490000 1.700000 10.040000 1.585456
Car 0.000000 1.000000 1.830000 368.792275 187.660267 485.837455 269.516409 1.490000 1.520000 3.350000 -3.300000 1.840000 15.460000 1.619702
Car 0.000000 1.000000 -1.800000 718.510887 181.641523 835.257749 264.050628 1.530000 1.650000 4.370000 4.020000 1.750000 16.060000 -1.554728
Car 0.000000 1.000000 1.720000 456.257253 177.232310 530.828010 238.151289 1.740000 1.650000 4.180000 -3.120000 1.890000 23.010000 1.585229
Car 0.000000 1.000000 1.920000 530.330812 177.694603 593.518517 220.749577 1.640000 1.450000 3.480000 -1.430000 1.850000 29.780000 1.872018
Car 0.000000 2.000000 -1.540000 704.543722 177.139404 763.509570 232.424902 1.610000 1.680000 4.040000 4.600000 1.760000 23.500000 -1.346699
Car 0.000000 0.000000 1.970000 641.710826 178.181813 698.328915 208.084188 1.540000 1.640000 4.080000 3.890000 1.850000 40.120000 2.066657
Truck 0.000000 3.000000 -1.410000 788.766730 145.144080 836.203001 182.406737 3.520000 2.890000 10.810000 21.330000 0.900000 73.660000 -1.128136
DontCare -1.000000 -1.000000 -10.000000 867.280000 159.180000 930.970000 184.060000 -1.000000 -1.000000 -1.000000 -1000.000000 -1000.000000 -1000.000000 -9.214602
DontCare -1.000000 -1.000000 -10.000000 748.900000 162.420000 791.890000 176.300000 -1.000000 -1.000000 -1.000000 -1000.000000 -1000.000000 -1000.000000 -9.214602
DontCare -1.000000 -1.000000 -10.000000 10.170000 198.000000 49.930000 222.230000 -1.000000 -1.000000 -1.000000 -1000.000000 -1000.000000 -1000.000000 -9.214602
