Car 0.000000 0.000000 2.660000 748.524991 150.336257 1069.205726 262.405105 1.730000 1.740000 4.710000 5.360000 1.380000 12.160000 3.075168
Car 0.330000 0.000000 -0.730000 1125.128887 144.252930 1274.452327 187.114582 1.510000 1.640000 4.170000 21.920000 0.500000 26.310000 -0.035374
Car 0.000000 2.000000 -0.690000 1085.404612 148.483468 1225.757906 187.991798 1.520000 1.600000 4.420000 22.070000 0.580000 28.630000 -0.033276
Car 0.000000 0.000000 1.710000 368.669412 182.622695 452.462033 243.345180 1.580000 1.760000 4.180000 -5.370000 1.900000 21.640000 1.466762
Car 0.000000 0.000000 1.680000 468.381613 178.532266 540.581352 232.534385 1.650000 1.880000 4.450000 -3.020000 1.860000 24.750000 1.558580
Car 0.000000 1.000000 -0.290000 769.364544 150.292638 893.372750 196.504750 1.900000 1.780000 4.720000 9.800000 0.970000 30.600000 0.019940
Car 0.000000 2.000000 -2.060000 914.252310 151.611940 975.853025 185.520718 1.800000 1.650000 3.550000 19.050000 0.670000 40.110000 -1.616597
Van 0.000000 2.000000 -2.010000 1022.120902 140.765269 1093.092995 180.415669 2.110000 1.750000 4.310000 25.600000 0.400000 40.640000 -1.447870
Car 0.000000 2.000000 -2.080000 951.670612 154.206037 1019.270663 184.862117 1.640000 1.700000 3.910000 21.520000 0.640000 40.570000 -1.592297
Car 0.000000 2.000000 1.770000 412.497851 183.668254 482.582538 229.113144 1.550000 1.710000 4.500000 -5.690000 2.000000 27.930000 1.569027
Car 0.000000 1.000000 1.440000 634.041878 174.782179 674.577699 203.856185 1.500000 1.710000 4.440000 2.880000 1.610000 39.790000 1.512254
Car 0.000000 0.000000 -1.480000 585.064250 179.130653 614.350526 202.763699 1.580000 1.710000 3.750000 -0.190000 2.040000 51.210000 -1.483710
DontCare -1.000000 -1.000000 -10.000000 688.750000 177.300000 713.620000 198.290000 -1.000000 -1.000000 -1.000000 -1000.000000 -1000.000000 -1000.000000 -9.214602
