Cyclist 0.000000 1.000000 -1.850000 778.183532 149.823706 823.935660 265.481903 1.800000 0.340000 1.690000 3.750000 1.320000 11.850000 -1.543515
Pedestrian 0.000000 0.000000 -0.930000 607.838206 164.168510 665.489343 258.496357 1.660000 0.610000 0.930000 1.080000 1.370000 12.990000 -0.847050
Misc 0.000000 0.000000 1.770000 419.147798 160.588755 467.549027 245.846937 1.830000 0.680000 1.810000 -3.150000 1.400000 16.080000 1.576554
Cyclist 0.000000 1.000000 -1.250000 454.821110 163.295229 491.435350 217.937353 1.770000 0.600000 1.950000 -3.930000 1.210000 23.910000 -1.412910
Pedestrian 0.000000 2.000000 -0.860000 803.533057 151.004578 833.660849 224.192129 1.780000 0.640000 0.360000 5.800000 1.060000 17.560000 -0.540985
Pedestrian 0.000000 1.000000 1.950000 651.892412 156.723772 675.941892 199.213302 1.800000 0.770000 0.840000 3.060000 0.790000 30.500000 2.049993
Pedestrian 0.000000 2.000000 -1.380000 638.450501 159.992611 655.253686 200.237121 1.800000 0.670000 0.500000 2.410000 0.880000 31.950000 -1.304712
Pedestrian 0.000000 2.000000 -1.330000 644.992094 159.542833 661.152963 199.792368 1.800000 0.630000 0.470000 2.690000 0.860000 31.940000 -1.245978
Pedestrian 0.000000 1.000000 2.310000 687.424610 152.134382 713.130784 193.796934 1.920000 0.550000 1.160000 4.990000 0.610000 33.160000 2.459362
Pedestrian 0.000000 1.000000 2.890000 702.564160 150.884008 727.862519 195.515421 1.970000 0.610000 1.000000 5.430000 0.660000 31.550000 3.060438
DontCare -1.000000 -1.000000 -10.000000 563.370000 160.910000 584.680000 178.400000 -1.000000 -1.000000 -1.000000 -1000.000000 -1000.000000 -1000.000000 -9.214602
DontCare -1.000000 -1.000000 -10.000000 957.980000 153.900000 990.130000 194.340000 -1.000000 -1.000000 -1.000000 -1000.000000 -1000.000000 -1000.000000 -9.214602
DontCare -1.000000 -1.000000 -10.000000 538.010000 163.430000 559.620000 178.870000 -1.000000 -1.000000 -1.000000 -1000.000000 -1000.000000 -1000.000000 -9.214602
