Cyclist 0.000000 0.000000 -2.120000 780.331923 144.885104 846.946689 254.019417 1.800000 0.340000 1.690000 4.150000 1.210000 12.520000 -1.799928
Pedestrian 0.000000 0.000000 1.330000 811.815035 131.987265 911.894535 331.600128 1.800000 0.770000 0.840000 2.940000 1.360000 6.850000 1.735420
Pedestrian 0.000000 2.000000 -1.330000 868.394820 152.415092 895.204450 211.381250 1.800000 0.670000 0.500000 9.110000 0.940000 21.980000 -0.937084
Pedestrian 0.000000 0.000000 2.130000 608.690600 155.980008 665.236263 263.480400 1.830000 0.550000 0.980000 1.070000 1.410000 12.590000 2.214784
Pedestrian 0.000000 1.000000 2.440000 549.842623 152.552924 614.606766 256.260922 1.920000 0.550000 1.160000 0.060000 1.400000 13.670000 2.444389
Pedestrian 0.000000 0.000000 2.420000 559.213809 145.439412 624.333105 261.054376 1.970000 0.610000 1.000000 0.260000 1.370000 12.600000 2.440632
Pedestrian 0.000000 2.000000 2.900000 859.726026 153.606824 908.654610 223.322411 1.730000 0.640000 1.040000 7.570000 1.060000 17.940000 3.299295
Pedestrian 0.000000 1.000000 2.580000 1067.736067 150.902116 1111.385196 229.116714 1.790000 0.650000 0.590000 11.810000 1.110000 16.520000 3.200650
Pedestrian 0.000000 1.000000 2.590000 1097.033782 143.119305 1150.603254 232.846429 1.890000 0.610000 0.720000 11.660000 1.100000 15.230000 3.243407
Pedestrian 0.000000 2.000000 2.530000 1089.439580 154.089477 1128.763595 227.380331 1.630000 0.400000 0.600000 11.850000 1.040000 15.930000 3.169572
Van 0.000000 2.000000 -1.590000 602.708093 159.870684 620.236578 179.715334 2.060000 1.820000 4.620000 1.240000 -0.090000 75.890000 -1.573662
DontCare -1.000000 -1.000000 -10.000000 548.290000 167.540000 557.570000 185.040000 -1.000000 -1.000000 -1.000000 -1000.000000 -1000.000000 -1000.000000 -9.214602
