Car 0.000000 0.000000 -1.580000 581.939269 176.113735 624.722162 216.996837 1.560000 1.650000 3.690000 0.230000 1.700000 29.670000 -1.572248
Car 0.700000 0.000000 -1.460000 969.980755 158.364162 1358.618987 486.290236 1.530000 1.570000 3.540000 4.580000 1.460000 5.130000 -0.731184
Car 0.000000 1.000000 -1.220000 821.782240 172.048350 1105.275534 330.952968 1.500000 1.640000 3.990000 4.890000 1.490000 8.730000 -0.709407
Car 0.000000 1.000000 -1.140000 728.464825 176.524351 938.465846 278.107055 1.400000 1.650000 4.180000 4.380000 1.470000 12.160000 -0.794270
Car 0.000000 1.000000 -1.090000 693.744668 170.850277 854.486880 255.570862 1.590000 1.650000 3.940000 4.120000 1.550000 15.550000 -0.830999
Car 0.000000 2.000000 -0.990000 683.436013 174.638003 827.092484 237.383962 1.480000 1.730000 4.060000 4.420000 1.530000 19.160000 -0.763277
Car 0.000000 2.000000 -0.870000 670.939911 170.514801 794.238559 226.914365 1.630000 1.610000 3.960000 4.400000 1.560000 22.720000 -0.678706
Car 0.000000 2.000000 -0.850000 664.635059 174.947613 760.483286 211.565820 1.410000 1.600000 4.090000 4.790000 1.500000 29.920000 -0.691253
Car 0.000000 0.000000 1.710000 501.951733 180.888455 529.179293 200.850383 1.380000 1.470000 3.620000 -6.420000 1.990000 53.170000 1.589837
Car 0.000000 1.000000 -0.800000 648.528507 174.080719 720.088088 201.935924 1.490000 1.590000 4.090000 4.720000 1.560000 40.670000 -0.684461
Car 0.000000 2.000000 -0.870000 636.714467 174.930165 695.839197 197.324880 1.400000 1.630000 4.050000 4.240000 1.540000 47.480000 -0.780935
Van 0.000000 2.000000 -0.920000 631.855560 169.855017 681.844234 192.625509 1.880000 1.820000 4.640000 4.570000 1.630000 61.910000 -0.846317
Car 0.000000 1.000000 1.750000 475.683924 175.964993 502.453334 194.545000 1.670000 1.680000 4.490000 -10.820000 1.970000 67.870000 1.591908
Car 0.000000 1.000000 1.750000 455.002387 177.179258 472.631429 191.652921 1.470000 1.290000 2.950000 -14.790000 1.930000 75.650000 1.556930
DontCare -1.000000 -1.000000 -10.000000 543.200000 174.710000 577.130000 189.880000 -1.000000 -1.000000 -1.000000 -1000.000000 -1000.000000 -1000.000000 -9.214602
