Car 0.840000 0.000000 2.170000 -708.868990 148.603128 203.967640 580.922213 1.740000 1.650000 4.180000 -4.210000 1.640000 5.060000 1.476040
Car 0.000000 0.000000 1.990000 286.444219 171.596224 468.848688 288.764577 1.640000 1.450000 3.480000 -3.160000 1.620000 11.930000 1.731068
Car 0.440000 0.000000 -2.000000 802.167612 174.820370 1244.677637 462.399449 1.610000 1.680000 4.040000 3.360000 1.630000 6.140000 -1.499285
Car 0.000000 1.000000 -1.740000 749.707128 180.810477 892.301348 301.699699 1.520000 1.580000 4.280000 3.650000 1.670000 11.590000 -1.434906
Car 0.000000 0.000000 1.940000 580.088656 174.950164 677.998884 229.534083 1.540000 1.640000 4.080000 1.190000 1.610000 22.720000 1.992329
Van 0.000000 1.000000 -2.100000 998.952554 140.697320 1105.714859 199.923873 2.040000 1.720000 3.790000 16.760000 0.930000 26.770000 -1.540629
Van 0.000000 1.000000 -1.970000 920.607377 147.830367 1012.033242 199.683861 1.860000 1.750000 4.110000 14.180000 0.960000 27.990000 -1.501079
Car 0.000000 2.000000 1.800000 660.890066 169.555900 711.451575 200.945442 1.500000 1.600000 4.170000 4.430000 1.340000 36.710000 1.920095
Truck 0.000000 3.000000 -1.450000 791.369114 136.762478 838.589075 177.643528 3.520000 2.890000 10.810000 19.880000 0.410000 67.660000 -1.164221
DontCare -1.000000 -1.000000 -10.000000 274.100000 178.590000 319.680000 200.880000 -1.000000 -1.000000 -1.000000 -1000.000000 -1000.000000 -1000.000000 -9.214602
DontCare -1.000000 -1.000000 -10.000000 721.740000 153.360000 775.720000 191.170000 -1.000000 -1.000000 -1.000000 -1000.000000 -1000.000000 -1000.000000 -9.214602
DontCare -1.000000 -1.000000 -10.000000 503.090000 166.300000 614.650000 190.530000 -1.000000 -1.000000 -1.000000 -1000.000000 -1000.000000 -1000.000000 -9.214602
DontCare -1.000000 -1.000000 -10.000000 870.520000 151.420000 930.330000 171.120000 -1.000000 -1.000000 -1.000000 -1000.000000 -1000.000000 -1000.000000 -9.214602
