Cyclist 0.000000 3.000000 -1.860000 235.178124 166.964365 260.304512 203.601151 1.860000 0.710000 1.760000 -18.070000 1.170000 36.780000 -2.316663
Pedestrian 0.000000 0.000000 -1.930000 454.054139 160.438344 509.311173 276.455060 1.720000 0.570000 0.990000 -1.450000 1.420000 11.050000 -2.060476
Pedestrian 0.000000 0.000000 -1.950000 406.595988 149.274706 470.271657 281.873196 1.900000 0.610000 1.110000 -2.060000 1.450000 10.760000 -2.139161
Pedestrian 0.000000 0.000000 1.100000 525.816467 153.196387 603.860140 286.209987 1.790000 0.790000 0.960000 -0.100000 1.420000 10.120000 1.090119
Cyclist 0.730000 3.000000 -1.230000 -243.247191 136.558702 28.862244 461.479334 1.830000 0.710000 1.700000 -4.280000 1.580000 4.900000 -1.947962
Pedestrian 0.000000 1.000000 1.240000 890.029768 155.474492 908.738770 197.497664 1.960000 0.690000 0.500000 14.360000 0.790000 33.250000 1.647683
Pedestrian 0.000000 1.000000 -2.190000 903.766166 156.552525 926.102005 193.233227 1.650000 0.580000 0.800000 14.650000 0.570000 32.250000 -1.763606
Cyclist 0.000000 1.000000 -0.420000 1120.961470 152.327647 1179.077618 198.888830 1.830000 0.690000 1.710000 22.330000 0.720000 28.330000 0.247511
DontCare -1.000000 -1.000000 -10.000000 0.000000 160.910000 65.300000 368.000000 -1.000000 -1.000000 -1.000000 -1000.000000 -1000.000000 -1000.000000 -9.214602
DontCare -1.000000 -1.000000 -10.000000 372.760000 169.200000 382.600000 192.420000 -1.000000 -1.000000 -1.000000 -1000.000000 -1000.000000 -1000.000000 -9.214602
DontCare -1.000000 -1.000000 -10.000000 108.400000 172.680000 188.590000 204.570000 -1.000000 -1.000000 -1.000000 -1000.000000 -1000.000000 -1000.000000 -9.214602
