Car 0.000000 0.000000 -1.590000 578.539953 177.204631 623.387797 220.231532 1.560000 1.650000 3.690000 0.130000 1.740000 28.390000 -1.585421
Car 0.890000 0.000000 -1.510000 948.557188 185.723566 1499.640286 671.542795 1.480000 1.730000 4.060000 4.250000 1.590000 4.300000 -0.730450
Car 0.000000 1.000000 -1.200000 800.392330 162.011528 1126.239386 363.749133 1.630000 1.610000 3.960000 4.390000 1.540000 7.700000 -0.681833
Car 0.000000 2.000000 -1.090000 763.806005 178.484232 971.182339 291.266774 1.490000 1.630000 3.360000 4.620000 1.590000 11.410000 -0.705270
Car 0.000000 1.000000 -0.990000 712.741874 178.059824 894.902808 257.120291 1.410000 1.600000 4.090000 4.610000 1.530000 15.040000 -0.692576
Car 0.000000 1.000000 1.720000 487.608489 181.755695 518.218898 201.679983 1.370000 1.640000 3.920000 -7.370000 2.050000 53.340000 1.582699
Car 0.000000 0.000000 1.890000 317.393012 188.833111 412.597953 244.189832 1.380000 1.470000 3.620000 -6.480000 1.880000 20.860000 1.588808
Car 0.000000 1.000000 -0.860000 664.351573 175.264568 775.322130 220.767515 1.490000 1.590000 4.090000 4.460000 1.580000 25.740000 -0.688432
Car 0.000000 2.000000 -0.940000 646.505841 175.832450 730.159028 209.426464 1.400000 1.630000 4.050000 4.070000 1.540000 32.460000 -0.815266
Van 0.000000 2.000000 -0.920000 632.145034 168.066679 697.901066 198.308654 1.880000 1.820000 4.640000 4.150000 1.580000 47.180000 -0.832265
Car 0.000000 0.000000 1.800000 430.637653 176.672232 468.214145 200.764735 1.670000 1.680000 4.490000 -11.230000 1.960000 52.990000 1.591163
Car 0.000000 2.000000 1.790000 453.253975 178.024243 483.922617 198.865451 1.630000 1.580000 4.200000 -11.130000 2.070000 59.610000 1.605412
Car 0.000000 1.000000 1.800000 410.344639 178.655010 434.126955 196.765828 1.470000 1.290000 2.950000 -15.340000 1.970000 61.000000 1.553633
DontCare -1.000000 -1.000000 -10.000000 528.970000 163.070000 586.840000 188.590000 -1.000000 -1.000000 -1.000000 -1000.000000 -1000.000000 -1000.000000 -9.214602
