Car 0.000000 0.000000 -1.580000 563.213932 174.811313 639.433228 247.379836 1.560000 1.650000 3.690000 0.310000 1.610000 17.460000 -1.562247
Car 0.910000 0.000000 -1.540000 1048.744056 143.369103 1518.829992 547.014117 1.610000 1.670000 3.650000 4.890000 1.490000 4.720000 -0.736914
Van 0.000000 0.000000 -1.170000 731.886392 140.273460 973.118165 286.946540 1.880000 1.820000 4.640000 4.530000 1.460000 11.540000 -0.795935
Car 0.000000 2.000000 -1.020000 684.014939 169.958917 825.797242 233.765910 1.490000 1.630000 4.160000 4.370000 1.420000 18.900000 -0.792776
Car 0.000000 2.000000 -0.860000 658.231641 170.186918 735.180942 202.374566 1.540000 1.720000 3.880000 4.910000 1.410000 36.450000 -0.726101
Car 0.000000 2.000000 -0.870000 647.919091 172.418280 699.627203 196.410106 1.520000 1.490000 3.460000 4.720000 1.490000 47.450000 -0.770853
Car 0.000000 1.000000 2.130000 32.185730 176.968511 225.577546 257.377847 1.670000 1.680000 4.490000 -10.860000 1.780000 17.460000 1.573566
Van 0.000000 0.000000 2.010000 70.681181 107.583391 352.463498 285.493261 2.910000 2.180000 6.910000 -7.270000 1.840000 15.260000 1.565403
Car 0.000000 2.000000 2.010000 212.564381 179.269644 321.705612 234.188772 1.630000 1.580000 4.200000 -10.770000 1.860000 24.020000 1.588497
Car 0.000000 2.000000 1.920000 311.953660 183.678639 384.212053 218.787389 1.340000 1.570000 4.010000 -10.590000 1.830000 30.800000 1.588831
Car 0.000000 1.000000 1.830000 422.655499 177.695935 466.980808 201.540020 1.450000 1.650000 4.630000 -10.230000 1.780000 47.180000 1.616476
Car 0.000000 1.000000 1.780000 449.409403 172.885100 482.417739 198.196885 1.810000 1.590000 3.930000 -10.150000 1.810000 53.580000 1.592782
Car 0.000000 1.000000 1.870000 481.356942 173.970434 513.434866 192.266584 1.560000 1.620000 4.190000 -9.430000 1.660000 63.980000 1.723664
Car 0.000000 1.000000 1.950000 522.327283 174.616989 553.220250 188.591825 1.420000 1.670000 4.530000 -7.080000 1.610000 76.330000 1.857509
Car 0.000000 1.000000 2.510000 1070.243905 180.169086 1220.275946 217.345819 1.340000 1.470000 4.510000 20.500000 1.620000 27.080000 3.157976
Car 0.000000 2.000000 2.100000 137.828274 180.028858 223.126270 224.310981 1.470000 1.290000 2.950000 -14.850000 1.740000 25.910000 1.579566
DontCare -1.000000 -1.000000 -10.000000 406.710000 171.480000 430.290000 191.180000 -1.000000 -1.000000 -1.000000 -1000.000000 -1000.000000 -1000.000000 -9.214602
