Car 0.000000 0.000000 -1.550000 578.038839 177.645233 640.770262 228.828517 1.360000 1.690000 3.380000 0.540000 1.510000 21.220000 -1.524558
Car 0.070000 0.000000 -1.860000 3.234603 178.854528 300.367239 393.570246 1.500000 1.570000 3.540000 -4.050000 1.570000 6.920000 -2.389511
Car 0.000000 1.000000 -1.970000 175.966979 178.677216 381.299944 300.026856 1.480000 1.560000 3.720000 -4.600000 1.580000 10.830000 -2.371656
Car 0.000000 0.000000 -2.330000 387.272169 175.899061 517.796902 230.959458 1.400000 1.600000 3.550000 -3.960000 1.490000 20.210000 -2.523491
Car 0.000000 2.000000 -2.180000 448.952139 172.911394 529.890391 212.497060 1.460000 1.490000 3.400000 -4.290000 1.460000 28.360000 -2.330131
Car 0.000000 2.000000 -2.270000 466.428367 172.906218 546.720527 207.827131 1.430000 1.620000 3.470000 -4.030000 1.430000 31.320000 -2.397969
Van 0.000000 3.000000 -2.280000 525.975535 156.967063 587.222136 188.955010 2.210000 1.820000 4.690000 -3.400000 1.110000 52.160000 -2.345092
Car 0.000000 0.000000 -1.980000 787.924039 170.035992 1070.171365 339.494001 1.660000 1.720000 4.410000 4.150000 1.630000 9.280000 -1.559478
Pedestrian 0.000000 0.000000 -1.500000 735.490030 177.475417 798.272026 285.559632 1.540000 0.840000 0.750000 2.840000 1.610000 10.810000 -1.243086
Car 0.000000 2.000000 -1.830000 728.999942 181.017782 842.296457 254.915429 1.410000 1.610000 3.710000 4.240000 1.610000 16.030000 -1.571418
Car 0.000000 2.000000 -1.760000 701.962030 179.760793 778.616256 231.791519 1.360000 1.590000 3.850000 4.230000 1.580000 21.300000 -1.563959
Car 0.000000 2.000000 -1.750000 687.836881 166.477211 754.070615 216.880811 1.720000 1.790000 3.940000 4.490000 1.500000 26.600000 -1.582779
Pedestrian 0.000000 1.000000 -2.100000 669.003799 171.766182 690.970847 202.169543 1.610000 0.740000 1.080000 4.260000 1.550000 38.850000 -1.990784
Car 0.790000 3.000000 2.320000 -394.510355 186.248325 86.213146 331.404539 1.310000 1.670000 4.020000 -8.270000 1.510000 8.890000 1.570717
Car 0.000000 2.000000 2.090000 306.881742 170.958864 404.662370 218.333136 1.440000 1.580000 3.250000 -7.760000 1.380000 23.680000 1.773326
Car 0.000000 2.000000 -1.580000 597.130620 169.200136 633.526613 202.336814 1.520000 1.670000 3.610000 0.760000 1.350000 34.910000 -1.558233
Car 0.000000 2.000000 2.100000 54.572113 181.249479 253.561177 265.792782 1.380000 1.590000 3.540000 -8.060000 1.560000 13.900000 1.574524
Van 0.000000 3.000000 -0.420000 836.998405 151.239148 966.017030 200.221662 2.510000 2.460000 5.850000 15.860000 1.400000 38.280000 -0.027214
