Car 1.000000 0.000000 -2.650000 988.830000 171.530000 1241.000000 374.000000 1.520000 1.580000 4.280000 2.590000 1.510000 1.230000 -1.522573
Car 0.000000 0.000000 1.940000 369.434844 178.627114 566.715573 295.792452 1.540000 1.640000 4.080000 -1.610000 1.650000 11.870000 1.805187
Car 0.240000 1.000000 -1.830000 780.592753 188.674501 1075.368467 434.637451 1.460000 1.570000 3.580000 2.920000 1.640000 6.420000 -1.403138
Car 0.000000 2.000000 -1.780000 765.225729 175.842352 924.616048 303.221953 1.580000 1.670000 3.430000 3.810000 1.630000 10.840000 -1.442011
Car 0.550000 1.000000 -2.490000 1119.206603 140.880505 1332.948623 222.863251 1.840000 1.940000 3.680000 15.780000 1.120000 18.190000 -1.775428
Van 0.000000 1.000000 -2.320000 1015.944576 135.347147 1197.196207 224.565350 2.040000 1.720000 3.790000 12.990000 1.180000 18.490000 -1.707570
Van 0.000000 1.000000 -2.140000 907.676880 147.586977 1062.986625 226.228656 1.860000 1.750000 4.110000 10.250000 1.260000 19.180000 -1.649204
Car 0.000000 2.000000 1.770000 538.452844 174.439626 606.667245 219.801142 1.500000 1.600000 4.170000 -0.780000 1.560000 26.200000 1.740238
Car 0.000000 2.000000 2.210000 860.461953 163.781392 944.906266 202.344508 1.520000 1.580000 3.280000 12.650000 1.160000 29.950000 2.609641
Car 0.000000 0.000000 -1.640000 730.778872 171.698650 774.750543 210.044451 1.580000 1.680000 3.930000 6.720000 1.530000 31.790000 -1.431680
Car 0.000000 1.000000 1.770000 595.184121 172.287520 640.638590 204.710544 1.580000 1.540000 3.980000 0.960000 1.550000 37.270000 1.795752
Truck 0.000000 3.000000 -1.480000 694.418401 145.190383 740.543841 189.702957 3.520000 2.890000 10.810000 10.000000 1.330000 62.650000 -1.321718
DontCare -1.000000 -1.000000 -10.000000 0.000000 180.530000 402.000000 222.870000 -1.000000 -1.000000 -1.000000 -1000.000000 -1000.000000 -1000.000000 -9.214602
DontCare -1.000000 -1.000000 -10.000000 624.060000 159.180000 674.810000 204.110000 -1.000000 -1.000000 -1.000000 -1000.000000 -1000.000000 -1000.000000 -9.214602
DontCare -1.000000 -1.000000 -10.000000 794.190000 155.950000 869.520000 175.650000 -1.000000 -1.000000 -1.000000 -1000.000000 -1000.000000 -1000.000000 -9.214602
