Cyclist 0.000000 1.000000 -0.820000 841.031065 142.848317 921.008348 240.028068 1.800000 0.340000 1.690000 5.810000 1.100000 13.590000 -0.415997
Pedestrian 0.000000 1.000000 -1.490000 922.098502 145.389654 948.895635 207.511721 1.800000 0.670000 0.500000 10.260000 0.780000 20.870000 -1.033083
Pedestrian 0.000000 0.000000 2.120000 417.438264 148.271159 511.725058 328.384407 1.830000 0.550000 0.980000 -1.030000 1.500000 7.740000 1.987702
Pedestrian 0.000000 0.000000 2.230000 323.022761 140.564377 425.048051 311.928584 1.920000 0.550000 1.160000 -2.280000 1.470000 8.560000 1.969688
Pedestrian 0.000000 1.000000 2.300000 371.475287 132.302408 476.926711 323.173291 1.970000 0.610000 1.000000 -1.510000 1.470000 7.880000 2.110671
Pedestrian 0.000000 0.000000 2.900000 783.424749 150.637608 837.549389 230.439441 1.730000 0.640000 1.040000 5.040000 1.080000 15.680000 3.210998
Pedestrian 0.000000 1.000000 2.580000 1033.160956 140.351563 1084.792805 235.236752 1.790000 0.650000 0.590000 9.260000 1.030000 13.670000 3.175394
Pedestrian 0.000000 1.000000 2.370000 1059.985504 132.112522 1125.095334 242.641217 1.890000 0.610000 0.720000 9.060000 1.060000 12.440000 2.999465
Pedestrian 0.000000 2.000000 2.540000 1056.510165 148.074751 1103.740446 238.052676 1.630000 0.400000 0.600000 9.230000 1.040000 13.010000 3.157043
Van 0.000000 0.000000 -1.580000 593.637569 156.332770 611.835396 177.151231 2.060000 1.820000 4.620000 0.330000 -0.360000 73.020000 -1.575481
DontCare -1.000000 -1.000000 -10.000000 562.730000 157.720000 580.860000 176.480000 -1.000000 -1.000000 -1.000000 -1000.000000 -1000.000000 -1000.000000 -9.214602
