Car 0.800000 3.000000 1.990000 -294.301036 193.332841 46.534477 349.032392 1.510000 1.590000 3.660000 -8.490000 1.710000 9.170000 1.243088
Cyclist 0.000000 3.000000 -1.660000 434.291208 165.198985 451.519888 203.287770 1.860000 0.710000 1.760000 -7.620000 1.110000 35.470000 -1.871613
Pedestrian 0.000000 0.000000 -1.960000 647.246534 153.104367 702.111854 265.989347 1.720000 0.570000 0.990000 1.590000 1.300000 11.320000 -1.820454
Pedestrian 0.000000 0.000000 -2.010000 597.535054 143.971709 660.130544 270.754614 1.900000 0.610000 1.110000 0.850000 1.350000 11.220000 -1.934387
Pedestrian 0.000000 0.000000 1.160000 682.636113 147.541420 746.964572 257.318862 1.790000 0.790000 0.960000 2.350000 1.250000 12.080000 1.352137
Cyclist 0.000000 3.000000 1.700000 214.897499 158.543659 267.483620 253.752853 1.940000 0.760000 1.700000 -7.360000 1.490000 15.330000 1.252395
Cyclist 0.880000 3.000000 -1.000000 -577.489900 108.857137 91.061812 808.077880 1.830000 0.710000 1.700000 -2.390000 1.640000 2.740000 -1.717278
Pedestrian 0.000000 1.000000 1.220000 1076.725067 137.415841 1099.335732 182.640442 1.960000 0.690000 0.500000 21.670000 0.090000 30.970000 1.830531
Pedestrian 0.000000 1.000000 -2.200000 1096.129813 140.930655 1123.253435 180.331756 1.650000 0.580000 0.800000 21.930000 -0.010000 30.010000 -1.568929
DontCare -1.000000 -1.000000 -10.000000 410.370000 166.010000 422.120000 189.230000 -1.000000 -1.000000 -1.000000 -1000.000000 -1000.000000 -1000.000000 -9.214602
DontCare -1.000000 -1.000000 -10.000000 0.000000 157.090000 161.560000 368.000000 -1.000000 -1.000000 -1.000000 -1000.000000 -1000.000000 -1000.000000 -9.214602
DontCare -1.000000 -1.000000 -10.000000 328.350000 173.710000 387.990000 202.520000 -1.000000 -1.000000 -1.000000 -1000.000000 -1000.000000 -1000.000000 -9.214602
DontCare -1.000000 -1.000000 -10.000000 282.100000 187.070000 312.960000 221.010000 -1.000000 -1.000000 -1.000000 -1000.000000 -1000.000000 -1000.000000 -9.214602
