Car 0.520000 0.000000 2.010000 -187.287903 197.642982 381.960388 503.337192 1.430000 1.660000 4.190000 -2.830000 1.700000 5.820000 1.557409
Car 0.670000 3.000000 -1.910000 839.426920 171.059073 1345.009579 543.968192 1.580000 1.710000 3.750000 3.160000 1.570000 5.070000 -1.352643
Car 0.000000 1.000000 1.780000 385.937142 170.400930 493.081407 258.001319 1.700000 1.500000 3.340000 -3.100000 1.650000 15.680000 1.584813
Car 0.000000 2.000000 1.290000 431.372906 175.467853 526.492965 233.919829 1.480000 1.710000 3.930000 -3.350000 1.560000 20.600000 1.128790
Car 0.000000 1.000000 -0.550000 742.967252 155.469506 811.135054 177.944520 1.600000 1.750000 4.630000 12.750000 0.360000 52.910000 -0.313533
Car 0.000000 2.000000 -1.480000 821.597991 178.785438 990.435733 325.265804 1.510000 1.580000 3.310000 4.460000 1.600000 9.410000 -1.037397
Car 0.000000 2.000000 -1.270000 876.471844 165.608998 1027.336515 264.792277 1.610000 1.600000 3.110000 6.880000 1.490000 13.380000 -0.795057
Car 0.000000 1.000000 -3.130000 747.367539 157.459869 894.890738 212.836107 1.790000 1.690000 4.720000 7.710000 1.290000 24.850000 -2.829156
Car 0.600000 1.000000 -1.100000 1154.283180 163.789769 1315.450625 232.337444 1.570000 1.650000 3.350000 15.970000 1.360000 17.900000 -0.371523
Car 0.000000 1.000000 2.210000 1022.696166 163.387698 1141.512526 203.484293 1.430000 1.700000 3.950000 18.270000 1.090000 27.190000 2.801643
DontCare -1.000000 -1.000000 -10.000000 1115.800000 140.650000 1166.880000 176.110000 -1.000000 -1.000000 -1.000000 -1000.000000 -1000.000000 -1000.000000 -9.214602
