Car 0.000000 0.000000 -1.530000 554.916375 178.668356 613.603509 224.830719 1.360000 1.690000 3.380000 -0.280000 1.560000 23.400000 -1.541965
Car 0.550000 3.000000 -1.800000 -213.263925 182.082037 163.563615 441.354277 1.490000 1.660000 3.970000 -5.070000 1.590000 6.140000 -2.490236
Car 0.000000 1.000000 -2.040000 228.575722 182.171143 401.243107 268.828898 1.390000 1.620000 3.720000 -5.250000 1.590000 13.820000 -2.403046
Car 0.000000 1.000000 -2.240000 348.773004 175.951201 479.793870 236.141808 1.490000 1.660000 3.550000 -4.920000 1.580000 19.780000 -2.483789
Car 0.000000 1.000000 -2.580000 454.783640 174.247096 538.046263 209.138819 1.660000 1.630000 3.830000 -5.170000 1.730000 35.970000 -2.722753
Car 0.660000 3.000000 -2.120000 829.055784 190.469195 1413.141127 503.767967 1.470000 1.730000 4.220000 3.690000 1.660000 5.750000 -1.549454
Car 0.000000 0.000000 -1.720000 671.547668 179.504558 740.264989 228.590280 1.400000 1.660000 4.080000 3.470000 1.630000 23.170000 -1.571342
Van 0.000000 3.000000 -1.670000 637.486460 158.904156 678.828393 201.229143 2.420000 2.030000 5.490000 3.360000 1.620000 44.020000 -1.593819
Car 0.000000 2.000000 1.960000 195.303109 181.912936 312.908060 236.370379 1.320000 1.620000 3.540000 -9.180000 1.590000 19.890000 1.527592
Car 0.000000 2.000000 -1.560000 581.581422 173.718135 619.490624 208.342027 1.520000 1.670000 3.610000 0.100000 1.560000 33.580000 -1.557022
Car 0.000000 2.000000 2.170000 100.981545 177.794178 217.848231 220.029611 1.310000 1.520000 3.730000 -14.810000 1.490000 24.730000 1.630413
