Car 0.000000 0.000000 -1.590000 689.152644 173.569520 708.869930 190.154450 1.350000 1.600000 3.860000 8.000000 1.410000 60.910000 -1.459406
Van 0.000000 0.000000 -1.600000 726.363760 165.359017 747.115822 185.668373 2.080000 2.050000 4.960000 13.920000 1.310000 76.500000 -1.420008
Car 0.000000 0.000000 -1.310000 597.942303 176.739008 654.970599 207.995342 1.320000 1.480000 4.440000 1.330000 1.510000 33.390000 -1.270189
Van 0.750000 1.000000 2.550000 -323.599752 148.183223 108.957695 302.541252 2.300000 1.870000 5.700000 -12.420000 1.930000 13.740000 1.815018
Truck 0.000000 2.000000 1.900000 360.388038 124.921839 523.832776 222.851700 4.020000 2.600000 16.790000 -7.450000 2.050000 38.110000 1.706948
Car 0.000000 0.000000 -1.120000 406.097594 180.058628 580.871731 269.435224 1.420000 1.560000 4.160000 -1.580000 1.580000 14.040000 -1.232064
Tram 0.000000 2.000000 1.180000 572.072733 159.978649 633.342609 188.951443 3.460000 2.570000 14.660000 -0.680000 1.920000 93.420000 1.172721
DontCare -1.000000 -1.000000 -10.000000 242.400000 174.710000 356.540000 215.110000 -1.000000 -1.000000 -1.000000 -1000.000000 -1000.000000 -1000.000000 -9.214602
DontCare -1.000000 -1.000000 -10.000000 668.050000 170.180000 693.570000 185.350000 -1.000000 -1.000000 -1.000000 -1000.000000 -1000.000000 -1000.000000 -9.214602
DontCare -1.000000 -1.000000 -10.000000 779.310000 153.360000 1240.000000 176.940000 -1.000000 -1.000000 -1.000000 -1000.000000 -1000.000000 -1000.000000 -9.214602
