Car 0.000000 0.000000 -1.580000 574.657986 173.235564 635.463026 222.250736 1.360000 1.690000 3.380000 0.360000 1.370000 21.740000 -1.563442
Car 0.000000 0.000000 -2.200000 233.518462 178.204386 444.526872 276.522231 1.400000 1.600000 3.550000 -4.130000 1.500000 12.130000 -2.528167
Car 0.000000 2.000000 -2.120000 373.795099 168.654183 484.263255 225.637887 1.460000 1.490000 3.400000 -4.640000 1.350000 20.220000 -2.345570
Car 0.000000 2.000000 -2.240000 405.145178 169.572972 512.848403 217.642937 1.430000 1.620000 3.470000 -4.410000 1.330000 23.210000 -2.427766
Car 0.000000 2.000000 -2.240000 452.098476 168.927121 538.279124 203.061969 1.370000 1.550000 3.960000 -4.470000 1.210000 30.880000 -2.383755
Van 0.000000 3.000000 -2.270000 501.199588 152.716235 573.305015 190.832259 2.210000 1.820000 4.690000 -4.000000 1.040000 44.130000 -2.360394
Car 0.000000 1.000000 -2.040000 819.168580 187.704021 1133.461473 363.219346 1.410000 1.610000 3.710000 4.120000 1.610000 7.970000 -1.562894
Car 0.000000 1.000000 -1.860000 742.457114 182.914257 886.730770 272.618941 1.360000 1.590000 3.850000 4.060000 1.570000 13.300000 -1.563722
Car 0.000000 1.000000 -1.790000 709.076097 163.846580 809.855152 238.472722 1.720000 1.790000 3.940000 4.200000 1.510000 18.600000 -1.567918
Pedestrian 0.000000 2.000000 -1.810000 677.564469 167.454302 700.089782 205.649916 1.610000 0.740000 1.080000 3.870000 1.380000 30.990000 -1.685764
Car 0.000000 2.000000 -0.400000 772.072653 166.250516 882.154676 208.200110 1.700000 1.770000 4.060000 9.560000 1.430000 30.310000 -0.094469
Car 0.470000 3.000000 2.320000 -201.592214 174.759912 162.934807 299.136046 1.410000 1.580000 3.900000 -7.990000 1.440000 10.250000 1.657877
Car 0.000000 1.000000 2.250000 115.425319 169.855970 291.410743 244.800183 1.440000 1.580000 3.250000 -8.140000 1.380000 15.610000 1.769332
Car 0.000000 2.000000 -1.550000 589.936088 166.908683 626.429172 199.461701 1.520000 1.670000 3.610000 0.450000 1.240000 35.520000 -1.537332
Car 0.000000 2.000000 1.930000 236.184279 169.392151 341.882616 226.691149 1.450000 1.470000 3.520000 -8.300000 1.360000 20.040000 1.537337
Van 0.000000 3.000000 -0.490000 881.450971 148.189831 1048.318118 210.245517 2.510000 2.460000 5.850000 15.350000 1.510000 30.480000 -0.023469
Car 0.770000 3.000000 2.290000 -186.653709 167.254682 34.282906 246.869511 1.530000 1.530000 3.450000 -14.090000 1.420000 15.600000 1.555417
DontCare -1.000000 -1.000000 -10.000000 349.780000 147.540000 481.390000 173.710000 -1.000000 -1.000000 -1.000000 -1000.000000 -1000.000000 -1000.000000 -9.214602
