Car 0.000000 0.000000 -1.570000 564.530563 178.813626 619.135192 223.660631 1.360000 1.690000 3.380000 -0.080000 1.570000 24.020000 -1.573331
Car 0.000000 1.000000 -2.110000 221.495999 165.545132 424.931112 274.924868 1.760000 1.740000 4.160000 -5.010000 1.640000 13.590000 -2.463195
Car 0.000000 2.000000 -2.050000 311.793465 165.275821 450.975250 253.268369 1.830000 1.640000 3.710000 -4.950000 1.670000 16.910000 -2.334770
Car 0.000000 2.000000 -2.260000 385.353551 175.128691 490.450000 223.174816 1.500000 1.580000 3.570000 -5.370000 1.580000 24.410000 -2.476542
Car 0.000000 2.000000 -2.260000 420.211874 168.959521 518.039394 219.902874 1.800000 1.630000 3.790000 -4.890000 1.660000 27.340000 -2.436987
Van 0.000000 3.000000 -1.690000 644.157411 151.138582 707.543967 212.841524 2.380000 2.080000 5.750000 3.170000 1.540000 30.720000 -1.587174
Car 0.000000 2.000000 -1.540000 572.014646 173.824554 607.581206 204.981693 1.520000 1.670000 3.610000 -0.500000 1.570000 37.130000 -1.553465
Van 0.480000 3.000000 -1.930000 -222.191605 130.365056 241.267315 447.824464 1.850000 1.670000 4.420000 -4.720000 1.600000 6.070000 -2.590929
Truck 0.320000 3.000000 2.190000 -114.352749 120.182252 184.407262 251.245337 2.980000 2.460000 7.500000 -14.810000 1.780000 20.170000 1.556650
DontCare -1.000000 -1.000000 -10.000000 534.140000 170.180000 573.890000 196.350000 -1.000000 -1.000000 -1.000000 -1000.000000 -1000.000000 -1000.000000 -9.214602
