Van 0.530000 0.000000 0.990000 -142.352313 182.277351 83.947733 272.284693 1.980000 1.840000 4.890000 -15.220000 2.230000 17.760000 0.281466
Car 0.000000 1.000000 -1.800000 798.104534 173.277407 888.920520 237.856265 1.550000 1.570000 3.640000 6.590000 1.560000 19.230000 -1.469849
Car 0.000000 2.000000 -1.930000 882.007616 175.016183 994.697929 232.358838 1.330000 1.470000 3.830000 8.910000 1.390000 18.850000 -1.488447
Van 0.000000 2.000000 0.600000 39.499358 180.363152 190.199768 231.699960 1.980000 1.850000 4.820000 -19.360000 2.290000 29.060000 0.012315
Car 0.110000 3.000000 0.640000 -33.032028 188.718233 125.369291 244.844306 1.760000 1.560000 4.010000 -18.080000 2.300000 23.870000 -0.008243
Van 0.000000 2.000000 0.550000 120.225864 165.278803 257.465036 219.083974 2.540000 1.750000 5.700000 -19.880000 2.180000 35.030000 0.033810
Van 0.000000 2.000000 0.450000 172.600476 167.717224 292.340967 214.717133 2.540000 1.720000 5.700000 -20.310000 2.260000 39.910000 -0.020738
Misc 0.000000 0.000000 2.740000 512.012213 160.960202 571.907165 194.431407 2.920000 1.730000 5.090000 -5.590000 1.880000 64.900000 2.654080
DontCare -1.000000 -1.000000 -10.000000 304.500000 169.530000 496.920000 209.280000 -1.000000 -1.000000 -1.000000 -1000.000000 -1000.000000 -1000.000000 -9.214602
DontCare -1.000000 -1.000000 -10.000000 611.120000 160.480000 765.370000 182.770000 -1.000000 -1.000000 -1.000000 -1000.000000 -1000.000000 -1000.000000 -9.214602
DontCare -1.000000 -1.000000 -10.000000 1150.600000 152.070000 1209.110000 169.830000 -1.000000 -1.000000 -1.000000 -1000.000000 -1000.000000 -1000.000000 -9.214602
