Pedestrian 0.690000 1.000000 0.970000 1123.209730 118.899369 1304.833039 372.131655 1.960000 0.720000 1.090000 5.570000 1.540000 6.170000 1.704335
Car 1.000000 0.000000 -2.550000 1088.931323 198.032751 6832.380746 2797.732507 1.510000 1.600000 3.240000 3.680000 1.640000 2.120000 -1.501854
Car 0.040000 0.000000 -1.970000 807.327846 187.094429 1146.734359 386.872319 1.450000 1.740000 4.100000 3.870000 1.640000 7.640000 -1.501131
Car 0.000000 0.000000 1.970000 70.485714 181.429474 386.469270 357.185712 1.540000 1.680000 3.790000 -3.550000 1.660000 8.400000 1.570148
Car 0.000000 1.000000 1.850000 333.378188 186.001925 469.553650 278.648444 1.490000 1.520000 3.350000 -3.350000 1.770000 13.790000 1.611687
Car 0.000000 1.000000 -1.820000 727.887097 180.336583 862.717640 273.359903 1.530000 1.650000 4.370000 3.980000 1.700000 14.420000 -1.550699
Car 0.000000 1.000000 1.740000 438.787559 175.082645 522.396287 240.867824 1.740000 1.650000 4.180000 -3.220000 1.810000 21.330000 1.590170
Car 0.000000 0.000000 1.910000 524.239290 176.512389 590.420684 222.011588 1.640000 1.450000 3.480000 -1.500000 1.790000 28.180000 1.856821
Car 0.000000 1.000000 -1.630000 711.604920 176.230215 773.563095 235.666922 1.610000 1.680000 4.040000 4.420000 1.720000 21.900000 -1.430849
Car 0.000000 0.000000 1.960000 640.293810 176.620345 698.744315 207.671249 1.540000 1.640000 4.080000 3.730000 1.750000 38.500000 2.056582
Truck 0.000000 3.000000 -1.420000 792.984494 142.764248 839.827471 180.355013 3.520000 2.890000 10.810000 21.560000 0.700000 73.070000 -1.133082
DontCare -1.000000 -1.000000 -10.000000 725.620000 160.480000 787.370000 173.710000 -1.000000 -1.000000 -1.000000 -1000.000000 -1000.000000 -1000.000000 -9.214602
DontCare -1.000000 -1.000000 -10.000000 875.690000 154.010000 940.670000 178.240000 -1.000000 -1.000000 -1.000000 -1000.000000 -1000.000000 -1000.000000 -9.214602
