Car 0.100000 1.000000 0.870000 1080.237848 184.313480 1220.246545 234.406829 1.570000 1.710000 3.940000 19.180000 1.710000 24.460000 1.534993
Car 0.000000 1.000000 -2.270000 1018.294367 184.454957 1139.702511 232.301030 1.470000 1.620000 3.360000 16.300000 1.610000 23.760000 -1.668714
Car 0.000000 1.000000 -2.150000 939.114821 182.200858 1051.728247 233.631151 1.620000 1.720000 3.580000 13.750000 1.680000 24.230000 -1.633837
Car 0.000000 0.000000 -1.640000 593.061127 172.724201 625.878256 202.647165 1.490000 1.530000 3.180000 0.720000 1.100000 36.830000 -1.620453
Cyclist 0.000000 0.000000 0.790000 593.453841 163.470922 718.616464 300.526414 1.750000 0.830000 1.700000 1.170000 1.530000 9.950000 0.907050
Cyclist 0.000000 1.000000 0.540000 674.770978 152.960598 813.818989 283.041790 1.830000 0.890000 1.940000 2.610000 1.440000 10.940000 0.774196
Cyclist 0.000000 0.000000 1.760000 380.784603 167.595062 420.822461 231.870217 1.730000 0.730000 1.760000 -5.230000 1.380000 19.930000 1.503368
Pedestrian 0.000000 2.000000 -1.600000 170.353196 149.072677 190.625763 196.550866 1.990000 0.730000 0.530000 -17.530000 0.670000 30.050000 -2.128095
Pedestrian 0.450000 1.000000 2.260000 -76.531274 144.331612 28.935552 258.150184 1.880000 0.710000 1.280000 -10.420000 1.280000 12.320000 1.557961
Pedestrian 0.000000 0.000000 2.010000 181.923523 153.781448 219.730051 216.220266 1.910000 0.660000 0.990000 -12.140000 1.090000 22.140000 1.508441
Pedestrian 0.000000 0.000000 1.960000 151.593092 150.086741 191.402945 214.074740 1.930000 0.730000 0.960000 -12.880000 1.010000 21.850000 1.427356
Pedestrian 0.000000 0.000000 0.420000 736.762813 148.801971 862.209537 331.757458 1.890000 0.870000 1.090000 2.680000 1.560000 7.990000 0.743627
Pedestrian 0.000000 1.000000 0.490000 782.182172 147.349977 896.980927 317.860046 1.890000 0.880000 1.000000 3.300000 1.520000 8.500000 0.860323
Pedestrian 0.000000 1.000000 0.250000 860.464668 137.616555 1001.078171 336.531951 1.890000 0.880000 1.130000 3.900000 1.480000 7.420000 0.733922
Pedestrian 0.010000 0.000000 0.210000 897.421922 142.248952 1049.015809 371.157190 1.840000 0.790000 1.030000 3.770000 1.530000 6.320000 0.747856
DontCare -1.000000 -1.000000 -10.000000 0.000000 144.970000 33.420000 254.260000 -1.000000 -1.000000 -1.000000 -1000.000000 -1000.000000 -1000.000000 -9.214602
DontCare -1.000000 -1.000000 -10.000000 337.060000 151.350000 372.400000 181.590000 -1.000000 -1.000000 -1.000000 -1000.000000 -1000.000000 -1000.000000 -9.214602
DontCare -1.000000 -1.000000 -10.000000 539.140000 167.290000 554.720000 179.040000 -1.000000 -1.000000 -1.000000 -1000.000000 -1000.000000 -1000.000000 -9.214602
DontCare -1.000000 -1.000000 -10.000000 893.590000 153.260000 956.980000 319.290000 -1.000000 -1.000000 -1.000000 -1000.000000 -1000.000000 -1000.000000 -9.214602
