Car 0.000000 0.000000 -1.990000 894.736607 171.312802 1129.758610 307.004489 1.550000 1.570000 3.640000 5.820000 1.530000 10.130000 -1.468518
Car 0.550000 3.000000 -2.240000 1037.803217 179.139636 1373.765617 303.823023 1.330000 1.470000 3.830000 8.140000 1.430000 9.820000 -1.547872
Van 0.000000 2.000000 -1.790000 860.305655 151.737870 991.076447 252.643653 1.900000 1.730000 4.780000 7.300000 1.500000 16.100000 -1.364309
Van 0.630000 0.000000 0.680000 -150.836396 157.655106 66.469031 235.237102 2.540000 1.750000 5.700000 -21.610000 2.040000 24.610000 -0.040582
Van 0.130000 3.000000 0.590000 -36.289354 160.743569 139.218248 225.149286 2.540000 1.720000 5.700000 -22.200000 2.060000 29.470000 -0.055615
Van 0.000000 2.000000 0.510000 67.767458 173.523443 183.870702 219.911477 2.110000 1.780000 4.200000 -22.160000 2.140000 33.880000 -0.069233
Misc 0.000000 0.000000 2.750000 451.227518 157.937463 522.447618 197.620488 2.920000 1.730000 5.090000 -8.880000 1.820000 55.160000 2.590383
DontCare -1.000000 -1.000000 -10.000000 195.830000 165.650000 440.640000 208.640000 -1.000000 -1.000000 -1.000000 -1000.000000 -1000.000000 -1000.000000 -9.214602
DontCare -1.000000 -1.000000 -10.000000 675.680000 156.130000 866.580000 185.820000 -1.000000 -1.000000 -1.000000 -1000.000000 -1000.000000 -1000.000000 -9.214602
DontCare -1.000000 -1.000000 -10.000000 424.250000 173.920000 461.750000 198.590000 -1.000000 -1.000000 -1.000000 -1000.000000 -1000.000000 -1000.000000 -9.214602
