Car 0.290000 1.000000 -2.160000 1023.196487 147.805982 1288.273071 267.304008 2.040000 1.990000 4.820000 11.210000 1.610000 14.780000 -1.511108
Car 0.770000 0.000000 -2.370000 -578.719779 190.513221 119.617970 394.399669 1.480000 1.560000 4.120000 -6.350000 1.650000 6.210000 -3.166544
Car 0.350000 3.000000 -2.550000 -177.748292 181.840426 213.725036 318.659368 1.510000 1.590000 3.500000 -6.630000 1.630000 8.950000 -3.187576
Car 0.000000 2.000000 -2.630000 -31.453555 164.668419 333.256450 285.776422 1.740000 1.750000 4.570000 -6.460000 1.620000 11.260000 -3.150866
Car 0.000000 2.000000 0.430000 240.447699 166.804618 432.766471 242.419134 1.720000 1.680000 4.020000 -6.040000 1.580000 17.440000 0.096598
Car 0.000000 2.000000 -2.870000 277.024377 178.624722 452.509673 233.328951 1.410000 1.420000 4.270000 -6.060000 1.570000 19.530000 -3.170872
Car 0.000000 2.000000 -2.710000 115.834941 178.203770 366.933829 259.118637 1.500000 1.650000 4.140000 -6.690000 1.610000 14.320000 -3.147048
Car 0.000000 1.000000 0.190000 447.829010 176.068163 542.955294 205.028011 1.380000 1.660000 4.380000 -5.100000 1.540000 35.520000 0.047394
Car 0.000000 1.000000 1.010000 967.738600 162.383242 1105.604521 221.843193 1.690000 1.730000 4.300000 13.690000 1.390000 22.670000 1.553269
Car 0.000000 2.000000 -0.080000 657.294588 172.195435 757.233589 207.503371 1.480000 1.860000 4.180000 4.640000 1.450000 31.310000 0.067125
DontCare -1.000000 -1.000000 -10.000000 612.410000 164.360000 629.520000 198.940000 -1.000000 -1.000000 -1.000000 -1000.000000 -1000.000000 -1000.000000 -9.214602
