Car 0.000000 0.000000 -1.580000 447.977919 165.113649 666.822086 373.386153 1.550000 1.630000 3.320000 0.090000 1.490000 7.030000 -1.567198
Car 0.000000 0.000000 1.840000 370.215977 184.961935 410.616384 205.300353 1.370000 1.820000 3.960000 -15.560000 2.290000 52.970000 1.554286
Car 0.000000 0.000000 1.920000 326.706517 187.856431 366.659024 208.433228 1.380000 1.790000 2.940000 -18.440000 2.490000 52.020000 1.579341
Car 0.000000 0.000000 1.800000 417.194511 181.387043 456.253150 201.887399 1.400000 1.750000 4.750000 -12.310000 2.060000 53.630000 1.574373
Car 0.000000 1.000000 2.670000 934.906068 175.440092 1071.325753 218.629287 1.590000 1.730000 4.260000 15.450000 1.690000 27.620000 3.180014
Car 0.000000 0.000000 -2.380000 133.269294 195.886084 232.609738 227.043469 1.420000 1.800000 4.250000 -20.960000 2.620000 36.290000 -2.903763
Car 0.000000 1.000000 3.020000 822.364730 169.223020 913.552125 208.001415 1.790000 1.710000 3.950000 12.780000 1.620000 34.590000 3.373914
Van 0.000000 2.000000 -0.120000 699.838818 162.666429 831.228158 225.310714 1.830000 1.850000 3.780000 5.170000 1.530000 22.200000 0.108805
Van 0.000000 2.000000 0.050000 546.619992 165.756370 707.780625 238.888664 1.830000 1.850000 4.090000 0.990000 1.650000 19.180000 0.101571
DontCare -1.000000 -1.000000 -10.000000 464.930000 172.120000 482.040000 190.530000 -1.000000 -1.000000 -1.000000 -1000.000000 -1000.000000 -1000.000000 -9.214602
