Car 0.000000 1.000000 1.980000 117.213005 198.683129 388.583682 344.891634 1.420000 1.670000 3.800000 -3.920000 1.830000 9.600000 1.592330
Car 0.970000 0.000000 2.350000 -1708.456005 199.837333 171.029440 942.404845 1.550000 1.710000 4.500000 -4.100000 1.780000 3.940000 1.544704
Car 0.000000 0.000000 1.290000 775.173446 168.466301 917.535824 253.274567 1.500000 1.710000 4.440000 5.180000 1.420000 15.020000 1.622101
Car 0.000000 1.000000 1.840000 350.549474 185.251619 475.576241 268.174651 1.540000 1.630000 3.590000 -3.670000 1.840000 15.770000 1.611349
Car 0.000000 1.000000 1.750000 449.322052 186.231560 521.310869 239.430046 1.420000 1.460000 3.630000 -3.230000 1.860000 22.020000 1.604354
Car 0.000000 1.000000 1.690000 480.033362 185.767047 539.893566 229.212568 1.430000 1.660000 4.190000 -3.180000 1.950000 27.090000 1.573148
Car 0.000000 0.000000 -1.500000 646.188240 178.735388 702.020552 226.197556 1.580000 1.710000 3.750000 2.910000 1.810000 26.510000 -1.390668
Car 0.000000 2.000000 -0.240000 754.190807 164.222194 932.375356 223.326484 1.490000 1.570000 4.260000 6.560000 1.270000 19.160000 0.089870
Car 0.000000 1.000000 -1.220000 664.098204 180.203005 726.932011 218.740807 1.510000 1.580000 3.310000 4.190000 1.840000 30.800000 -1.084791
Car 0.000000 1.000000 -1.000000 701.348129 174.889682 765.880426 210.372381 1.610000 1.600000 3.110000 6.450000 1.710000 34.610000 -0.815751
Car 0.000000 2.000000 -0.490000 685.246970 169.595513 724.859710 182.426355 1.290000 1.470000 3.770000 10.250000 0.960000 73.880000 -0.352142
DontCare -1.000000 -1.000000 -10.000000 501.230000 180.230000 572.110000 210.480000 -1.000000 -1.000000 -1.000000 -1000.000000 -1000.000000 -1000.000000 -9.214602
