Car 0.000000 1.000000 1.930000 200.672569 196.153323 415.625317 316.651408 1.420000 1.670000 3.800000 -3.910000 1.840000 11.160000 1.593006
Car 0.820000 0.000000 2.210000 -610.602109 194.580442 259.769256 573.797683 1.550000 1.710000 4.500000 -4.110000 1.780000 5.460000 1.564743
Car 0.000000 0.000000 1.320000 761.331794 169.955829 883.569708 245.422435 1.500000 1.710000 4.440000 5.180000 1.440000 16.600000 1.622473
Car 0.000000 1.000000 1.820000 376.073556 184.619041 486.109476 259.047792 1.540000 1.630000 3.590000 -3.680000 1.850000 17.330000 1.610760
Car 0.000000 1.000000 1.740000 461.321906 186.529789 527.123450 235.894210 1.420000 1.460000 3.630000 -3.220000 1.900000 23.610000 1.604453
Car 0.000000 1.000000 1.680000 488.771066 184.628022 544.098865 225.275860 1.430000 1.660000 4.190000 -3.150000 1.930000 28.690000 1.570644
Car 0.000000 0.000000 -1.500000 645.046110 178.904655 697.586490 223.496265 1.580000 1.710000 3.750000 2.940000 1.830000 28.100000 -1.395753
Car 0.000000 2.000000 -0.220000 744.068878 166.002032 907.254649 220.421855 1.490000 1.570000 4.260000 6.570000 1.300000 20.720000 0.087056
Car 0.000000 1.000000 -1.210000 661.739251 180.080929 722.043964 216.646350 1.510000 1.580000 3.310000 4.210000 1.850000 32.350000 -1.080588
Car 0.000000 1.000000 -0.990000 698.209325 174.423386 760.166644 208.224662 1.610000 1.600000 3.110000 6.500000 1.690000 36.200000 -0.812335
Car 0.000000 2.000000 -0.460000 656.397771 170.107803 695.731576 182.869080 1.290000 1.470000 3.770000 7.320000 1.010000 74.290000 -0.361784
DontCare -1.000000 -1.000000 -10.000000 534.790000 176.650000 572.600000 206.700000 -1.000000 -1.000000 -1.000000 -1000.000000 -1000.000000 -1000.000000 -9.214602
