Car 0.100000 1.000000 0.870000 1080.327193 184.312048 1220.284935 234.382743 1.570000 1.710000 3.940000 19.190000 1.710000 24.470000 1.535048
Car 0.000000 1.000000 -2.270000 1018.294367 184.454957 1139.702511 232.301030 1.470000 1.620000 3.360000 16.300000 1.610000 23.760000 -1.668714
Car 0.000000 1.000000 -2.150000 939.114821 182.200858 1051.728247 233.631151 1.620000 1.720000 3.580000 13.750000 1.680000 24.230000 -1.633837
Car 0.000000 1.000000 -1.640000 593.061127 172.724201 625.878256 202.647165 1.490000 1.530000 3.180000 0.720000 1.100000 36.830000 -1.620453
Cyclist 0.000000 0.000000 1.270000 497.679110 165.551069 560.996034 259.858121 1.750000 0.830000 1.700000 -1.040000 1.470000 14.060000 1.196166
Cyclist 0.000000 0.000000 1.250000 561.963476 159.090202 627.702232 250.762928 1.830000 0.890000 1.940000 0.240000 1.400000 15.170000 1.265819
Cyclist 0.000000 0.000000 1.720000 450.718774 168.263414 475.287071 210.835919 1.730000 0.730000 1.760000 -5.420000 1.230000 29.620000 1.539018
Pedestrian 0.000000 0.000000 -1.620000 170.645876 148.862668 191.172182 196.298022 1.990000 0.730000 0.530000 -17.530000 0.660000 30.080000 -2.147661
Pedestrian 0.000000 0.000000 2.180000 40.550619 148.020777 118.773642 240.905042 1.880000 0.710000 1.280000 -10.580000 1.220000 14.950000 1.564130
Pedestrian 0.000000 0.000000 1.990000 215.231208 155.117865 248.887981 212.334723 1.910000 0.660000 0.990000 -12.200000 1.060000 24.110000 1.521553
Pedestrian 0.000000 0.000000 1.920000 183.397971 151.250947 218.266058 209.609799 1.930000 0.730000 0.960000 -13.150000 0.960000 23.910000 1.417173
Pedestrian 0.000000 0.000000 0.590000 603.179620 153.226009 707.928323 305.987847 1.890000 0.870000 1.090000 1.160000 1.550000 9.430000 0.712397
Pedestrian 0.000000 1.000000 0.650000 656.677880 150.111834 752.611244 294.622739 1.890000 0.880000 1.000000 1.880000 1.490000 9.910000 0.837479
Pedestrian 0.000000 2.000000 0.470000 716.782315 142.508448 835.898371 310.492057 1.890000 0.880000 1.130000 2.580000 1.460000 8.660000 0.759549
Pedestrian 0.580000 0.000000 0.110000 1039.773498 138.640907 1250.991617 426.591751 1.840000 0.780000 1.120000 4.430000 1.570000 5.190000 0.816560
Pedestrian 0.000000 1.000000 0.470000 712.340019 147.385966 834.994100 333.456422 1.840000 0.790000 1.030000 2.300000 1.510000 7.630000 0.762779
DontCare -1.000000 -1.000000 -10.000000 419.930000 155.810000 435.500000 187.960000 -1.000000 -1.000000 -1.000000 -1000.000000 -1000.000000 -1000.000000 -9.214602
