Car 0.000000 0.000000 -1.520000 536.961462 184.260494 595.807525 230.521193 1.360000 1.690000 3.380000 -0.880000 1.760000 23.750000 -1.557036
Car 0.000000 0.000000 -2.500000 211.100827 174.629641 408.145513 256.882721 1.660000 1.630000 3.830000 -6.110000 1.700000 15.920000 -2.866458
Car 0.000000 2.000000 -2.360000 373.057792 182.847927 479.793918 225.036353 1.450000 1.610000 3.960000 -6.490000 1.850000 27.330000 -2.593149
Car 0.000000 2.000000 -2.300000 407.562175 183.030323 495.984463 218.595702 1.360000 1.570000 3.730000 -6.190000 1.810000 30.330000 -2.501324
Car 0.000000 1.000000 -1.490000 510.364275 183.781894 552.358766 211.401501 1.250000 1.740000 3.660000 -3.370000 1.820000 35.950000 -1.583468
Misc 0.190000 3.000000 -2.590000 -97.496394 217.748701 117.199468 363.095833 1.260000 0.640000 1.470000 -5.190000 1.710000 6.880000 -3.236286
Car 0.970000 3.000000 -2.310000 862.273330 211.470971 2474.460701 1069.281845 1.400000 1.660000 4.080000 3.190000 1.690000 3.410000 -1.557923
Van 0.000000 3.000000 -1.740000 630.999338 150.360801 716.527457 231.896348 2.420000 2.030000 5.490000 2.470000 1.750000 24.220000 -1.638370
Van 0.000000 3.000000 1.900000 331.759205 165.388742 412.629937 216.353586 2.100000 1.960000 4.630000 -9.950000 1.790000 32.070000 1.599158
Car 0.000000 2.000000 -1.560000 565.592903 180.003763 604.549545 216.297657 1.520000 1.670000 3.610000 -0.590000 1.860000 32.740000 -1.578019
