Car 1.000000 0.000000 -2.140000 1048.454341 -77.953100 4858.135204 2036.217370 1.750000 1.840000 4.430000 3.870000 1.540000 2.990000 -1.227019
Car 0.720000 3.000000 -1.560000 1076.909256 159.240423 1371.271862 378.218023 1.570000 1.800000 4.480000 6.810000 1.470000 7.420000 -0.817443
Van 0.000000 0.000000 -1.590000 445.684077 164.986969 514.418627 240.017526 1.980000 1.800000 4.540000 -3.360000 1.770000 21.430000 -1.745523
Van 0.000000 0.000000 -0.630000 817.309581 117.419862 1121.050330 236.565149 2.660000 2.130000 6.640000 9.160000 1.420000 17.660000 -0.151515
Car 0.000000 0.000000 -1.260000 171.933491 185.139492 296.242735 247.085942 1.480000 1.710000 4.650000 -10.050000 1.870000 20.620000 -1.713510
Car 0.000000 1.000000 -1.090000 32.919973 170.139917 191.788954 252.038115 2.040000 1.660000 4.620000 -13.290000 1.970000 20.350000 -1.668531
Car 0.000000 0.000000 -1.480000 369.552318 174.854981 425.668616 215.307739 1.420000 1.640000 3.950000 -7.560000 1.500000 27.620000 -1.747171
Car 0.000000 0.000000 -1.870000 651.491992 170.877789 742.058679 222.680176 1.510000 1.720000 4.500000 3.170000 1.450000 23.390000 -1.735293
Car 0.000000 0.000000 -1.610000 518.023834 166.684502 553.435624 199.707111 1.700000 1.800000 4.500000 -3.620000 1.380000 39.490000 -1.701413
Van 0.000000 0.000000 1.490000 560.830657 150.808853 596.223028 192.687786 2.750000 2.040000 6.050000 -1.770000 1.300000 50.500000 1.454965
Car 0.000000 1.000000 -1.910000 711.527311 166.325194 804.804394 220.510263 1.640000 1.730000 4.430000 5.310000 1.440000 24.140000 -1.693481
Car 0.000000 2.000000 -2.050000 782.465094 175.373333 896.534467 221.714023 1.380000 1.800000 4.490000 7.990000 1.470000 24.100000 -1.729869
Van 0.530000 1.000000 0.740000 1123.041488 127.207108 1329.427541 208.102478 2.530000 2.260000 5.420000 21.810000 1.100000 25.390000 1.449696
Truck 0.000000 1.000000 1.540000 512.589174 136.504224 550.229684 196.096619 3.570000 2.250000 7.970000 -4.740000 1.390000 47.320000 1.440164
Misc 0.530000 1.000000 2.160000 -148.612553 209.048138 111.760915 262.764099 0.930000 2.390000 5.820000 -16.010000 2.060000 19.560000 1.474076
