Car 0.100000 1.000000 0.880000 1081.136805 185.111266 1220.306838 235.257793 1.570000 1.710000 3.940000 19.220000 1.740000 24.490000 1.545410
Car 0.000000 1.000000 -2.280000 1017.893077 184.455517 1139.897636 232.339618 1.470000 1.620000 3.360000 16.290000 1.610000 23.750000 -1.678804
Car 0.000000 1.000000 -2.160000 938.487652 182.471458 1051.772642 233.965023 1.620000 1.720000 3.580000 13.740000 1.690000 24.230000 -1.644149
Car 0.000000 1.000000 -1.640000 593.063845 172.726410 625.872242 202.640880 1.490000 1.530000 3.180000 0.720000 1.100000 36.840000 -1.620459
Pedestrian 0.910000 0.000000 0.050000 1141.452246 151.103201 1312.488845 393.066518 1.790000 0.940000 0.990000 5.680000 1.570000 5.910000 0.815556
Pedestrian 0.000000 0.000000 -1.400000 179.554425 151.725332 201.574903 198.767418 1.990000 0.730000 0.530000 -17.230000 0.770000 30.280000 -1.917330
Pedestrian 0.000000 0.000000 1.970000 282.256507 158.215186 316.033578 209.477309 1.880000 0.710000 1.280000 -10.970000 1.060000 26.570000 1.578447
Cyclist 0.000000 0.000000 1.370000 503.100383 160.082507 527.247025 208.726765 2.090000 0.740000 1.810000 -3.480000 1.210000 31.350000 1.259448
Pedestrian 0.000000 0.000000 2.000000 247.325493 154.102267 273.385734 197.015501 1.930000 0.730000 0.960000 -15.210000 0.740000 32.280000 1.559665
Pedestrian 0.000000 0.000000 1.180000 289.101610 157.985482 348.673802 249.029351 1.890000 0.870000 1.090000 -5.730000 1.420000 15.370000 0.823156
Pedestrian 0.000000 1.000000 1.190000 332.345453 157.496286 387.311911 244.908678 1.890000 0.880000 1.000000 -5.040000 1.390000 15.950000 0.883941
Pedestrian 0.000000 1.000000 1.090000 358.897113 157.676667 422.658300 251.986176 1.890000 0.880000 1.130000 -4.020000 1.430000 14.880000 0.826138
Pedestrian 0.000000 0.000000 0.820000 479.724762 156.368226 562.410995 280.501366 1.890000 0.840000 1.060000 -0.870000 1.520000 11.430000 0.744031
Pedestrian 0.000000 0.000000 0.770000 523.998923 158.342614 606.856177 268.071174 1.770000 0.900000 1.110000 -0.190000 1.410000 12.110000 0.754312
Pedestrian 0.000000 0.000000 0.940000 321.981682 160.682525 401.495213 275.560934 1.840000 0.780000 1.120000 -3.630000 1.520000 11.970000 0.645557
Pedestrian 0.000000 0.000000 0.940000 372.890148 158.494353 447.205702 268.699058 1.840000 0.740000 1.160000 -2.950000 1.470000 12.460000 0.707523
Pedestrian 0.000000 0.000000 0.930000 417.575263 163.510116 482.683694 260.626054 1.700000 0.660000 1.100000 -2.360000 1.400000 12.990000 0.750282
Pedestrian 0.000000 0.000000 1.170000 300.202471 158.771153 360.717675 256.908992 1.840000 0.790000 1.030000 -4.910000 1.430000 13.900000 0.830444
DontCare -1.000000 -1.000000 -10.000000 211.470000 166.650000 231.510000 197.530000 -1.000000 -1.000000 -1.000000 -1000.000000 -1000.000000 -1000.000000 -9.214602
