Car 0.000000 1.000000 -2.600000 9.568473 169.494241 315.580165 300.765084 1.860000 1.690000 3.690000 -6.250000 1.810000 11.120000 -3.112048
Car 0.000000 2.000000 -2.750000 175.260837 176.871969 396.533171 258.720972 1.680000 1.690000 4.070000 -6.460000 1.770000 15.740000 -3.139456
Car 0.000000 1.000000 -1.890000 828.755473 154.166241 916.672400 208.814683 2.040000 1.990000 4.820000 11.040000 1.340000 29.380000 -1.530558
Car 0.000000 2.000000 -1.980000 891.743636 167.289828 968.809798 205.389204 1.490000 1.560000 3.880000 13.780000 1.270000 30.170000 -1.551551
Car 0.000000 2.000000 -2.850000 282.649199 182.644644 444.387307 236.998771 1.480000 1.560000 4.120000 -6.510000 1.770000 20.740000 -3.154147
Car 0.000000 2.000000 -2.890000 323.620861 179.458026 446.037349 228.145604 1.510000 1.590000 3.500000 -6.760000 1.730000 23.450000 -3.170664
Car 0.000000 2.000000 -2.890000 338.367502 173.189592 479.929778 223.642566 1.740000 1.750000 4.570000 -6.600000 1.750000 25.770000 -3.140723
Car 0.000000 2.000000 -0.030000 639.798628 169.670198 707.182623 193.515882 1.480000 1.860000 4.180000 4.510000 1.280000 45.850000 0.068049
DontCare -1.000000 -1.000000 -10.000000 498.560000 168.890000 571.950000 208.000000 -1.000000 -1.000000 -1.000000 -1000.000000 -1000.000000 -1000.000000 -9.214602
DontCare -1.000000 -1.000000 -10.000000 980.490000 161.130000 1033.830000 182.770000 -1.000000 -1.000000 -1.000000 -1000.000000 -1000.000000 -1000.000000 -9.214602
DontCare -1.000000 -1.000000 -10.000000 615.000000 166.300000 629.520000 188.590000 -1.000000 -1.000000 -1.000000 -1000.000000 -1000.000000 -1000.000000 -9.214602
DontCare -1.000000 -1.000000 -10.000000 776.230000 158.350000 825.230000 186.520000 -1.000000 -1.000000 -1.000000 -1000.000000 -1000.000000 -1000.000000 -9.214602
