Car 0.700000 0.000000 -2.400000 -326.949891 175.845583 84.785512 321.304274 1.690000 1.770000 3.510000 -8.710000 1.730000 9.320000 -3.151579
Car 0.160000 3.000000 -2.570000 -78.890375 185.709712 225.645194 290.892194 1.610000 1.660000 3.860000 -8.370000 1.840000 12.150000 -3.173230
Car 0.000000 1.000000 3.040000 121.653487 181.131194 320.534689 259.723919 1.590000 1.710000 3.900000 -8.470000 1.800000 16.740000 2.571585
Car 0.000000 2.000000 2.940000 173.422910 179.765262 344.607919 252.640351 1.730000 1.690000 3.880000 -8.850000 1.930000 19.300000 2.510059
Car 0.000000 2.000000 3.020000 297.256490 179.599073 377.895530 224.343322 1.430000 1.570000 2.430000 -8.840000 1.670000 24.680000 2.676052
Car 0.000000 2.000000 3.070000 324.798430 179.393847 431.814506 221.253466 1.480000 1.740000 3.770000 -8.330000 1.740000 27.460000 2.775472
Car 0.000000 0.000000 1.770000 446.635976 178.715782 486.780496 208.756900 1.550000 1.540000 3.060000 -7.280000 1.880000 39.370000 1.587153
DontCare -1.000000 -1.000000 -10.000000 797.540000 130.040000 1240.000000 210.600000 -1.000000 -1.000000 -1.000000 -1000.000000 -1000.000000 -1000.000000 -9.214602
DontCare -1.000000 -1.000000 -10.000000 647.080000 163.420000 700.910000 192.750000 -1.000000 -1.000000 -1.000000 -1000.000000 -1000.000000 -1000.000000 -9.214602
DontCare -1.000000 -1.000000 -10.000000 492.900000 178.150000 530.440000 195.900000 -1.000000 -1.000000 -1.000000 -1000.000000 -1000.000000 -1000.000000 -9.214602
