Car 0.000000 0.000000 -1.520000 543.365408 188.791433 602.183092 235.777060 1.360000 1.690000 3.380000 -0.670000 1.920000 23.750000 -1.548203
Car 0.000000 1.000000 -2.570000 307.221114 181.519062 457.835542 245.113238 1.660000 1.630000 3.830000 -5.960000 1.920000 20.520000 -2.852671
Car 0.000000 2.000000 -2.320000 416.856840 186.558470 505.514053 222.872798 1.450000 1.610000 3.960000 -6.140000 2.090000 32.000000 -2.509571
Car 0.000000 2.000000 -2.330000 439.511424 187.249243 516.831178 218.307101 1.360000 1.570000 3.730000 -5.920000 2.090000 34.960000 -2.497745
Car 0.000000 2.000000 -1.510000 531.061754 187.695829 566.826845 212.390167 1.250000 1.740000 3.660000 -2.890000 2.120000 40.570000 -1.581115
Misc 0.000000 3.000000 -2.760000 200.061641 205.296711 312.144832 288.897384 1.260000 0.640000 1.470000 -5.130000 1.790000 11.490000 -3.179919
Misc 0.000000 3.000000 -2.710000 60.108021 205.200648 206.107875 290.704301 1.260000 0.520000 1.870000 -6.940000 1.780000 11.280000 -3.261556
Car 0.090000 0.000000 -1.960000 749.733563 200.546417 1050.927179 391.498339 1.400000 1.660000 4.080000 3.240000 1.780000 7.920000 -1.571681
Van 0.000000 3.000000 -1.710000 635.016095 160.975888 703.241768 228.199213 2.420000 2.030000 5.490000 2.720000 1.990000 28.760000 -1.615705
Car 0.000000 2.000000 -1.560000 571.110515 186.479291 610.058259 223.519718 1.520000 1.670000 3.610000 -0.340000 2.170000 32.740000 -1.570384
DontCare -1.000000 -1.000000 -10.000000 0.000000 267.210000 35.870000 373.000000 -1.000000 -1.000000 -1.000000 -1000.000000 -1000.000000 -1000.000000 -9.214602
