Car 0.000000 0.000000 -1.570000 588.172913 175.825030 611.538113 198.117369 1.540000 1.630000 3.670000 -0.210000 1.760000 52.170000 -1.574025
Car 0.000000 0.000000 -1.880000 717.708716 195.521664 957.376158 376.225888 1.400000 1.530000 3.560000 2.650000 1.700000 7.830000 -1.553659
Car 0.000000 2.000000 -1.800000 684.358733 181.796085 819.292245 283.682158 1.490000 1.600000 3.810000 2.820000 1.670000 12.800000 -1.583152
Car 0.000000 0.000000 1.630000 546.840239 178.278119 571.819133 199.065532 1.450000 1.590000 3.590000 -3.190000 1.860000 53.060000 1.569952
Car 0.000000 1.000000 -1.710000 659.523024 178.695097 719.449453 229.887829 1.480000 1.470000 3.700000 2.960000 1.680000 23.140000 -1.582774
Car 0.000000 2.000000 -1.690000 643.320297 173.885524 696.605256 220.031521 1.640000 1.640000 3.890000 2.720000 1.680000 27.690000 -1.592084
Car 0.000000 2.000000 -1.670000 631.093094 175.237013 664.769691 203.030535 1.500000 1.590000 3.790000 2.620000 1.640000 41.190000 -1.606478
Car 0.000000 1.000000 0.300000 364.784967 185.713318 420.491832 204.988324 1.580000 1.560000 4.240000 -17.850000 2.680000 61.040000 0.015501
Pedestrian 0.000000 2.000000 -1.720000 699.607905 163.659232 718.431192 207.976643 1.820000 0.690000 0.680000 4.600000 1.440000 29.970000 -1.567702
DontCare -1.000000 -1.000000 -10.000000 440.350000 179.240000 489.810000 201.530000 -1.000000 -1.000000 -1.000000 -1000.000000 -1000.000000 -1000.000000 -9.214602
