Car 0.000000 0.000000 1.690000 502.305578 181.453819 535.715064 209.927548 1.470000 1.430000 3.110000 -4.480000 1.960000 39.750000 1.577769
Car 0.000000 1.000000 2.080000 166.835407 176.647587 237.434549 211.036048 1.710000 1.440000 4.060000 -21.090000 1.920000 38.360000 1.577317
Car 0.000000 1.000000 2.020000 231.533464 181.316400 288.642914 207.629811 1.530000 1.670000 3.880000 -21.320000 2.080000 45.150000 1.578836
Car 0.000000 2.000000 2.480000 1050.886711 197.312439 1163.527990 236.287024 1.680000 1.390000 4.260000 23.120000 2.820000 32.900000 3.092560
Car 0.000000 1.000000 2.010000 281.013091 182.183715 329.314949 206.040645 1.530000 1.470000 4.050000 -20.530000 2.200000 49.940000 1.619967
Car 0.000000 0.000000 1.650000 537.441762 181.341557 561.576899 200.680574 1.410000 1.480000 4.930000 -4.250000 2.110000 57.240000 1.575887
Car 0.000000 0.000000 -1.550000 555.081155 178.614834 606.388833 229.783970 1.620000 1.630000 4.500000 -0.470000 1.840000 25.600000 -1.568357
Car 0.000000 2.000000 2.220000 70.661256 180.936681 168.310501 217.300419 1.460000 1.310000 4.150000 -21.140000 1.840000 32.020000 1.636479
Cyclist 0.000000 0.000000 -2.020000 885.810977 188.614645 914.572480 235.958980 1.640000 0.340000 1.580000 11.060000 2.230000 26.320000 -1.622191
Car 0.260000 0.000000 -0.760000 1159.197140 198.105832 1254.177997 234.318362 1.570000 1.800000 2.990000 28.270000 2.780000 33.650000 -0.061270
DontCare -1.000000 -1.000000 -10.000000 458.460000 174.710000 473.630000 192.470000 -1.000000 -1.000000 -1.000000 -1000.000000 -1000.000000 -1000.000000 -9.214602
DontCare -1.000000 -1.000000 -10.000000 494.040000 177.300000 511.150000 191.180000 -1.000000 -1.000000 -1.000000 -1000.000000 -1000.000000 -1000.000000 -9.214602
DontCare -1.000000 -1.000000 -10.000000 637.000000 177.300000 700.690000 186.000000 -1.000000 -1.000000 -1.000000 -1000.000000 -1000.000000 -1000.000000 -9.214602
