Car 0.890000 1.000000 2.190000 -677.784725 213.413809 117.820448 528.053778 1.460000 1.770000 4.590000 -6.050000 1.950000 6.360000 1.429576
Misc 0.890000 1.000000 2.080000 1013.448734 230.223215 1966.289025 435.543106 0.930000 2.390000 5.820000 7.220000 1.530000 5.890000 2.966502
Car 0.450000 1.000000 -0.880000 949.185339 164.538786 1396.351061 309.761920 1.530000 1.610000 4.730000 7.270000 1.440000 8.840000 -0.191750
Car 0.000000 1.000000 -0.700000 829.327659 178.901238 1047.459441 262.585650 1.400000 1.560000 3.480000 6.540000 1.520000 13.420000 -0.246538
Misc 0.000000 2.000000 2.420000 870.537349 183.489532 1091.958484 280.216307 1.340000 1.600000 2.680000 6.220000 1.520000 11.300000 2.923183
Misc 0.000000 2.000000 2.270000 1055.697713 143.213014 1152.363741 211.438229 2.020000 1.310000 2.250000 15.720000 1.140000 22.280000 2.884451
Car 0.000000 0.000000 -1.760000 529.850133 190.836522 610.714065 244.177345 1.270000 1.660000 4.060000 -0.760000 1.840000 20.800000 -1.796522
Car 0.000000 0.000000 -1.600000 430.108793 190.624924 484.293608 241.740642 1.480000 1.670000 4.500000 -4.810000 2.150000 24.920000 -1.790673
Truck 0.000000 1.000000 -1.580000 418.708546 147.732890 485.733174 232.991013 3.250000 2.520000 7.640000 -6.360000 2.290000 31.500000 -1.779226
DontCare -1.000000 -1.000000 -10.000000 291.560000 179.880000 426.400000 215.750000 -1.000000 -1.000000 -1.000000 -1000.000000 -1000.000000 -1000.000000 -9.214602
