Car 0.000000 0.000000 -1.590000 577.206713 174.781092 628.069700 223.189893 1.560000 1.650000 3.690000 0.230000 1.630000 25.250000 -1.580891
Car 0.000000 0.000000 1.990000 112.761944 194.581622 306.393346 286.493529 1.370000 1.640000 3.920000 -6.850000 1.840000 13.690000 1.526060
Car 0.000000 0.000000 -1.170000 787.616100 167.975505 1072.105480 320.668560 1.490000 1.590000 4.090000 4.590000 1.440000 8.960000 -0.696579
Car 0.000000 1.000000 -1.040000 694.151933 173.767270 861.528075 247.810492 1.400000 1.630000 4.050000 4.230000 1.420000 15.690000 -0.776662
Car 0.000000 2.000000 -1.000000 691.487113 173.948411 823.452475 233.877734 1.450000 1.580000 3.870000 4.530000 1.480000 19.440000 -0.771061
Car 0.000000 2.000000 -0.980000 689.905875 168.573591 798.663791 222.579755 1.610000 1.670000 3.650000 4.890000 1.480000 23.380000 -0.773819
Van 0.000000 1.000000 -0.980000 650.749779 161.573446 750.185352 210.035964 1.880000 1.820000 4.640000 4.370000 1.440000 30.320000 -0.836856
Car 0.000000 2.000000 -0.890000 644.198730 172.698658 720.184746 203.133625 1.490000 1.630000 4.160000 4.280000 1.480000 37.360000 -0.775936
Car 0.000000 2.000000 -0.810000 637.517354 173.136574 689.051030 193.996270 1.540000 1.720000 3.880000 4.610000 1.560000 55.250000 -0.726754
Car 0.000000 1.000000 1.880000 348.950509 176.278438 412.161306 212.264214 1.670000 1.680000 4.490000 -10.910000 1.850000 36.170000 1.587047
Van 0.000000 1.000000 1.750000 511.014800 159.997514 548.280228 193.176131 2.910000 2.180000 6.910000 -6.840000 1.780000 66.810000 1.647976
Car 0.000000 1.000000 1.850000 393.328018 177.885829 440.906845 207.416826 1.630000 1.580000 4.200000 -10.840000 1.940000 42.670000 1.601220
Car 0.000000 1.000000 1.800000 427.685132 180.860996 464.637854 201.876296 1.340000 1.570000 4.010000 -10.700000 1.910000 49.560000 1.587364
Car 0.000000 0.000000 1.800000 476.001666 177.327261 505.917773 194.165530 1.450000 1.650000 4.630000 -10.290000 1.870000 65.760000 1.644781
Car 0.000000 2.000000 1.900000 335.644725 178.453612 373.944958 203.824331 1.470000 1.290000 2.950000 -15.000000 1.820000 43.930000 1.570960
Car 0.000000 1.000000 1.490000 59.688510 180.121931 102.171908 209.634205 1.480000 1.590000 3.660000 -28.150000 1.890000 39.030000 0.865161
