Car 0.000000 1.000000 -0.640000 181.713395 186.045496 322.955290 234.731847 1.350000 1.600000 3.860000 -10.890000 1.810000 23.210000 -1.078701
Van 0.000000 2.000000 2.580000 107.184853 170.897643 261.766478 227.905571 1.970000 1.770000 4.860000 -15.540000 1.900000 27.490000 2.065489
Pedestrian 0.000000 0.000000 -1.860000 912.288365 160.290582 955.903890 270.786763 1.650000 0.500000 0.500000 5.440000 1.460000 11.060000 -1.402884
Car 0.000000 1.000000 -0.850000 418.125707 179.076023 503.329730 215.926951 1.490000 1.530000 3.800000 -6.030000 1.780000 31.880000 -1.036938
Car 0.000000 2.000000 2.200000 434.439962 179.303539 498.267069 207.251006 1.490000 1.340000 4.250000 -7.730000 1.880000 41.690000 2.016666
Car 0.000000 1.000000 1.930000 564.115588 174.467298 603.079572 197.417650 1.720000 1.530000 4.550000 -1.520000 1.850000 56.810000 1.903251
Van 0.000000 1.000000 1.670000 626.415210 173.166018 646.812144 192.906390 1.910000 1.540000 4.850000 3.220000 1.940000 72.400000 1.714446
Car 0.000000 0.000000 -1.050000 561.164663 177.438247 615.520948 204.432183 1.490000 1.560000 3.650000 -0.730000 1.770000 42.470000 -1.067187
Car 0.000000 1.000000 -1.270000 726.832698 175.047035 752.101975 190.808533 1.440000 1.460000 3.160000 12.760000 1.650000 68.140000 -1.084882
DontCare -1.000000 -1.000000 -10.000000 657.700000 169.530000 683.220000 191.170000 -1.000000 -1.000000 -1.000000 -1000.000000 -1000.000000 -1000.000000 -9.214602
DontCare -1.000000 -1.000000 -10.000000 521.850000 172.770000 558.370000 198.940000 -1.000000 -1.000000 -1.000000 -1000.000000 -1000.000000 -1000.000000 -9.214602
DontCare -1.000000 -1.000000 -10.000000 759.250000 155.950000 1240.000000 191.820000 -1.000000 -1.000000 -1.000000 -1000.000000 -1000.000000 -1000.000000 -9.214602
