Car 0.940000 0.000000 2.170000 -1176.589879 206.630417 259.845744 922.916980 1.460000 1.620000 4.040000 -3.000000 1.730000 3.740000 1.493956
Car 0.000000 2.000000 1.720000 418.607947 184.373161 514.850260 260.156315 1.570000 1.600000 3.990000 -2.870000 1.880000 17.560000 1.557993
Car 0.000000 1.000000 1.680000 494.109216 184.698091 548.111872 230.157351 1.520000 1.540000 3.680000 -2.760000 1.990000 26.930000 1.577869
Van 0.000000 1.000000 1.640000 523.287621 166.110407 567.642874 214.028802 2.470000 1.980000 5.810000 -3.000000 2.120000 40.100000 1.565326
Car 0.000000 2.000000 2.040000 8.998855 194.699748 287.094793 337.759816 1.450000 1.500000 3.700000 -5.410000 1.800000 9.760000 1.533859
Car 0.000000 1.000000 -0.180000 656.402780 180.602606 796.743006 234.705075 1.620000 1.650000 4.140000 4.070000 1.870000 22.670000 -0.002360
Car 0.000000 2.000000 -0.130000 648.139001 182.450595 765.933469 223.336134 1.550000 1.660000 4.470000 4.270000 1.940000 28.630000 0.018053
Car 0.000000 1.000000 -0.020000 626.291063 178.293099 710.173879 213.052069 1.690000 1.760000 4.120000 3.420000 1.970000 36.430000 0.073604
Van 0.000000 1.000000 1.650000 555.380177 175.021254 586.407332 203.603030 2.130000 1.910000 6.400000 -2.540000 2.310000 57.490000 1.605847
Van 0.000000 1.000000 1.830000 238.924129 158.280832 466.719987 327.832296 1.950000 1.750000 4.630000 -2.940000 1.780000 10.620000 1.559928
Cyclist 0.050000 1.000000 0.920000 1068.675256 155.255158 1205.554357 285.155868 1.680000 0.530000 1.960000 7.920000 1.450000 10.310000 1.575039
DontCare -1.000000 -1.000000 -10.000000 617.590000 177.940000 635.350000 206.050000 -1.000000 -1.000000 -1.000000 -1000.000000 -1000.000000 -1000.000000 -9.214602
