Car 0.000000 0.000000 -1.570000 582.800175 177.353828 607.296861 200.843684 1.540000 1.630000 3.670000 -0.510000 1.860000 49.850000 -1.580230
Car 0.000000 0.000000 1.790000 341.621477 187.731336 480.260796 282.908588 1.450000 1.590000 3.590000 -3.030000 1.760000 13.350000 1.566815
Car 1.000000 0.000000 -2.580000 1062.810000 198.020000 1241.000000 374.000000 1.480000 1.470000 3.700000 2.950000 1.590000 1.670000 -1.524325
Car 0.350000 1.000000 -2.000000 739.406111 177.603341 1156.047026 473.223186 1.640000 1.640000 3.890000 2.730000 1.690000 6.010000 -1.573623
Car 0.000000 2.000000 -1.880000 697.530575 174.279846 850.574683 316.312123 1.690000 1.390000 2.650000 2.610000 1.710000 9.970000 -1.623960
Car 0.000000 1.000000 -1.730000 651.004492 179.624164 728.772110 242.114936 1.500000 1.590000 3.790000 2.560000 1.700000 19.650000 -1.600450
Car 0.000000 2.000000 -1.630000 630.757013 178.165485 667.137813 211.479651 1.490000 1.570000 4.070000 2.330000 1.760000 34.960000 -1.563451
Car 0.000000 2.000000 -1.680000 643.365644 177.250187 699.847989 227.457991 1.570000 1.590000 3.750000 2.530000 1.730000 24.770000 -1.578213
Car 0.000000 1.000000 0.280000 332.360223 187.221249 413.270849 216.166633 1.520000 1.510000 3.940000 -12.440000 2.320000 39.490000 -0.025176
Car 0.000000 1.000000 0.430000 224.420301 188.140216 315.387395 218.238707 1.580000 1.560000 4.240000 -18.050000 2.430000 39.450000 0.000893
Car 0.000000 2.000000 -1.650000 621.270628 178.482981 645.926083 199.819053 1.490000 1.550000 3.930000 2.220000 1.920000 53.430000 -1.608474
Pedestrian 0.000000 2.000000 -1.900000 803.782019 154.085709 858.708002 268.862970 1.820000 0.690000 0.680000 4.080000 1.520000 11.780000 -1.566581
DontCare -1.000000 -1.000000 -10.000000 506.330000 176.000000 533.150000 200.880000 -1.000000 -1.000000 -1.000000 -1000.000000 -1000.000000 -1000.000000 -9.214602
