Car 0.000000 0.000000 -1.530000 538.789048 184.863578 596.812781 231.343701 1.360000 1.690000 3.380000 -0.830000 1.780000 23.680000 -1.565036
Car 0.000000 0.000000 -2.460000 170.906925 174.801132 389.436692 266.797017 1.660000 1.630000 3.830000 -6.060000 1.700000 14.390000 -2.858585
Car 0.000000 2.000000 -2.340000 362.189939 182.878098 474.557762 227.804615 1.450000 1.610000 3.960000 -6.390000 1.830000 25.790000 -2.582879
Car 0.000000 2.000000 -2.290000 397.764702 184.248429 490.599941 221.983171 1.360000 1.570000 3.730000 -6.160000 1.840000 28.800000 -2.500714
Car 0.000000 1.000000 -1.480000 507.768477 184.447584 552.435536 213.435954 1.250000 1.740000 3.660000 -3.260000 1.830000 34.410000 -1.574458
Car 1.000000 3.000000 -2.570000 1040.970000 211.140000 1241.000000 374.000000 1.400000 1.660000 4.080000 3.190000 1.590000 1.900000 -1.536390
Van 0.000000 3.000000 -1.750000 631.101918 149.351482 724.022336 237.176764 2.420000 2.030000 5.490000 2.440000 1.770000 22.690000 -1.642875
Van 0.000000 3.000000 1.910000 316.702480 167.016886 403.267989 220.873073 2.100000 1.960000 4.630000 -9.930000 1.870000 30.470000 1.594959
Car 0.000000 2.000000 -1.560000 564.902319 181.052409 603.885392 217.493958 1.520000 1.670000 3.610000 -0.620000 1.910000 32.720000 -1.578946
Cyclist 0.000000 3.000000 2.020000 201.488362 180.957604 230.668914 212.548773 1.480000 0.600000 1.590000 -18.610000 1.880000 35.020000 1.531541
