Cyclist 0.000000 3.000000 -1.500000 990.355265 180.628625 1039.115661 281.716966 1.810000 0.650000 1.630000 8.340000 1.810000 13.510000 -0.946942
Cyclist 0.000000 3.000000 1.990000 612.463264 175.166129 722.499984 333.000873 1.700000 0.600000 1.700000 1.280000 1.640000 8.490000 2.139639
Cyclist 0.000000 3.000000 1.780000 851.731536 183.029055 889.563959 247.992083 1.700000 0.600000 1.700000 7.820000 1.770000 19.440000 2.162456
Pedestrian 0.000000 1.000000 1.400000 477.738104 172.675575 494.896851 216.842149 1.960000 0.690000 0.500000 -4.810000 1.610000 31.720000 1.249507
Pedestrian 0.000000 1.000000 -1.990000 491.679814 172.997895 511.016215 210.825596 1.650000 0.580000 0.800000 -4.080000 1.320000 31.330000 -2.119498
Cyclist 0.000000 2.000000 -0.760000 775.299920 184.234821 812.517857 223.366176 1.830000 0.690000 1.710000 9.580000 2.010000 33.900000 -0.484586
Pedestrian 0.000000 1.000000 -0.010000 833.589542 177.239428 849.887358 216.439930 1.770000 0.730000 0.700000 11.360000 1.620000 32.380000 0.327417
Pedestrian 0.000000 1.000000 3.020000 856.930873 184.924736 879.354595 224.636298 1.760000 0.770000 0.870000 12.390000 1.960000 31.920000 3.390256
DontCare -1.000000 -1.000000 -10.000000 24.040000 168.560000 123.770000 209.630000 -1.000000 -1.000000 -1.000000 -1000.000000 -1000.000000 -1000.000000 -9.214602
DontCare -1.000000 -1.000000 -10.000000 610.540000 174.300000 649.700000 226.210000 -1.000000 -1.000000 -1.000000 -1000.000000 -1000.000000 -1000.000000 -9.214602
DontCare -1.000000 -1.000000 -10.000000 906.980000 182.590000 940.400000 231.950000 -1.000000 -1.000000 -1.000000 -1000.000000 -1000.000000 -1000.000000 -9.214602
