Pedestrian 0.120000 0.000000 2.560000 875.114385 129.278890 996.545613 408.057751 1.840000 0.720000 0.500000 2.770000 1.550000 5.140000 3.054289
Cyclist 0.000000 0.000000 1.900000 347.103747 163.575990 399.045007 249.498693 1.830000 0.540000 1.730000 -4.820000 1.630000 16.240000 1.611483
Cyclist 0.000000 1.000000 1.840000 375.661409 167.374693 419.810348 237.854482 1.770000 0.590000 1.920000 -5.100000 1.630000 19.080000 1.578811
Van 0.000000 0.000000 -1.280000 481.095527 152.236602 565.457030 215.825468 2.460000 2.030000 5.350000 -3.060000 1.660000 30.730000 -1.379250
Person_sitting 0.000000 0.000000 0.700000 73.089821 189.870527 132.048920 254.335502 1.330000 0.630000 0.820000 -10.360000 1.700000 15.430000 0.108714
Person_sitting 0.000000 1.000000 0.670000 106.574118 187.271726 172.945913 247.865170 1.330000 0.510000 1.210000 -10.140000 1.660000 16.310000 0.113774
Pedestrian 0.000000 0.000000 -2.470000 120.147612 173.422172 160.507150 253.378101 1.680000 0.520000 0.510000 -9.570000 1.690000 15.450000 -3.024575
Pedestrian 0.000000 2.000000 1.230000 928.715333 140.966897 1020.018413 348.295966 1.870000 0.580000 0.800000 3.960000 1.580000 6.950000 1.747906
Pedestrian 0.000000 0.000000 1.050000 828.935434 203.269401 885.661132 316.343177 1.180000 0.360000 0.610000 3.220000 1.530000 8.030000 1.431365
Pedestrian 0.000000 0.000000 1.210000 861.814498 203.130785 915.662159 315.939744 1.180000 0.380000 0.650000 3.580000 1.530000 8.060000 1.627994
Cyclist 0.000000 0.000000 -0.800000 593.314527 171.401729 636.260284 217.285437 1.820000 0.590000 1.890000 0.700000 1.760000 29.490000 -0.776268
Car 0.000000 1.000000 -2.730000 413.545369 178.905351 485.895122 203.973205 1.440000 1.620000 3.910000 -9.080000 1.810000 43.210000 -2.937123
DontCare -1.000000 -1.000000 -10.000000 784.480000 163.710000 877.280000 217.690000 -1.000000 -1.000000 -1.000000 -1000.000000 -1000.000000 -1000.000000 -9.214602
DontCare -1.000000 -1.000000 -10.000000 278.310000 182.310000 320.020000 237.560000 -1.000000 -1.000000 -1.000000 -1000.000000 -1000.000000 -1000.000000 -9.214602
DontCare -1.000000 -1.000000 -10.000000 0.000000 166.690000 42.750000 342.770000 -1.000000 -1.000000 -1.000000 -1000.000000 -1000.000000 -1000.000000 -9.214602
