Car 1.000000 0.000000 -2.510000 953.678761 175.357011 8284.690530 4077.792540 1.570000 1.540000 3.220000 2.880000 1.580000 1.930000 -1.529606
Car 0.090000 0.000000 -1.910000 732.556611 153.455534 1034.654297 398.746935 1.740000 1.600000 3.860000 2.750000 1.600000 7.070000 -1.539040
Car 0.000000 1.000000 -1.780000 684.696901 155.271901 833.334440 285.217730 1.830000 1.690000 4.440000 2.810000 1.580000 12.390000 -1.556977
Car 0.000000 2.000000 -1.690000 674.984036 172.062919 755.558704 244.408149 1.610000 1.620000 3.780000 3.000000 1.590000 17.980000 -1.524671
Pedestrian 0.000000 0.000000 0.570000 655.897252 163.994206 680.720528 207.424006 1.900000 0.420000 1.040000 3.080000 1.510000 32.050000 0.665806
Pedestrian 0.000000 1.000000 0.700000 665.237831 166.410319 687.563142 208.306955 1.870000 0.500000 0.900000 3.500000 1.580000 32.700000 0.806628
Car 0.000000 0.000000 1.670000 518.961876 172.554842 551.379542 204.161337 1.860000 1.570000 3.830000 -4.060000 1.840000 44.380000 1.578771
Pedestrian 0.000000 0.000000 -0.060000 606.517416 170.832134 620.768368 196.986135 1.780000 0.530000 0.950000 0.750000 1.640000 49.390000 -0.044816
Car 0.000000 1.000000 1.830000 383.461230 182.418529 467.203937 238.837632 1.500000 1.460000 3.700000 -4.960000 1.810000 21.690000 1.605189
Car 0.980000 0.000000 2.480000 -1408.441282 214.236182 41.738735 785.913143 1.540000 1.540000 3.720000 -5.010000 1.880000 4.090000 1.593845
Car 0.000000 1.000000 2.060000 -38.601908 191.598920 305.291852 365.085611 1.570000 1.600000 4.240000 -5.040000 1.860000 9.120000 1.555139
Car 0.000000 1.000000 1.930000 243.201018 182.196516 400.192532 279.150790 1.650000 1.610000 3.730000 -5.120000 1.860000 14.520000 1.590996
