Car 0.000000 0.000000 1.870000 148.413667 197.797431 421.959950 370.981010 1.460000 1.620000 4.040000 -3.060000 1.830000 8.720000 1.532508
Car 0.440000 1.000000 2.160000 -203.154292 205.659358 221.327572 402.578468 1.460000 1.580000 3.720000 -5.510000 1.900000 7.850000 1.547993
Cyclist 0.340000 1.000000 2.570000 935.058331 193.425760 1221.375992 418.511771 1.550000 0.570000 1.730000 3.890000 1.710000 5.360000 3.197797
Cyclist 0.910000 0.000000 2.850000 1073.918919 197.231722 1534.143189 567.206013 1.550000 0.690000 1.630000 3.920000 1.700000 3.810000 3.649627
Car 0.000000 2.000000 1.680000 465.818672 189.288619 533.957581 247.274922 1.570000 1.600000 3.990000 -2.880000 2.130000 22.680000 1.553692
Car 0.000000 1.000000 1.650000 521.581642 189.489887 561.346138 225.204694 1.520000 1.540000 3.680000 -2.710000 2.350000 34.260000 1.571063
Van 0.000000 1.000000 1.620000 540.663228 174.776238 573.932577 212.440623 2.470000 1.980000 5.810000 -3.120000 2.610000 50.530000 1.558333
Car 0.000000 1.000000 -0.140000 646.107044 185.270692 759.073611 229.404867 1.620000 1.650000 4.140000 3.990000 2.110000 27.780000 0.002653
Car 0.000000 2.000000 -0.110000 639.609857 186.238911 738.715967 220.912558 1.550000 1.660000 4.470000 4.140000 2.190000 33.770000 0.011985
Car 0.000000 1.000000 -0.000000 623.387516 182.551926 696.663290 213.161683 1.690000 1.760000 4.120000 3.380000 2.260000 41.540000 0.081188
Van 0.000000 1.000000 1.620000 564.732210 180.332940 588.033646 203.941265 2.130000 1.910000 6.400000 -2.710000 2.890000 70.340000 1.581492
Van 0.000000 1.000000 1.750000 376.136573 173.749406 504.364812 279.066818 1.950000 1.750000 4.630000 -3.010000 1.970000 15.720000 1.560814
DontCare -1.000000 -1.000000 -10.000000 616.300000 176.650000 630.180000 204.110000 -1.000000 -1.000000 -1.000000 -1000.000000 -1000.000000 -1000.000000 -9.214602
