Car 0.000000 0.000000 2.330000 48.839339 184.919368 322.867385 312.008301 1.580000 1.510000 3.680000 -5.880000 1.800000 11.320000 1.850926
Car 0.000000 2.000000 1.930000 254.103737 186.204611 329.858803 229.714243 1.510000 1.460000 3.630000 -11.760000 2.060000 28.010000 1.532499
Car 0.000000 0.000000 1.660000 499.482478 169.909251 531.474185 197.849082 1.780000 1.720000 4.000000 -5.740000 1.590000 47.990000 1.540957
Van 0.000000 1.000000 1.810000 436.069331 160.384286 476.484670 194.546092 2.870000 1.950000 6.580000 -13.020000 1.820000 63.940000 1.609118
Car 0.000000 0.000000 1.800000 409.132452 178.543709 459.089643 208.708261 1.470000 1.690000 3.740000 -8.640000 1.780000 37.740000 1.574944
Car 0.000000 1.000000 1.880000 329.414408 182.687794 388.558737 215.755087 1.480000 1.540000 4.070000 -11.790000 1.990000 35.550000 1.559769
Cyclist 0.000000 0.000000 1.880000 369.481790 173.549391 396.323879 215.000660 1.820000 0.590000 1.890000 -9.770000 1.850000 32.660000 1.589330
Car 0.000000 2.000000 0.190000 924.744352 155.340263 1165.929903 239.380048 1.620000 1.640000 4.330000 9.980000 1.280000 15.980000 0.748262
Car 0.000000 2.000000 0.120000 293.505160 177.880401 352.788591 195.878175 1.430000 1.550000 4.370000 -23.030000 1.850000 59.340000 -0.250208
DontCare -1.000000 -1.000000 -10.000000 542.550000 166.950000 553.840000 191.180000 -1.000000 -1.000000 -1.000000 -1000.000000 -1000.000000 -1000.000000 -9.214602
