Car 0.000000 0.000000 -1.530000 552.267706 180.307034 610.213919 226.105911 1.360000 1.690000 3.380000 -0.390000 1.620000 23.690000 -1.546461
Car 0.000000 0.000000 -2.000000 40.257728 181.090148 311.507780 332.598561 1.490000 1.660000 3.550000 -5.010000 1.610000 9.000000 -2.507947
Car 0.000000 1.000000 -2.620000 370.772313 174.830006 492.872720 225.484056 1.660000 1.630000 3.830000 -5.690000 1.730000 25.090000 -2.843011
Misc 0.000000 3.000000 -3.000000 323.302780 187.444519 397.566279 246.658945 1.260000 0.640000 1.470000 -5.030000 1.590000 16.000000 -3.304592
Car 0.000000 0.000000 -1.840000 711.589434 186.487088 869.003964 289.681993 1.400000 1.660000 4.080000 3.350000 1.670000 12.370000 -1.575527
Van 0.000000 3.000000 -1.700000 639.718666 156.330466 697.733203 213.650799 2.420000 2.030000 5.490000 3.090000 1.720000 33.240000 -1.607306
Car 0.890000 3.000000 2.310000 -403.783760 185.570856 27.867130 322.151687 1.320000 1.620000 3.540000 -9.060000 1.510000 9.110000 1.527354
Car 0.000000 2.000000 -1.560000 578.692560 177.278534 617.531226 213.164733 1.520000 1.670000 3.610000 0.000000 1.730000 32.820000 -1.560000
DontCare -1.000000 -1.000000 -10.000000 0.000000 173.420000 77.270000 295.330000 -1.000000 -1.000000 -1.000000 -1000.000000 -1000.000000 -1000.000000 -9.214602
DontCare -1.000000 -1.000000 -10.000000 515.380000 168.890000 564.840000 206.060000 -1.000000 -1.000000 -1.000000 -1000.000000 -1000.000000 -1000.000000 -9.214602
