Van 0.000000 0.000000 -1.580000 500.575530 168.530296 533.868699 204.924337 2.000000 1.820000 4.430000 -4.890000 1.760000 41.960000 -1.696016
Cyclist 0.000000 0.000000 -1.660000 511.787699 170.689306 561.258496 270.850589 1.740000 0.820000 1.790000 -0.920000 1.700000 13.480000 -1.728144
Car 0.320000 0.000000 -2.060000 708.133747 183.067521 1145.226813 464.864513 1.460000 1.580000 3.930000 2.500000 1.570000 5.910000 -1.659815
Car 0.340000 0.000000 2.100000 -180.324543 196.757477 220.010675 378.852904 1.500000 1.680000 4.030000 -5.950000 1.850000 8.560000 1.492575
Van 0.000000 2.000000 1.890000 138.550626 179.241580 322.779411 291.801744 1.770000 1.710000 4.310000 -6.510000 1.910000 13.840000 1.450331
Car 0.000000 1.000000 -1.810000 618.472355 173.461807 755.141957 278.702714 1.600000 1.700000 3.560000 1.690000 1.610000 12.850000 -1.679233
Car 0.000000 2.000000 -1.770000 582.596152 176.899689 678.762033 246.745186 1.520000 1.730000 3.890000 0.880000 1.630000 17.990000 -1.721123
Car 0.000000 2.000000 1.760000 268.255646 189.881937 366.442922 255.548355 1.440000 1.600000 3.790000 -7.030000 1.930000 18.860000 1.403206
Pedestrian 0.000000 2.000000 1.110000 815.839939 157.309368 880.253746 255.478033 1.690000 0.800000 0.880000 4.720000 1.420000 12.900000 1.460761
Car 0.000000 2.000000 1.740000 323.545293 186.822319 391.578941 234.609865 1.420000 1.510000 3.710000 -8.000000 1.930000 24.520000 1.424625
Car 0.000000 2.000000 -1.720000 566.923841 182.420495 627.663728 230.266323 1.370000 1.510000 3.490000 0.010000 1.700000 23.230000 -1.719570
DontCare -1.000000 -1.000000 -10.000000 471.400000 172.120000 491.750000 202.170000 -1.000000 -1.000000 -1.000000 -1000.000000 -1000.000000 -1000.000000 -9.214602
DontCare -1.000000 -1.000000 -10.000000 364.660000 159.180000 469.750000 200.870000 -1.000000 -1.000000 -1.000000 -1000.000000 -1000.000000 -1000.000000 -9.214602
