Car 0.000000 0.000000 -1.530000 552.750427 181.625585 612.078796 228.771512 1.360000 1.690000 3.380000 -0.330000 1.660000 23.160000 -1.544248
Car 0.250000 3.000000 -2.230000 -147.704804 176.806078 245.890186 351.930170 1.660000 1.630000 3.830000 -5.860000 1.710000 8.230000 -2.848754
Car 0.000000 2.000000 -2.240000 301.870512 182.703211 444.088376 243.305061 1.450000 1.610000 3.960000 -6.010000 1.740000 19.630000 -2.537102
Car 0.000000 2.000000 -2.250000 356.498321 185.660306 473.158774 234.842301 1.360000 1.570000 3.730000 -5.670000 1.790000 22.610000 -2.495707
Car 0.000000 0.000000 -1.480000 498.448911 184.220424 553.424460 220.075499 1.250000 1.740000 3.660000 -2.720000 1.720000 28.150000 -1.576326
Van 0.000000 3.000000 -1.770000 656.595600 132.599019 791.093258 261.184562 2.420000 2.030000 5.490000 2.810000 1.660000 16.350000 -1.599797
Car 0.000000 0.000000 -1.650000 619.357002 179.494061 643.995576 199.520749 1.380000 1.550000 3.600000 2.060000 1.880000 52.760000 -1.610975
Car 0.000000 2.000000 1.990000 168.527190 185.987738 291.306242 244.128964 1.350000 1.590000 3.410000 -9.520000 1.730000 19.270000 1.531138
Van 0.000000 3.000000 1.940000 247.040912 160.637505 363.772359 230.426105 2.100000 1.960000 4.630000 -9.470000 1.730000 24.030000 1.564598
Car 0.000000 2.000000 -1.580000 574.036045 176.234524 612.867493 211.982210 1.520000 1.670000 3.610000 -0.250000 1.680000 32.840000 -1.587613
Car 0.000000 2.000000 2.050000 131.219608 182.332082 222.188835 222.855651 1.320000 1.430000 3.250000 -14.980000 1.680000 25.930000 1.526132
Cyclist 0.000000 3.000000 2.150000 84.559025 183.193755 130.360171 225.252974 1.480000 0.600000 1.590000 -18.000000 1.870000 26.580000 1.554740
