Car 1.000000 0.000000 -2.600000 1017.680000 204.650000 1241.000000 374.000000 1.430000 1.680000 4.390000 2.790000 1.570000 1.340000 -1.476957
Car 0.450000 1.000000 -0.680000 970.863126 173.009847 1384.006857 287.406246 1.480000 1.750000 4.470000 8.260000 1.480000 10.210000 0.000211
Car 0.000000 0.000000 1.850000 321.044352 182.271723 460.649203 270.539680 1.460000 1.500000 3.880000 -3.680000 1.670000 14.310000 1.598291
Car 0.000000 0.000000 -1.790000 691.444233 179.928830 804.161100 267.108498 1.460000 1.550000 3.190000 3.020000 1.610000 13.940000 -1.576654
Van 0.000000 1.000000 1.750000 394.488846 160.488330 495.698025 245.667076 2.050000 1.790000 4.470000 -3.840000 1.750000 19.610000 1.556628
Car 0.000000 2.000000 -1.730000 663.041936 177.741128 752.217746 241.791533 1.440000 1.690000 4.450000 2.890000 1.580000 18.790000 -1.577391
Van 0.000000 2.000000 -2.720000 197.236876 148.889601 395.705204 219.356847 2.610000 2.210000 6.750000 -11.510000 1.720000 27.930000 -3.110895
Van 0.000000 0.000000 -1.580000 601.108630 166.696870 628.295670 196.606015 1.980000 1.800000 4.540000 0.830000 1.570000 50.040000 -1.563415
Van 0.000000 2.000000 -0.280000 748.054652 150.096476 865.329492 194.359997 2.660000 2.130000 6.640000 12.530000 1.290000 44.440000 -0.005181
DontCare -1.000000 -1.000000 -10.000000 561.310000 168.240000 590.070000 191.170000 -1.000000 -1.000000 -1.000000 -1000.000000 -1000.000000 -1000.000000 -9.214602
DontCare -1.000000 -1.000000 -10.000000 656.400000 155.950000 683.220000 184.710000 -1.000000 -1.000000 -1.000000 -1000.000000 -1000.000000 -1000.000000 -9.214602
