Car 0.000000 0.000000 -1.890000 759.171969 183.925205 977.931835 325.565128 1.430000 1.590000 4.210000 3.650000 1.610000 9.750000 -1.531791
Car 0.000000 0.000000 2.440000 514.033263 175.160842 595.875535 205.030896 1.410000 1.590000 4.010000 -2.230000 1.530000 36.320000 2.378678
Pedestrian 0.000000 0.000000 0.200000 446.246550 170.588841 467.026698 220.792709 1.720000 0.740000 0.560000 -4.840000 1.640000 25.090000 0.009435
Cyclist 0.000000 1.000000 3.070000 856.167486 170.594688 936.283160 233.347863 1.600000 0.880000 1.930000 8.030000 1.540000 19.120000 3.467610
Car 0.000000 1.000000 2.870000 734.094239 167.332163 810.241491 194.975682 1.590000 1.640000 4.080000 9.990000 1.270000 42.400000 3.101393
Car 0.000000 1.000000 2.920000 914.989643 164.770711 1009.744918 191.136817 1.460000 1.640000 4.630000 20.580000 1.010000 41.300000 3.382291
Van 0.230000 1.000000 2.710000 1150.863253 155.466735 1254.381706 190.915172 1.830000 1.710000 3.920000 32.090000 0.930000 38.580000 3.403820
Car 0.000000 1.000000 -0.030000 410.385646 177.955576 475.419795 205.854749 1.490000 1.590000 3.460000 -8.800000 1.780000 40.160000 -0.245714
Car 0.000000 1.000000 0.980000 222.004612 182.303775 287.595451 210.352836 1.500000 1.620000 3.670000 -19.850000 2.060000 41.310000 0.532063
Car 0.000000 2.000000 1.800000 576.490370 173.992476 599.572496 189.676675 1.450000 1.300000 4.040000 -1.560000 1.560000 69.120000 1.777434
Car 0.000000 2.000000 1.910000 537.921170 175.712881 565.154567 191.953984 1.500000 1.440000 3.690000 -5.070000 1.780000 69.300000 1.836970
DontCare -1.000000 -1.000000 -10.000000 624.700000 170.180000 731.730000 186.650000 -1.000000 -1.000000 -1.000000 -1000.000000 -1000.000000 -1000.000000 -9.214602
DontCare -1.000000 -1.000000 -10.000000 51.570000 178.590000 127.550000 211.230000 -1.000000 -1.000000 -1.000000 -1000.000000 -1000.000000 -1000.000000 -9.214602
