Pedestrian 0.000000 0.000000 -1.630000 378.282170 178.168030 428.894234 301.954997 1.530000 0.610000 0.730000 -2.210000 1.600000 9.390000 -1.861150
Pedestrian 0.000000 0.000000 -1.480000 331.564628 171.394526 386.090417 304.865068 1.610000 0.540000 0.870000 -2.700000 1.590000 9.180000 -1.766051
Pedestrian 0.000000 0.000000 1.140000 692.431659 160.340154 734.547350 248.721039 1.890000 0.610000 0.920000 2.760000 1.620000 15.950000 1.311344
Pedestrian 0.000000 0.000000 1.040000 728.111546 157.798292 773.818329 248.339688 1.910000 0.690000 0.770000 3.540000 1.590000 15.690000 1.261906
Cyclist 0.000000 0.000000 1.790000 845.154377 178.509696 877.829144 235.263651 1.410000 0.500000 1.320000 7.030000 1.560000 18.750000 2.148712
Pedestrian 0.000000 0.000000 0.300000 321.694657 169.871104 364.180251 252.722089 1.600000 0.300000 0.720000 -4.730000 1.540000 14.090000 -0.023878
DontCare -1.000000 -1.000000 -10.000000 800.650000 175.360000 819.060000 204.120000 -1.000000 -1.000000 -1.000000 -1000.000000 -1000.000000 -1000.000000 -9.214602
DontCare -1.000000 -1.000000 -10.000000 906.100000 165.010000 932.920000 231.280000 -1.000000 -1.000000 -1.000000 -1000.000000 -1000.000000 -1000.000000 -9.214602
DontCare -1.000000 -1.000000 -10.000000 593.010000 174.060000 617.880000 196.990000 -1.000000 -1.000000 -1.000000 -1000.000000 -1000.000000 -1000.000000 -9.214602
DontCare -1.000000 -1.000000 -10.000000 637.640000 170.180000 669.630000 189.880000 -1.000000 -1.000000 -1.000000 -1000.000000 -1000.000000 -1000.000000 -9.214602
