Car 0.870000 0.000000 2.230000 -702.672965 197.771624 201.354066 618.389566 1.510000 1.610000 3.570000 -3.900000 1.730000 4.620000 1.528909
Car 0.000000 1.000000 1.990000 129.964280 186.232391 403.585335 333.190773 1.500000 1.600000 4.170000 -3.830000 1.720000 9.870000 1.619842
Car 0.190000 0.000000 1.810000 1082.762380 145.674598 1246.028904 247.239866 1.710000 1.620000 3.560000 11.190000 1.250000 13.870000 2.488860
Car 0.000000 0.000000 1.950000 936.124372 161.993648 1082.841420 241.508752 1.520000 1.580000 3.280000 9.060000 1.310000 15.420000 2.481214
Car 0.000000 1.000000 2.070000 871.927779 163.762119 993.323904 231.643015 1.550000 1.470000 2.970000 8.530000 1.340000 17.940000 2.513835
Car 0.000000 2.000000 2.190000 841.122086 165.239734 959.682775 222.088608 1.550000 1.430000 3.490000 9.040000 1.340000 21.190000 2.593239
Car 0.000000 2.000000 2.270000 811.306712 165.205431 924.878768 217.353659 1.620000 1.530000 3.650000 9.080000 1.380000 23.970000 2.632104
Car 0.000000 2.000000 2.300000 786.487020 170.926223 898.898742 213.414001 1.490000 1.650000 4.120000 9.230000 1.420000 27.030000 2.629058
Car 0.000000 0.000000 -1.710000 671.697599 174.913804 766.885603 254.808585 1.580000 1.680000 3.930000 2.830000 1.630000 16.360000 -1.538712
Car 0.000000 2.000000 -1.670000 661.445948 181.543502 725.009739 231.223184 1.360000 1.650000 3.800000 2.980000 1.650000 22.350000 -1.537448
Car 0.000000 0.000000 1.820000 420.486397 177.013226 510.801466 238.304527 1.580000 1.540000 3.980000 -3.580000 1.710000 20.920000 1.650514
Van 0.000000 2.000000 1.750000 465.633108 165.849058 537.419116 224.222338 1.980000 1.790000 4.390000 -3.420000 1.740000 26.710000 1.622651
Car 0.000000 2.000000 2.960000 722.107110 166.256757 803.427550 201.776615 1.710000 1.670000 3.700000 7.990000 1.390000 35.640000 3.180540
Truck 0.000000 3.000000 -1.490000 603.207078 142.246257 660.811598 200.876514 3.520000 2.890000 10.810000 2.200000 1.680000 48.860000 -1.445004
DontCare -1.000000 -1.000000 -10.000000 551.610000 173.420000 573.250000 210.590000 -1.000000 -1.000000 -1.000000 -1000.000000 -1000.000000 -1000.000000 -9.214602
