Car 0.570000 3.000000 2.040000 -215.046957 191.731369 109.628829 338.544345 1.510000 1.590000 3.660000 -7.930000 1.690000 9.530000 1.345985
Cyclist 0.800000 3.000000 -0.800000 1119.552760 116.701972 1351.571717 320.194693 1.810000 0.650000 1.630000 6.360000 1.240000 6.640000 -0.036137
Cyclist 0.000000 3.000000 -1.590000 470.841660 162.149862 486.804540 203.409886 1.860000 0.710000 1.760000 -5.340000 1.030000 32.800000 -1.751389
Pedestrian 0.000000 0.000000 -1.970000 695.056083 150.713237 752.915429 267.838115 1.720000 0.570000 0.990000 2.310000 1.280000 10.920000 -1.761535
Pedestrian 0.000000 0.000000 -2.060000 642.013895 140.205297 709.008546 270.536784 1.900000 0.610000 1.110000 1.560000 1.310000 10.930000 -1.918231
Pedestrian 0.000000 1.000000 1.110000 708.290958 147.264863 770.869136 250.296125 1.790000 0.790000 0.960000 2.920000 1.210000 12.840000 1.333611
Cyclist 0.000000 3.000000 1.700000 296.110799 160.513424 336.936235 236.937388 1.940000 0.760000 1.700000 -7.170000 1.430000 18.860000 1.336705
Pedestrian 0.000000 2.000000 1.220000 1121.749766 135.406968 1145.501299 181.505698 1.960000 0.690000 0.500000 23.240000 0.040000 30.400000 1.872700
Pedestrian 0.000000 1.000000 -2.270000 1142.100588 139.530390 1171.339839 179.852760 1.650000 0.580000 0.800000 23.410000 -0.030000 29.350000 -1.596715
Pedestrian 0.000000 1.000000 3.120000 1113.559930 139.982967 1141.886053 184.967910 1.840000 0.710000 0.940000 22.300000 0.180000 29.480000 3.767613
Cyclist 0.690000 3.000000 -0.110000 1190.007690 135.958353 1251.344381 185.142222 1.830000 0.690000 1.710000 24.060000 0.170000 27.080000 0.616413
DontCare -1.000000 -1.000000 -10.000000 369.570000 169.840000 427.220000 198.160000 -1.000000 -1.000000 -1.000000 -1000.000000 -1000.000000 -1000.000000 -9.214602
DontCare -1.000000 -1.000000 -10.000000 445.430000 167.290000 475.670000 183.500000 -1.000000 -1.000000 -1.000000 -1000.000000 -1000.000000 -1000.000000 -9.214602
DontCare -1.000000 -1.000000 -10.000000 648.790000 156.450000 672.650000 188.600000 -1.000000 -1.000000 -1.000000 -1000.000000 -1000.000000 -1000.000000 -9.214602
