Car 0.000000 0.000000 1.730000 460.551635 181.227591 511.817276 222.422532 1.470000 1.430000 3.110000 -4.250000 1.810000 27.940000 1.579045
Car 0.000000 1.000000 2.170000 94.599412 176.600552 185.977447 216.873949 1.710000 1.440000 4.060000 -20.910000 1.890000 33.070000 1.606172
Car 0.000000 1.000000 2.060000 182.006804 180.320770 250.608420 210.212211 1.530000 1.670000 3.880000 -21.150000 1.960000 39.840000 1.571960
Car 0.350000 0.000000 2.380000 1137.969481 197.631971 1274.788708 244.113696 1.680000 1.390000 4.260000 23.400000 2.660000 27.780000 3.080026
Car 0.000000 0.000000 2.020000 245.584628 180.697855 300.545148 207.084315 1.530000 1.470000 4.050000 -20.480000 2.040000 45.090000 1.593657
Car 0.000000 0.000000 1.660000 527.538993 178.611859 555.718343 200.402273 1.410000 1.480000 4.930000 -4.230000 1.830000 50.460000 1.576367
Car 0.000000 0.000000 -1.550000 558.887404 176.227394 609.227118 225.964336 1.620000 1.630000 4.500000 -0.370000 1.750000 26.060000 -1.564197
Car 0.170000 3.000000 2.280000 -36.819006 179.156475 92.245448 222.896694 1.460000 1.310000 4.150000 -20.950000 1.710000 26.790000 1.616326
Cyclist 0.000000 0.000000 -2.060000 918.536544 188.145105 952.493618 240.528125 1.640000 0.340000 1.580000 11.230000 2.160000 23.850000 -1.619935
DontCare -1.000000 -1.000000 -10.000000 450.050000 172.770000 467.160000 191.180000 -1.000000 -1.000000 -1.000000 -1000.000000 -1000.000000 -1000.000000 -9.214602
DontCare -1.000000 -1.000000 -10.000000 632.470000 174.710000 705.860000 182.770000 -1.000000 -1.000000 -1.000000 -1000.000000 -1000.000000 -1000.000000 -9.214602
