Car 0.000000 0.000000 -1.580000 592.896866 175.036507 618.077374 199.000303 1.540000 1.630000 3.670000 0.200000 1.690000 48.540000 -1.575880
Car 0.000000 0.000000 -1.830000 686.770275 177.608793 835.135785 285.669136 1.500000 1.590000 3.790000 2.820000 1.590000 12.100000 -1.601029
Car 0.000000 1.000000 -1.660000 648.982329 175.115529 698.338169 217.828166 1.490000 1.570000 4.070000 2.840000 1.580000 27.430000 -1.556831
Car 0.000000 2.000000 -1.720000 671.716907 174.835307 759.034377 249.341839 1.570000 1.590000 3.750000 2.880000 1.620000 17.190000 -1.554002
Car 0.000000 1.000000 0.310000 281.157613 186.432900 382.284040 222.094158 1.520000 1.510000 3.940000 -11.880000 2.140000 32.230000 -0.043149
Car 0.000000 1.000000 0.510000 148.602540 188.824744 262.656564 225.860670 1.580000 1.560000 4.240000 -17.540000 2.310000 32.280000 0.012261
Car 0.000000 0.000000 0.690000 19.111360 193.426403 119.586880 230.122816 1.540000 1.820000 3.190000 -23.730000 2.490000 32.400000 0.057854
Car 0.000000 1.000000 -1.660000 637.486328 178.769320 666.760558 203.791530 1.490000 1.550000 3.930000 3.140000 1.880000 45.880000 -1.591667
Pedestrian 0.160000 1.000000 -2.200000 1021.831992 121.718971 1179.480070 389.453165 1.820000 0.690000 0.680000 4.010000 1.470000 5.250000 -1.547719
DontCare -1.000000 -1.000000 -10.000000 479.160000 174.060000 554.490000 206.700000 -1.000000 -1.000000 -1.000000 -1000.000000 -1000.000000 -1000.000000 -9.214602
