Car 0.000000 0.000000 2.740000 725.734195 157.544148 963.917019 240.937170 1.730000 1.740000 4.710000 5.570000 1.410000 15.990000 3.075198
Car 0.000000 0.000000 -0.680000 1064.283162 147.915651 1190.863704 185.288338 1.510000 1.640000 4.170000 22.000000 0.500000 30.070000 -0.048362
Car 0.000000 2.000000 -0.640000 1032.406264 151.170721 1153.272935 185.951651 1.520000 1.600000 4.420000 22.130000 0.570000 32.420000 -0.041045
Car 0.000000 2.000000 -0.560000 1001.065087 151.067016 1119.907693 185.413786 1.620000 1.770000 4.640000 22.230000 0.590000 34.930000 0.006766
Car 0.000000 0.000000 1.680000 411.240058 181.265107 477.714768 231.692373 1.580000 1.760000 4.180000 -5.260000 1.900000 25.490000 1.476501
Car 0.000000 0.000000 1.660000 506.637255 177.576239 557.626917 216.587784 1.650000 1.880000 4.450000 -3.020000 1.880000 33.280000 1.569503
Car 0.000000 1.000000 -0.270000 755.866407 156.542961 865.029479 197.449466 1.900000 1.780000 4.720000 9.990000 1.140000 34.430000 0.012399
Car 0.000000 1.000000 -2.020000 891.191229 153.013351 944.962657 183.864261 1.800000 1.650000 3.550000 19.180000 0.640000 43.900000 -1.608092
Van 0.000000 2.000000 -1.980000 992.069291 145.051524 1053.749502 181.094190 2.110000 1.750000 4.310000 25.860000 0.480000 44.480000 -1.453381
Car 0.000000 1.000000 -2.050000 925.693454 155.195429 985.052235 183.105911 1.640000 1.700000 3.910000 21.660000 0.600000 44.370000 -1.595863
Car 0.000000 1.000000 1.730000 444.383242 182.400663 501.243947 221.544184 1.550000 1.710000 4.500000 -5.490000 2.000000 31.930000 1.559726
Car 0.000000 1.000000 1.430000 634.709471 173.990364 672.374305 200.246442 1.500000 1.710000 4.440000 3.080000 1.570000 43.690000 1.500380
Car 0.000000 0.000000 -1.480000 590.899891 178.071669 618.091874 199.908651 1.580000 1.710000 3.750000 0.120000 1.990000 55.080000 -1.477821
