Pedestrian 0.000000 0.000000 -1.310000 324.681031 159.004675 347.272535 197.846056 1.820000 0.780000 0.940000 -12.270000 0.810000 33.630000 -1.659845
Pedestrian 0.000000 2.000000 -1.350000 427.986061 164.867387 443.862387 193.916893 1.760000 0.690000 1.210000 -9.850000 0.810000 43.440000 -1.572979
Pedestrian 0.000000 1.000000 -1.430000 321.764827 155.601990 333.699216 187.068595 1.930000 0.590000 0.700000 -16.630000 0.400000 43.770000 -1.793095
Car 0.000000 1.000000 -2.160000 946.762630 181.400943 1052.440939 228.571311 1.480000 1.560000 3.330000 13.760000 1.510000 23.960000 -1.638699
Car 0.000000 1.000000 -2.240000 1019.977925 183.614597 1138.087604 228.812258 1.400000 1.590000 3.350000 16.370000 1.510000 23.860000 -1.638674
Car 0.050000 2.000000 0.890000 1084.103112 184.055287 1213.201617 229.765531 1.440000 1.500000 3.800000 19.160000 1.570000 24.480000 1.554090
Pedestrian 0.000000 1.000000 -1.340000 345.431902 154.402490 361.833986 187.875256 2.010000 0.760000 0.840000 -14.720000 0.440000 42.910000 -1.670464
Pedestrian 0.000000 0.000000 -1.680000 288.742086 164.290850 319.702427 238.221272 1.630000 0.550000 1.280000 -6.440000 1.270000 16.280000 -2.056688
Pedestrian 0.000000 0.000000 -2.220000 359.262421 159.756573 414.751141 243.659948 1.850000 0.750000 1.040000 -4.500000 1.390000 16.200000 -2.490947
Cyclist 0.000000 0.000000 -1.620000 537.905297 161.129032 561.508586 220.496487 1.800000 0.690000 2.030000 -1.270000 1.210000 22.480000 -1.676435
Car 0.000000 0.000000 -1.630000 592.300848 171.769693 627.092508 199.526766 1.390000 1.640000 4.510000 0.720000 0.950000 37.690000 -1.610899
Pedestrian 0.000000 0.000000 1.890000 276.888218 155.786164 299.775297 199.146458 1.890000 0.800000 0.500000 -13.410000 0.810000 31.100000 1.482898
Pedestrian 0.000000 0.000000 -2.680000 210.047352 153.346121 224.464876 197.171169 1.900000 0.530000 0.350000 -16.440000 0.720000 30.920000 -3.168681
Pedestrian 0.000000 0.000000 2.690000 918.948323 171.424540 941.675190 207.954024 1.800000 0.800000 0.760000 16.730000 1.350000 35.240000 3.133240
DontCare -1.000000 -1.000000 -10.000000 177.040000 159.640000 214.290000 196.250000 -1.000000 -1.000000 -1.000000 -1000.000000 -1000.000000 -1000.000000 -9.214602
