Car 0.790000 0.000000 -1.880000 935.442126 115.370445 1538.925054 557.347590 1.750000 1.840000 4.430000 4.040000 1.520000 5.250000 -1.224120
Van 0.000000 0.000000 -1.600000 487.224431 163.939798 547.326293 229.895658 1.980000 1.800000 4.540000 -2.620000 1.710000 24.030000 -1.708601
Van 0.000000 1.000000 -0.580000 817.878350 121.877416 1090.015505 226.375865 2.660000 2.130000 6.640000 9.810000 1.360000 19.820000 -0.120397
Car 0.000000 0.000000 -1.300000 249.797997 184.667708 349.971652 238.258347 1.480000 1.710000 4.650000 -9.400000 1.900000 23.390000 -1.682127
Car 0.000000 0.000000 -1.170000 136.544089 168.441005 258.441072 238.990805 2.040000 1.660000 4.620000 -12.600000 1.910000 23.240000 -1.666811
Car 0.000000 0.000000 -1.490000 412.179717 172.403617 461.635346 208.730920 1.420000 1.640000 3.950000 -6.700000 1.400000 30.270000 -1.707829
Car 0.000000 0.000000 -1.860000 666.746748 172.003682 748.117766 218.516240 1.510000 1.720000 4.500000 3.850000 1.480000 25.770000 -1.711698
Car 0.000000 1.000000 -1.620000 546.591780 165.476013 580.436530 196.247413 1.700000 1.800000 4.500000 -2.270000 1.290000 42.190000 -1.673752
Van 0.000000 0.000000 1.470000 586.596782 149.925585 621.868478 189.641471 2.750000 2.040000 6.050000 0.010000 1.160000 53.070000 1.470188
Car 0.000000 1.000000 -1.910000 723.284329 166.647269 808.752423 215.678057 1.640000 1.730000 4.430000 6.080000 1.430000 26.430000 -1.683892
Van 0.410000 3.000000 0.780000 1114.125863 127.380083 1301.419040 202.203596 2.530000 2.260000 5.420000 22.690000 0.990000 27.200000 1.475244
Truck 0.000000 1.000000 1.530000 539.441801 136.729606 575.837339 192.859395 3.570000 2.250000 7.970000 -3.220000 1.270000 49.970000 1.465650
Misc 0.000000 1.000000 2.070000 -3.945437 202.477469 191.555534 245.786372 0.930000 2.390000 5.820000 -15.290000 1.980000 22.620000 1.475598
Car 0.330000 1.000000 -1.030000 -67.407528 188.878653 91.414135 246.778859 1.530000 1.610000 4.730000 -18.200000 2.090000 22.870000 -1.702176
