Car 0.000000 0.000000 -1.570000 569.128885 183.351528 624.020676 229.136345 1.360000 1.690000 3.380000 0.080000 1.730000 23.900000 -1.566653
Car 0.000000 0.000000 -1.850000 -16.973914 183.894472 244.001903 367.518304 1.460000 1.490000 3.400000 -4.870000 1.600000 7.620000 -2.418680
Car 0.000000 2.000000 -2.000000 161.531826 180.561998 374.768042 299.918213 1.430000 1.620000 3.470000 -4.640000 1.560000 10.630000 -2.411571
Car 0.000000 1.000000 -2.190000 333.080704 180.803070 476.832787 242.663675 1.370000 1.550000 3.960000 -4.790000 1.590000 18.320000 -2.445738
Car 0.000000 2.000000 -2.140000 380.643901 178.547006 492.939074 232.982807 1.440000 1.590000 3.570000 -4.680000 1.620000 21.290000 -2.356380
Car 0.000000 2.000000 -2.200000 427.927398 179.931743 516.576223 218.284342 1.400000 1.570000 3.830000 -5.080000 1.700000 28.930000 -2.373824
Van 0.000000 3.000000 -2.260000 446.713722 157.603127 547.767974 212.175916 2.210000 1.820000 4.690000 -4.490000 1.590000 31.470000 -2.401719
Car 0.620000 3.000000 -2.150000 854.471433 162.380600 1413.221222 475.100663 1.720000 1.790000 3.940000 4.030000 1.660000 5.950000 -1.554664
Pedestrian 0.000000 0.000000 -1.760000 708.676976 179.465625 742.963975 241.570987 1.610000 0.740000 1.080000 3.580000 1.790000 19.360000 -1.577148
Car 0.000000 2.000000 -0.630000 867.693863 176.701876 1061.430985 250.150456 1.700000 1.770000 4.060000 9.260000 1.800000 18.010000 -0.155090
Car 0.000000 2.000000 -1.550000 581.200048 179.220661 616.213550 211.071471 1.520000 1.670000 3.610000 -0.040000 1.860000 36.980000 -1.551082
Car 0.200000 3.000000 2.160000 -85.398714 183.298350 169.165780 290.167463 1.400000 1.440000 3.450000 -8.300000 1.590000 11.540000 1.536479
Van 0.430000 3.000000 -0.720000 1041.939937 146.371698 1351.377016 253.998051 2.510000 2.460000 5.850000 14.990000 1.890000 18.140000 -0.029397
Car 0.000000 2.000000 2.030000 177.951605 173.148083 278.133102 216.751102 1.580000 1.730000 4.220000 -14.340000 1.590000 28.290000 1.560853
Truck 0.000000 3.000000 1.820000 387.115368 159.045077 444.103317 199.885078 2.980000 2.460000 7.500000 -14.540000 1.970000 56.400000 1.567692
DontCare -1.000000 -1.000000 -10.000000 853.050000 171.480000 886.330000 193.120000 -1.000000 -1.000000 -1.000000 -1000.000000 -1000.000000 -1000.000000 -9.214602
