Car 0.590000 1.000000 2.290000 -160.751388 217.237886 82.337933 318.884850 1.510000 1.460000 3.630000 -11.940000 2.490000 14.140000 1.588758
Car 0.000000 0.000000 1.680000 456.493104 187.597191 499.230235 225.298438 1.780000 1.720000 4.000000 -6.350000 2.590000 37.710000 1.513175
Van 0.000000 1.000000 1.890000 391.461110 179.994186 444.888223 220.618256 2.870000 1.950000 6.580000 -14.130000 3.450000 55.500000 1.640702
Car 0.000000 0.000000 1.830000 264.542530 204.109461 359.652031 263.438591 1.470000 1.690000 3.740000 -8.420000 2.500000 21.880000 1.462642
Car 0.000000 1.000000 1.980000 178.163761 209.778592 281.764576 264.587192 1.480000 1.540000 4.070000 -12.190000 2.830000 24.350000 1.515860
Cyclist 0.000000 0.000000 2.110000 4.129615 201.463050 112.170608 317.972979 1.820000 0.590000 1.890000 -9.170000 2.360000 12.710000 1.485003
Pedestrian 0.000000 0.000000 -0.690000 438.802066 195.135521 451.194968 219.949299 1.750000 0.670000 0.580000 -11.410000 3.370000 52.100000 -0.905598
Car 0.940000 3.000000 -0.070000 1148.867974 132.657402 1750.890352 314.753523 1.620000 1.640000 4.330000 9.660000 1.260000 8.520000 0.778022
Car 0.000000 1.000000 0.160000 226.826533 204.347234 298.298419 226.759989 1.430000 1.550000 4.370000 -24.070000 3.720000 51.170000 -0.279683
Car 0.000000 0.000000 1.880000 916.997570 171.884979 957.295431 193.098658 1.480000 1.610000 3.610000 24.200000 1.410000 52.210000 2.314034
DontCare -1.000000 -1.000000 -10.000000 512.150000 186.350000 562.900000 216.400000 -1.000000 -1.000000 -1.000000 -1000.000000 -1000.000000 -1000.000000 -9.214602
DontCare -1.000000 -1.000000 -10.000000 972.720000 161.130000 1007.950000 186.650000 -1.000000 -1.000000 -1.000000 -1000.000000 -1000.000000 -1000.000000 -9.214602
DontCare -1.000000 -1.000000 -10.000000 1022.500000 157.890000 1074.540000 185.350000 -1.000000 -1.000000 -1.000000 -1000.000000 -1000.000000 -1000.000000 -9.214602
DontCare -1.000000 -1.000000 -10.000000 1152.600000 154.010000 1184.590000 176.300000 -1.000000 -1.000000 -1.000000 -1000.000000 -1000.000000 -1000.000000 -9.214602
