Van 0.000000 0.000000 -1.500000 709.776526 165.509184 746.677341 197.167491 1.800000 1.850000 4.110000 7.630000 1.380000 43.240000 -1.325341
Car 0.000000 0.000000 -1.360000 641.562013 172.717637 681.915448 200.151542 1.530000 1.450000 4.330000 3.600000 1.520000 42.520000 -1.275535
Van 0.000000 0.000000 -1.250000 542.378389 143.477127 639.630444 217.805168 2.600000 1.850000 6.220000 -0.080000 1.570000 28.480000 -1.252809
Car 0.230000 1.000000 2.400000 -88.101389 191.325410 182.097653 273.281125 1.400000 1.680000 4.760000 -11.560000 1.870000 15.950000 1.772846
Car 0.000000 0.000000 -1.060000 351.520874 182.000606 549.950848 287.204897 1.440000 1.450000 3.890000 -2.020000 1.620000 12.310000 -1.222645
Car 0.000000 1.000000 2.000000 352.739555 182.509939 433.811301 223.960618 1.510000 1.550000 4.090000 -8.240000 1.930000 29.420000 1.726916
Car 0.000000 2.000000 1.860000 469.654365 180.734799 514.361786 207.330798 1.480000 1.450000 4.350000 -6.590000 1.980000 43.740000 1.710462
Tram 0.000000 2.000000 1.170000 591.281002 158.734325 658.630545 190.301860 3.460000 2.570000 14.660000 2.020000 1.910000 86.370000 1.193383
DontCare -1.000000 -1.000000 -10.000000 218.470000 177.940000 352.670000 217.690000 -1.000000 -1.000000 -1.000000 -1000.000000 -1000.000000 -1000.000000 -9.214602
DontCare -1.000000 -1.000000 -10.000000 781.250000 155.300000 1240.000000 178.230000 -1.000000 -1.000000 -1.000000 -1000.000000 -1000.000000 -1000.000000 -9.214602
DontCare -1.000000 -1.000000 -10.000000 488.210000 167.590000 511.790000 178.880000 -1.000000 -1.000000 -1.000000 -1000.000000 -1000.000000 -1000.000000 -9.214602
