Van 0.000000 1.000000 -1.580000 731.497876 167.340853 752.710158 187.692703 1.800000 1.850000 4.110000 12.590000 1.310000 66.000000 -1.391507
Van 0.000000 2.000000 -1.460000 668.322395 155.651260 704.889850 194.625579 2.600000 1.850000 6.220000 6.030000 1.450000 51.370000 -1.343151
Car 0.000000 0.000000 -1.420000 689.360702 172.694578 730.650819 202.880935 1.440000 1.450000 3.890000 5.600000 1.430000 36.490000 -1.267721
Car 0.360000 1.000000 2.470000 -116.438519 189.691598 144.674614 279.806019 1.510000 1.550000 4.090000 -11.640000 1.910000 15.070000 1.812319
Car 0.000000 1.000000 2.070000 296.864709 182.698829 395.976912 228.619696 1.480000 1.450000 4.350000 -9.050000 1.870000 26.490000 1.740794
Van 0.000000 1.000000 1.860000 445.765384 171.979056 500.395388 208.553735 1.990000 1.820000 4.570000 -7.320000 1.940000 41.630000 1.685945
Van 0.000000 1.000000 1.730000 516.062093 169.786961 552.216203 201.723347 2.370000 1.950000 5.240000 -5.340000 2.140000 56.220000 1.635300
Tram 0.000000 2.000000 1.180000 594.031974 158.069213 660.807853 189.890065 3.460000 2.570000 14.660000 2.300000 1.850000 85.760000 1.206813
DontCare -1.000000 -1.000000 -10.000000 192.590000 192.820000 309.320000 220.280000 -1.000000 -1.000000 -1.000000 -1000.000000 -1000.000000 -1000.000000 -9.214602
DontCare -1.000000 -1.000000 -10.000000 781.900000 150.780000 1240.000000 175.010000 -1.000000 -1.000000 -1.000000 -1000.000000 -1000.000000 -1000.000000 -9.214602
