Cyclist 0.000000 3.000000 -1.680000 107.465650 166.339671 128.670038 204.117015 1.860000 0.710000 1.760000 -24.080000 1.160000 35.710000 -2.273283
Pedestrian 0.000000 0.000000 -1.920000 340.993786 160.656504 401.086146 283.682059 1.720000 0.570000 0.990000 -2.980000 1.440000 10.450000 -2.197794
Pedestrian 0.000000 0.000000 -1.920000 288.351688 147.341660 357.155522 288.147113 1.900000 0.610000 1.110000 -3.580000 1.450000 10.160000 -2.258778
Pedestrian 0.000000 0.000000 1.060000 423.570748 155.349867 514.459596 306.702424 1.790000 0.790000 0.960000 -1.250000 1.490000 8.980000 0.921691
Cyclist 0.000000 3.000000 1.840000 1107.470557 163.031936 1184.251147 266.352864 1.700000 0.600000 1.700000 9.970000 1.410000 12.370000 2.518378
Pedestrian 0.000000 1.000000 1.270000 800.833524 161.279999 818.239590 202.351692 1.960000 0.690000 0.500000 10.350000 1.040000 33.990000 1.565581
Pedestrian 0.000000 1.000000 -2.160000 816.724765 165.180341 837.379513 200.922503 1.650000 0.580000 0.800000 10.910000 0.940000 33.100000 -1.841607
Cyclist 0.000000 1.000000 -0.490000 1043.378952 163.979119 1095.439071 207.970929 1.830000 0.690000 1.710000 20.100000 1.140000 29.840000 0.102782
DontCare -1.000000 -1.000000 -10.000000 266.290000 167.920000 279.950000 194.330000 -1.000000 -1.000000 -1.000000 -1000.000000 -1000.000000 -1000.000000 -9.214602
DontCare -1.000000 -1.000000 -10.000000 0.000000 167.920000 56.380000 198.160000 -1.000000 -1.000000 -1.000000 -1000.000000 -1000.000000 -1000.000000 -9.214602
DontCare -1.000000 -1.000000 -10.000000 988.580000 167.290000 1029.650000 207.090000 -1.000000 -1.000000 -1.000000 -1000.000000 -1000.000000 -1000.000000 -9.214602
