Car 0.000000 0.000000 -1.610000 569.207992 179.763226 624.874850 225.715815 1.360000 1.690000 3.380000 0.030000 1.600000 23.590000 -1.608728
Car 0.820000 3.000000 -1.590000 -414.333343 116.865669 51.498583 530.664396 1.830000 1.640000 3.710000 -4.760000 1.580000 5.090000 -2.341908
Car 0.000000 1.000000 -2.100000 195.183204 182.577503 389.778542 285.413855 1.500000 1.580000 3.570000 -5.110000 1.690000 12.560000 -2.486395
Car 0.000000 1.000000 -2.140000 293.064059 166.117920 457.287477 261.137240 1.800000 1.630000 3.790000 -4.640000 1.670000 15.520000 -2.430511
Car 0.000000 2.000000 -2.200000 382.442216 181.466418 505.318961 232.805382 1.410000 1.620000 4.190000 -4.760000 1.700000 22.490000 -2.408572
Car 0.000000 2.000000 -2.280000 402.685633 178.389453 511.686209 224.205873 1.490000 1.660000 3.970000 -5.020000 1.700000 25.800000 -2.472173
Car 0.000000 2.000000 -2.230000 449.535550 179.008994 526.536847 211.355555 1.390000 1.620000 3.720000 -5.220000 1.690000 33.580000 -2.384215
Car 0.000000 2.000000 -2.350000 475.943210 175.696552 543.486198 204.458944 1.490000 1.660000 3.550000 -5.010000 1.650000 39.470000 -2.476257
Van 0.000000 3.000000 -1.780000 674.069205 143.508870 797.317104 251.354558 2.380000 2.080000 5.750000 3.520000 1.730000 18.820000 -1.595101
Car 0.000000 0.000000 -1.620000 647.798493 178.015266 678.402477 203.213592 1.400000 1.660000 4.080000 3.620000 1.720000 43.000000 -1.536012
Car 0.000000 2.000000 -1.610000 578.519349 175.338831 613.386641 207.152923 1.520000 1.670000 3.610000 -0.260000 1.650000 36.600000 -1.617104
Car 0.200000 3.000000 2.130000 -84.267384 186.054742 173.063156 289.609581 1.390000 1.640000 3.550000 -8.580000 1.640000 11.970000 1.508093
Car 0.000000 2.000000 2.150000 36.275895 179.149097 195.799412 233.980511 1.460000 1.720000 4.600000 -14.350000 1.670000 22.040000 1.572860
Van 0.000000 3.000000 1.920000 252.977629 153.834118 362.909300 228.162413 2.140000 1.710000 4.520000 -8.990000 1.590000 23.050000 1.548125
Car 0.000000 2.000000 1.990000 182.097055 173.602710 272.936910 218.407924 1.660000 1.540000 4.340000 -14.750000 1.690000 29.010000 1.519619
DontCare -1.000000 -1.000000 -10.000000 0.000000 137.190000 110.910000 373.000000 -1.000000 -1.000000 -1.000000 -1000.000000 -1000.000000 -1000.000000 -9.214602
DontCare -1.000000 -1.000000 -10.000000 563.250000 175.360000 580.360000 195.710000 -1.000000 -1.000000 -1.000000 -1000.000000 -1000.000000 -1000.000000 -9.214602
