Car 0.000000 0.000000 -1.590000 576.629003 175.372955 623.087732 219.681066 1.560000 1.650000 3.690000 0.100000 1.660000 27.470000 -1.586360
Car 0.920000 0.000000 -1.520000 1037.760453 175.527477 1531.745969 589.148640 1.490000 1.630000 3.360000 4.570000 1.510000 4.330000 -0.707642
Car 0.000000 0.000000 -1.230000 820.031239 178.864362 1132.122335 351.311736 1.410000 1.600000 4.090000 4.670000 1.490000 7.960000 -0.699430
Car 0.000000 1.000000 1.770000 431.296331 183.178288 480.274300 212.850542 1.370000 1.640000 3.920000 -7.270000 1.920000 36.640000 1.574127
Car 0.950000 0.000000 2.360000 -797.395718 209.549660 16.103006 505.175211 1.380000 1.470000 3.620000 -6.350000 1.760000 5.670000 1.518090
Car 0.000000 0.000000 -0.950000 688.083477 170.812116 834.979385 234.721464 1.490000 1.590000 4.090000 4.500000 1.440000 18.760000 -0.714576
Car 0.000000 2.000000 -0.940000 655.524894 174.757769 762.977042 218.202100 1.400000 1.630000 4.050000 4.050000 1.470000 25.430000 -0.782066
Van 0.000000 1.000000 -0.930000 636.152704 166.781740 713.317167 202.725281 1.880000 1.820000 4.640000 4.150000 1.560000 40.060000 -0.826774
Car 0.000000 1.000000 1.830000 402.241784 177.081875 447.932748 205.111445 1.670000 1.680000 4.490000 -11.200000 1.950000 45.930000 1.590819
Car 0.000000 2.000000 1.810000 430.674858 175.259278 466.732493 198.764442 1.630000 1.580000 4.200000 -11.200000 1.810000 52.590000 1.600167
Car 0.000000 1.000000 1.760000 489.659164 177.881446 514.005452 192.509002 1.450000 1.650000 4.630000 -10.760000 1.990000 75.490000 1.618418
Car 0.000000 1.000000 1.830000 382.712833 177.855168 411.083236 198.460872 1.470000 1.290000 2.950000 -15.320000 1.850000 53.680000 1.551996
Car 0.000000 2.000000 1.390000 162.813462 180.445873 200.703660 203.889187 1.480000 1.590000 3.660000 -28.420000 2.010000 48.690000 0.861657
DontCare -1.000000 -1.000000 -10.000000 0.000000 241.340000 28.760000 370.360000 -1.000000 -1.000000 -1.000000 -1000.000000 -1000.000000 -1000.000000 -9.214602
DontCare -1.000000 -1.000000 -10.000000 525.090000 159.830000 572.610000 189.880000 -1.000000 -1.000000 -1.000000 -1000.000000 -1000.000000 -1000.000000 -9.214602
