Car 0.000000 1.000000 -2.650000 62.856933 189.743010 288.027116 267.514422 1.490000 1.640000 3.700000 -8.450000 1.860000 15.050000 -3.161600
Car 0.000000 2.000000 -2.720000 153.358585 183.080356 348.709087 248.899689 1.520000 1.550000 4.020000 -8.220000 1.780000 17.710000 -3.154554
Car 0.000000 1.000000 -2.850000 334.597204 173.864884 452.452605 222.193892 1.900000 1.780000 4.250000 -8.240000 1.940000 29.330000 -3.123881
Car 0.000000 0.000000 0.150000 454.905267 178.363148 514.702374 201.848678 1.520000 1.640000 3.700000 -7.780000 1.890000 47.930000 -0.010917
Cyclist 0.000000 0.000000 -1.820000 777.182940 169.971511 795.656890 206.565932 1.620000 0.430000 1.700000 8.500000 1.490000 32.790000 -1.566358
Cyclist 0.000000 3.000000 -1.810000 760.130910 172.706314 776.294897 204.165897 1.620000 0.440000 1.790000 8.830000 1.610000 38.050000 -1.581973
DontCare -1.000000 -1.000000 -10.000000 565.840000 170.830000 589.420000 181.470000 -1.000000 -1.000000 -1.000000 -1000.000000 -1000.000000 -1000.000000 -9.214602
DontCare -1.000000 -1.000000 -10.000000 602.060000 172.770000 627.580000 191.180000 -1.000000 -1.000000 -1.000000 -1000.000000 -1000.000000 -1000.000000 -9.214602
DontCare -1.000000 -1.000000 -10.000000 1164.800000 155.950000 1200.670000 170.470000 -1.000000 -1.000000 -1.000000 -1000.000000 -1000.000000 -1000.000000 -9.214602
DontCare -1.000000 -1.000000 -10.000000 856.930000 159.180000 1022.820000 180.820000 -1.000000 -1.000000 -1.000000 -1000.000000 -1000.000000 -1000.000000 -9.214602
