Car 0.000000 0.000000 -1.570000 573.717031 172.580248 633.056352 228.734193 1.560000 1.650000 3.690000 0.330000 1.550000 21.900000 -1.554933
Car 0.090000 0.000000 -1.340000 831.872603 173.901167 1180.439051 396.102203 1.400000 1.630000 4.050000 4.270000 1.410000 6.550000 -0.762284
Car 0.000000 1.000000 -1.180000 766.513494 172.202190 996.298639 296.478504 1.450000 1.580000 3.870000 4.490000 1.440000 10.330000 -0.769979
Car 0.000000 2.000000 -1.100000 744.525562 161.359217 915.225920 255.013719 1.610000 1.670000 3.650000 4.910000 1.410000 14.270000 -0.768610
Van 0.000000 1.000000 -1.020000 673.029726 154.576675 813.692067 226.521838 1.880000 1.820000 4.640000 4.500000 1.400000 21.160000 -0.810456
Car 0.000000 2.000000 -0.940000 659.062851 169.896845 757.185609 210.844379 1.490000 1.630000 4.160000 4.400000 1.380000 28.300000 -0.785758
Car 0.000000 2.000000 -0.830000 644.860498 169.630394 706.164311 194.752998 1.540000 1.720000 3.880000 4.720000 1.340000 46.160000 -0.728101
Car 0.000000 0.000000 1.960000 256.737546 174.137913 352.549657 222.683804 1.670000 1.680000 4.490000 -10.870000 1.720000 27.190000 1.579684
Van 0.000000 1.000000 1.760000 457.564252 151.841064 515.402462 202.899337 2.910000 2.180000 6.910000 -7.000000 1.710000 44.610000 1.604354
Car 0.000000 1.000000 1.910000 331.326898 176.347732 398.221795 214.321447 1.630000 1.580000 4.200000 -10.790000 1.800000 33.480000 1.598228
Car 0.000000 1.000000 1.860000 386.303928 179.538966 436.235986 205.497119 1.340000 1.570000 4.010000 -10.540000 1.730000 40.320000 1.604313
Car 0.000000 2.000000 1.830000 456.860908 174.835342 493.299157 194.245328 1.450000 1.650000 4.630000 -10.050000 1.610000 56.760000 1.654755
Car 0.000000 2.000000 2.010000 265.398713 177.840460 320.489664 209.925070 1.470000 1.290000 2.950000 -14.840000 1.720000 35.020000 1.609182
DontCare -1.000000 -1.000000 -10.000000 535.440000 170.180000 562.900000 182.760000 -1.000000 -1.000000 -1.000000 -1000.000000 -1000.000000 -1000.000000 -9.214602
