Car 0.000000 0.000000 -1.580000 447.673169 166.445391 666.924999 375.107051 1.550000 1.630000 3.320000 0.090000 1.500000 7.020000 -1.567180
Car 0.000000 0.000000 1.840000 370.170084 184.957518 410.555877 205.287668 1.370000 1.820000 3.960000 -15.570000 2.290000 52.990000 1.554214
Car 0.000000 0.000000 1.920000 326.761494 187.853612 366.705375 208.426228 1.380000 1.790000 2.940000 -18.440000 2.490000 52.030000 1.579401
Car 0.000000 0.000000 1.800000 417.230808 181.256717 456.281663 201.741008 1.400000 1.750000 4.750000 -12.310000 2.050000 53.640000 1.574413
Car 0.000000 1.000000 2.670000 934.792221 175.439216 1071.151075 218.611580 1.590000 1.730000 4.260000 15.450000 1.690000 27.630000 3.179860
Car 0.000000 1.000000 -0.280000 782.545450 171.334690 962.742905 233.149403 1.530000 1.700000 4.130000 7.230000 1.490000 18.880000 0.085718
Car 0.000000 2.000000 2.930000 777.820791 176.462844 886.725430 210.589485 1.420000 1.800000 4.250000 10.070000 1.580000 31.360000 3.240709
Car 0.300000 3.000000 2.530000 1144.795390 165.936134 1264.059544 206.192236 1.790000 1.710000 3.950000 27.680000 1.480000 33.100000 3.226459
Van 0.020000 3.000000 0.900000 -17.761427 188.360199 116.287650 244.292948 1.830000 1.850000 3.780000 -19.470000 2.410000 25.730000 0.252222
DontCare -1.000000 -1.000000 -10.000000 173.830000 190.880000 206.470000 205.410000 -1.000000 -1.000000 -1.000000 -1000.000000 -1000.000000 -1000.000000 -9.214602
DontCare -1.000000 -1.000000 -10.000000 464.930000 168.890000 483.340000 186.650000 -1.000000 -1.000000 -1.000000 -1000.000000 -1000.000000 -1000.000000 -9.214602
