Car 0.000000 0.000000 -1.860000 748.679223 182.987697 934.822493 306.293193 1.430000 1.590000 4.210000 3.690000 1.610000 10.850000 -1.532179
Car 0.000000 0.000000 2.490000 542.852375 174.855491 620.728200 202.730337 1.410000 1.590000 4.010000 -0.980000 1.520000 38.640000 2.464643
Pedestrian 0.000000 0.000000 0.180000 455.635309 170.687233 475.126254 218.710392 1.720000 0.740000 0.560000 -4.760000 1.640000 26.210000 0.000348
Cyclist 0.000000 1.000000 3.090000 846.404559 171.085535 921.858105 230.523452 1.600000 0.880000 1.930000 8.110000 1.550000 20.150000 3.472644
Car 0.000000 1.000000 2.920000 752.878904 167.312573 826.905902 194.207364 1.590000 1.640000 4.080000 11.310000 1.260000 43.540000 3.174144
Car 0.000000 1.000000 2.910000 929.144770 164.214814 1022.967858 190.082495 1.460000 1.640000 4.630000 21.760000 0.970000 42.080000 3.387242
Van 0.260000 1.000000 2.700000 1155.589646 155.661545 1257.167341 190.326616 1.830000 1.710000 3.920000 32.980000 0.920000 39.410000 3.396806
Car 0.000000 0.000000 0.040000 395.227453 178.219728 459.612765 205.548486 1.490000 1.590000 3.460000 -9.800000 1.800000 40.890000 -0.195230
Car 0.000000 1.000000 1.020000 228.167752 181.950018 289.483950 208.925791 1.500000 1.620000 3.670000 -20.410000 2.060000 42.930000 0.576205
Car 0.000000 2.000000 1.800000 579.033686 174.781688 601.852915 190.334770 1.450000 1.300000 4.040000 -1.350000 1.640000 69.900000 1.780689
Car 0.000000 2.000000 1.910000 541.371080 175.571199 568.181433 191.552706 1.500000 1.440000 3.690000 -4.840000 1.770000 70.360000 1.841319
DontCare -1.000000 -1.000000 -10.000000 1126.000000 163.710000 1143.110000 182.120000 -1.000000 -1.000000 -1.000000 -1000.000000 -1000.000000 -1000.000000 -9.214602
DontCare -1.000000 -1.000000 -10.000000 712.030000 169.530000 729.790000 182.760000 -1.000000 -1.000000 -1.000000 -1000.000000 -1000.000000 -1000.000000 -9.214602
DontCare -1.000000 -1.000000 -10.000000 0.000000 178.590000 134.200000 222.220000 -1.000000 -1.000000 -1.000000 -1000.000000 -1000.000000 -1000.000000 -9.214602
DontCare -1.000000 -1.000000 -10.000000 649.290000 172.120000 665.110000 181.470000 -1.000000 -1.000000 -1.000000 -1000.000000 -1000.000000 -1000.000000 -9.214602
DontCare -1.000000 -1.000000 -10.000000 686.160000 170.830000 700.040000 178.890000 -1.000000 -1.000000 -1.000000 -1000.000000 -1000.000000 -1000.000000 -9.214602
DontCare -1.000000 -1.000000 -10.000000 318.090000 169.530000 355.900000 190.520000 -1.000000 -1.000000 -1.000000 -1000.000000 -1000.000000 -1000.000000 -9.214602
