Car 0.000000 0.000000 -1.590000 576.911294 175.389432 623.716694 220.029880 1.560000 1.650000 3.690000 0.120000 1.660000 27.280000 -1.585601
Car 0.070000 0.000000 -1.290000 852.322562 181.152779 1198.288602 389.254880 1.410000 1.600000 4.090000 4.660000 1.510000 6.970000 -0.700674
Car 0.000000 1.000000 1.780000 419.421595 183.841873 472.699697 215.729321 1.370000 1.640000 3.920000 -7.230000 1.920000 34.310000 1.572313
Car 0.000000 0.000000 -0.960000 692.941904 170.684875 847.596978 238.576777 1.490000 1.590000 4.090000 4.510000 1.440000 17.770000 -0.711449
Car 0.000000 2.000000 -0.940000 657.302605 175.104019 769.344562 220.555227 1.400000 1.630000 4.050000 4.050000 1.480000 24.420000 -0.775648
Van 0.000000 1.000000 -0.930000 637.545572 166.810114 716.767531 203.748737 1.880000 1.820000 4.640000 4.190000 1.570000 39.040000 -0.823083
Car 0.000000 1.000000 1.830000 397.804275 178.094758 444.642339 206.918828 1.670000 1.680000 4.490000 -11.170000 2.010000 44.880000 1.586070
Car 0.000000 2.000000 1.820000 427.425623 175.304291 464.754627 199.296145 1.630000 1.580000 4.200000 -11.160000 1.810000 51.580000 1.606921
Car 0.000000 1.000000 1.760000 488.767476 178.508086 513.438083 193.372844 1.450000 1.650000 4.630000 -10.690000 2.050000 74.520000 1.617521
Car 0.000000 1.000000 1.840000 378.289805 177.951557 407.626413 198.979828 1.470000 1.290000 2.950000 -15.300000 1.850000 52.640000 1.557140
Car 0.000000 2.000000 1.400000 154.294247 180.014023 192.565741 203.923714 1.480000 1.590000 3.660000 -28.390000 1.970000 47.710000 0.863226
DontCare -1.000000 -1.000000 -10.000000 540.610000 161.770000 568.720000 187.940000 -1.000000 -1.000000 -1.000000 -1000.000000 -1000.000000 -1000.000000 -9.214602
