Van 0.720000 0.000000 1.020000 -197.890536 182.939546 47.663974 280.606467 1.980000 1.840000 4.890000 -15.150000 2.230000 16.500000 0.277230
Car 0.000000 0.000000 -1.810000 808.422018 174.388283 907.115719 244.006254 1.550000 1.570000 3.640000 6.550000 1.590000 18.040000 -1.461719
Car 0.000000 2.000000 -1.950000 896.980447 176.980313 1021.277010 239.093585 1.330000 1.470000 3.830000 8.870000 1.440000 17.680000 -1.484996
Van 0.000000 2.000000 0.610000 11.152976 180.686375 170.458258 234.281480 1.980000 1.850000 4.820000 -19.450000 2.290000 27.850000 0.000359
Car 0.320000 3.000000 0.670000 -69.819379 189.834811 98.916135 249.063107 1.760000 1.560000 4.010000 -18.140000 2.310000 22.680000 -0.004633
Van 0.000000 2.000000 0.560000 99.557328 164.985756 243.159913 220.872384 2.540000 1.750000 5.700000 -19.940000 2.180000 33.740000 0.026232
Van 0.000000 2.000000 0.460000 153.895353 167.347107 278.573797 215.981540 2.540000 1.720000 5.700000 -20.500000 2.250000 38.620000 -0.027993
Misc 0.000000 0.000000 2.740000 507.915419 162.262109 568.881764 196.338959 2.920000 1.730000 5.090000 -5.800000 2.010000 63.790000 2.649326
DontCare -1.000000 -1.000000 -10.000000 290.920000 174.710000 341.670000 213.170000 -1.000000 -1.000000 -1.000000 -1000.000000 -1000.000000 -1000.000000 -9.214602
DontCare -1.000000 -1.000000 -10.000000 359.490000 172.120000 491.750000 195.700000 -1.000000 -1.000000 -1.000000 -1000.000000 -1000.000000 -1000.000000 -9.214602
DontCare -1.000000 -1.000000 -10.000000 586.540000 166.950000 713.620000 188.590000 -1.000000 -1.000000 -1.000000 -1000.000000 -1000.000000 -1000.000000 -9.214602
DontCare -1.000000 -1.000000 -10.000000 730.790000 168.890000 756.960000 181.470000 -1.000000 -1.000000 -1.000000 -1000.000000 -1000.000000 -1000.000000 -9.214602
DontCare -1.000000 -1.000000 -10.000000 783.840000 167.590000 820.360000 182.760000 -1.000000 -1.000000 -1.000000 -1000.000000 -1000.000000 -1000.000000 -9.214602
DontCare -1.000000 -1.000000 -10.000000 1200.400000 156.600000 1236.920000 175.650000 -1.000000 -1.000000 -1.000000 -1000.000000 -1000.000000 -1000.000000 -9.214602
DontCare -1.000000 -1.000000 -10.000000 827.820000 160.480000 905.090000 169.830000 -1.000000 -1.000000 -1.000000 -1000.000000 -1000.000000 -1000.000000 -9.214602
