Car 0.000000 0.000000 -1.570000 577.718103 181.774003 640.414136 233.868053 1.360000 1.690000 3.380000 0.500000 1.640000 21.130000 -1.546341
Car 0.410000 3.000000 -1.890000 -157.266836 187.490402 244.267428 432.151217 1.390000 1.610000 4.090000 -4.510000 1.550000 6.160000 -2.521974
Car 0.000000 1.000000 -2.060000 288.691095 179.076201 456.138912 273.243047 1.500000 1.570000 3.540000 -4.060000 1.630000 13.540000 -2.351321
Car 0.000000 2.000000 -2.100000 334.654548 177.811705 471.454484 247.734165 1.480000 1.560000 3.720000 -4.580000 1.610000 17.400000 -2.357380
Car 0.000000 1.000000 -2.400000 442.463213 174.944217 542.843384 215.428825 1.400000 1.600000 3.550000 -3.890000 1.480000 26.780000 -2.544249
Van 0.000000 3.000000 -2.340000 538.172707 159.972518 594.249537 188.225727 2.210000 1.820000 4.690000 -3.090000 1.200000 58.700000 -2.392592
Car 0.000000 0.000000 -1.980000 799.481336 194.448627 1090.791565 362.363845 1.360000 1.630000 4.020000 3.970000 1.670000 8.400000 -1.538496
Car 0.000000 1.000000 -1.820000 724.269048 171.920664 850.620128 259.926111 1.660000 1.720000 4.410000 4.180000 1.640000 15.820000 -1.561681
Pedestrian 0.000000 0.000000 -1.270000 689.482328 176.271291 734.272841 244.458852 1.540000 0.840000 0.750000 2.870000 1.620000 16.870000 -1.101489
Car 0.000000 2.000000 -1.760000 699.289498 179.414895 771.364620 229.624050 1.410000 1.610000 3.710000 4.320000 1.630000 22.600000 -1.571128
Car 0.000000 2.000000 -1.710000 684.090948 179.203220 737.871755 217.970845 1.360000 1.590000 3.850000 4.320000 1.620000 27.880000 -1.556273
Car 0.000000 2.000000 -1.710000 675.649225 173.313785 725.532590 213.147423 1.720000 1.790000 3.940000 4.590000 1.740000 33.170000 -1.572495
Car 0.000000 2.000000 2.110000 99.744784 179.895626 290.945881 251.729954 1.310000 1.670000 4.020000 -8.230000 1.480000 15.610000 1.624809
Car 0.000000 2.000000 -1.560000 594.886266 172.901680 631.847383 206.567240 1.520000 1.670000 3.610000 0.700000 1.520000 34.410000 -1.539660
Car 0.240000 3.000000 2.230000 -68.720965 169.490953 131.087916 233.194032 1.470000 1.770000 4.250000 -14.290000 1.390000 18.780000 1.579549
Car 0.000000 2.000000 2.010000 245.887927 175.848942 361.206779 229.892600 1.380000 1.590000 3.540000 -8.060000 1.470000 20.440000 1.634396
Van 0.000000 3.000000 -0.350000 807.017172 159.962445 915.157793 201.574576 2.510000 2.460000 5.850000 15.990000 1.730000 44.770000 -0.006962
DontCare -1.000000 -1.000000 -10.000000 647.990000 159.830000 668.340000 182.760000 -1.000000 -1.000000 -1.000000 -1000.000000 -1000.000000 -1000.000000 -9.214602
DontCare -1.000000 -1.000000 -10.000000 940.380000 173.420000 987.250000 191.180000 -1.000000 -1.000000 -1.000000 -1000.000000 -1000.000000 -1000.000000 -9.214602
