Van 1.000000 0.000000 2.210000 -20505.970252 -1895.456304 371.401611 9470.497708 2.130000 1.910000 6.400000 -2.590000 1.740000 3.350000 1.551857
Pedestrian 0.000000 0.000000 -1.870000 789.052394 159.649265 828.999554 242.053950 1.670000 0.700000 0.440000 4.570000 1.400000 14.840000 -1.571264
Cyclist 0.000000 0.000000 1.760000 413.878028 175.175143 457.754595 259.962680 1.710000 0.560000 1.680000 -3.220000 1.760000 15.440000 1.554398
Cyclist 0.000000 0.000000 1.730000 464.974406 170.938398 491.258839 231.128275 1.810000 0.510000 1.710000 -3.620000 1.750000 22.550000 1.570826
Car 0.000000 0.000000 -1.760000 667.881556 176.940191 758.888690 254.252201 1.570000 1.540000 3.220000 2.740000 1.670000 16.450000 -1.594950
Car 0.000000 2.000000 -1.710000 644.244432 170.364309 713.447038 234.443304 1.740000 1.600000 3.860000 2.450000 1.670000 21.540000 -1.596745
Car 0.000000 2.000000 -1.660000 636.749009 168.852525 690.747336 222.067869 1.830000 1.690000 4.440000 2.420000 1.690000 27.030000 -1.570708
Pedestrian 0.000000 0.000000 0.680000 601.781511 167.099872 617.911033 196.052991 1.900000 0.420000 1.040000 0.490000 1.520000 47.840000 0.690242
Pedestrian 0.000000 1.000000 0.690000 609.304638 168.216529 624.387807 196.408757 1.870000 0.500000 0.900000 0.960000 1.560000 48.340000 0.709857
Car 0.000000 0.000000 1.650000 529.058588 170.211280 552.552373 193.888256 1.860000 1.570000 3.830000 -5.080000 1.650000 58.600000 1.563527
Car 0.000000 2.000000 1.720000 468.560802 177.667468 510.084962 209.899502 1.500000 1.460000 3.700000 -5.470000 1.750000 35.980000 1.569126
Car 0.000000 2.000000 1.860000 322.505568 183.693551 431.739494 253.929900 1.540000 1.540000 3.720000 -5.270000 1.840000 18.260000 1.579026
DontCare -1.000000 -1.000000 -10.000000 575.540000 172.770000 590.710000 189.880000 -1.000000 -1.000000 -1.000000 -1000.000000 -1000.000000 -1000.000000 -9.214602
