Van 1.000000 0.000000 0.020000 0.000000 18.390000 224.610000 374.000000 2.130000 1.910000 6.400000 -2.600000 1.730000 -0.290000 1.479717
Pedestrian 0.000000 0.000000 -1.930000 828.157446 151.710666 878.829588 253.289656 1.670000 0.700000 0.440000 4.550000 1.320000 12.080000 -1.569779
Cyclist 0.000000 0.000000 1.860000 306.367373 176.871157 386.405646 307.208855 1.710000 0.560000 1.680000 -3.260000 1.770000 10.360000 1.555138
Cyclist 0.000000 0.000000 1.780000 417.812562 169.920320 455.832504 248.464200 1.810000 0.510000 1.710000 -3.690000 1.740000 17.480000 1.571956
Car 0.000000 0.000000 -1.810000 677.595286 173.940618 798.878842 271.948506 1.570000 1.540000 3.220000 2.700000 1.590000 13.230000 -1.608683
Car 0.000000 2.000000 -1.710000 650.243128 166.362633 731.357146 242.884272 1.740000 1.600000 3.860000 2.430000 1.590000 18.340000 -1.578270
Car 0.000000 2.000000 -1.670000 639.544138 165.269181 701.865029 226.252977 1.830000 1.690000 4.440000 2.400000 1.600000 23.870000 -1.569792
Pedestrian 0.000000 0.000000 0.640000 607.411237 164.007489 625.020807 195.272768 1.900000 0.420000 1.040000 0.880000 1.360000 44.330000 0.659849
Pedestrian 0.000000 1.000000 0.650000 613.891770 165.413473 630.262092 195.819138 1.870000 0.500000 0.900000 1.250000 1.410000 44.850000 0.677863
Car 0.000000 0.000000 1.660000 523.303529 168.702721 548.685158 193.804324 1.860000 1.570000 3.830000 -5.140000 1.550000 55.380000 1.567452
Car 0.000000 1.000000 1.750000 450.533777 176.434596 498.508066 211.747581 1.500000 1.460000 3.700000 -5.620000 1.670000 32.880000 1.580711
Car 0.000000 1.000000 2.080000 -14.716745 194.965568 310.477015 349.452211 1.540000 1.700000 4.320000 -5.430000 1.910000 9.980000 1.581707
Car 0.000000 1.000000 1.910000 250.379014 185.379965 395.648078 273.607616 1.540000 1.540000 3.720000 -5.290000 1.830000 14.980000 1.570533
DontCare -1.000000 -1.000000 -10.000000 578.130000 166.300000 589.420000 190.530000 -1.000000 -1.000000 -1.000000 -1000.000000 -1000.000000 -1000.000000 -9.214602
