Car 0.560000 0.000000 -1.810000 908.821097 125.546409 1327.994168 459.902637 1.750000 1.840000 4.430000 4.130000 1.500000 6.170000 -1.220130
Van 0.000000 0.000000 -1.600000 501.646437 163.042350 559.126592 226.198233 1.980000 1.800000 4.540000 -2.290000 1.670000 24.980000 -1.691418
Van 0.000000 1.000000 -0.550000 817.855787 125.346504 1080.512609 225.038393 2.660000 2.130000 6.640000 10.050000 1.390000 20.630000 -0.096681
Car 0.000000 0.000000 -1.320000 276.668069 183.669657 368.813204 234.477070 1.480000 1.710000 4.650000 -9.090000 1.880000 24.440000 -1.676078
Car 0.000000 0.000000 -1.180000 169.160816 168.007656 282.349715 234.987357 2.040000 1.660000 4.620000 -12.290000 1.890000 24.340000 -1.647584
Car 0.000000 0.000000 -1.500000 428.513262 172.173488 475.139828 207.178957 1.420000 1.640000 3.950000 -6.310000 1.390000 31.330000 -1.698746
Car 0.000000 0.000000 -1.850000 674.174574 173.162591 751.945553 218.051103 1.510000 1.720000 4.500000 4.180000 1.520000 26.640000 -1.694362
Car 0.000000 1.000000 -1.620000 556.475926 164.761558 589.579457 194.824931 1.700000 1.800000 4.500000 -1.760000 1.240000 43.120000 -1.660794
Van 0.000000 0.000000 1.460000 594.602533 149.604065 630.099911 188.647253 2.750000 2.040000 6.050000 0.610000 1.110000 53.930000 1.471310
Car 0.000000 1.000000 -1.900000 728.744237 167.165227 810.464397 214.378538 1.640000 1.730000 4.430000 6.420000 1.440000 27.350000 -1.669439
Van 0.360000 3.000000 0.800000 1111.240968 127.253056 1291.438468 199.922508 2.530000 2.260000 5.420000 23.040000 0.940000 27.910000 1.490104
Truck 0.000000 1.000000 1.530000 550.235463 136.854125 585.929899 191.833282 3.570000 2.250000 7.970000 -2.550000 1.230000 50.920000 1.479963
Misc 0.000000 1.000000 2.070000 37.014136 200.749893 219.202329 241.117898 0.930000 2.390000 5.820000 -14.980000 1.960000 23.720000 1.506715
Car 0.030000 1.000000 -1.030000 -20.484212 187.880444 126.125707 242.220687 1.530000 1.610000 4.730000 -17.870000 2.080000 24.090000 -1.668233
Misc 0.630000 3.000000 2.140000 -85.856544 192.414426 28.266103 238.309507 1.340000 1.600000 2.680000 -20.410000 2.020000 23.730000 1.429676
