Car 0.640000 0.000000 -2.430000 -327.956332 198.018575 122.081917 337.371571 1.520000 1.550000 4.020000 -8.150000 1.860000 8.990000 -3.166429
Car 0.000000 1.000000 -2.740000 214.951765 174.608962 390.243441 244.494917 1.900000 1.780000 4.250000 -8.190000 1.950000 20.600000 -3.118412
Car 0.000000 0.000000 0.190000 419.344215 179.931416 493.799893 208.843223 1.520000 1.640000 3.700000 -7.790000 1.910000 39.170000 -0.006315
Misc 0.000000 2.000000 0.580000 50.832766 192.846287 178.727054 276.109411 1.520000 0.790000 1.900000 -8.930000 1.910000 13.760000 0.004340
Cyclist 0.000000 0.000000 -1.940000 856.839452 155.649123 894.773098 216.144819 1.820000 0.510000 1.850000 8.800000 1.300000 22.630000 -1.569130
Cyclist 0.000000 0.000000 -1.870000 813.479378 164.537789 838.568646 209.806721 1.620000 0.430000 1.700000 8.460000 1.320000 26.670000 -1.562830
Cyclist 0.000000 3.000000 -1.830000 791.310384 167.089908 811.495799 204.802504 1.620000 0.440000 1.790000 8.940000 1.370000 31.890000 -1.556677
DontCare -1.000000 -1.000000 -10.000000 570.370000 166.950000 629.530000 193.770000 -1.000000 -1.000000 -1.000000 -1000.000000 -1000.000000 -1000.000000 -9.214602
DontCare -1.000000 -1.000000 -10.000000 1007.700000 157.240000 1094.670000 179.530000 -1.000000 -1.000000 -1.000000 -1000.000000 -1000.000000 -1000.000000 -9.214602
DontCare -1.000000 -1.000000 -10.000000 929.380000 161.130000 967.840000 176.300000 -1.000000 -1.000000 -1.000000 -1000.000000 -1000.000000 -1000.000000 -9.214602
