Car 0.050000 0.000000 2.010000 20.999901 190.895433 372.098540 384.956456 1.460000 1.500000 3.880000 -3.490000 1.700000 7.740000 1.586394
Car 0.000000 0.000000 -1.960000 762.833931 182.800015 1040.995563 374.354857 1.460000 1.550000 3.190000 3.110000 1.580000 7.270000 -1.555772
Van 0.000000 1.000000 1.820000 277.483273 150.272023 454.806841 287.393953 2.050000 1.790000 4.470000 -3.650000 1.710000 13.040000 1.547077
Car 0.000000 1.000000 -1.820000 696.804515 180.506146 859.576489 288.726921 1.440000 1.690000 4.450000 3.060000 1.590000 12.140000 -1.573084
Car 0.000000 2.000000 -1.580000 695.114594 177.880955 768.110642 241.230820 1.420000 1.660000 3.710000 3.620000 1.560000 18.460000 -1.386358
Van 0.000000 2.000000 -2.630000 69.810834 140.823051 337.946375 233.960650 2.610000 2.210000 6.750000 -11.370000 1.710000 21.400000 -3.118380
Car 0.000000 2.000000 -1.360000 716.226732 165.214425 803.069025 223.953269 1.750000 1.840000 4.430000 5.540000 1.520000 23.890000 -1.132131
Van 0.000000 0.000000 -1.610000 602.591381 163.597823 634.721031 198.334472 1.980000 1.800000 4.540000 0.970000 1.450000 43.410000 -1.587659
Van 0.000000 2.000000 -0.320000 777.439947 147.309805 917.818762 199.673627 2.660000 2.130000 6.640000 12.820000 1.360000 37.740000 0.007463
Car 0.000000 0.000000 -1.450000 481.796637 175.097732 520.600423 201.326391 1.480000 1.710000 4.650000 -5.990000 1.620000 43.450000 -1.586996
DontCare -1.000000 -1.000000 -10.000000 561.960000 168.240000 590.070000 191.170000 -1.000000 -1.000000 -1.000000 -1000.000000 -1000.000000 -1000.000000 -9.214602
DontCare -1.000000 -1.000000 -10.000000 647.990000 154.010000 694.860000 187.940000 -1.000000 -1.000000 -1.000000 -1000.000000 -1000.000000 -1000.000000 -9.214602
