Car 0.840000 0.000000 -0.820000 1089.004974 173.059220 1706.246348 334.794591 1.480000 1.750000 4.470000 8.290000 1.480000 7.510000 0.014725
Car 0.000000 0.000000 1.890000 250.031238 185.167501 435.734727 298.642901 1.460000 1.500000 3.880000 -3.590000 1.690000 11.660000 1.591320
Car 0.000000 0.000000 -1.840000 710.832650 180.836621 860.630648 292.361831 1.460000 1.550000 3.190000 3.060000 1.600000 11.270000 -1.574874
Van 0.000000 1.000000 1.780000 358.748001 153.363471 482.985145 253.854111 2.050000 1.790000 4.470000 -3.770000 1.650000 16.960000 1.561269
Car 0.000000 2.000000 -1.760000 674.339020 178.449071 784.150693 254.981411 1.440000 1.690000 4.450000 2.980000 1.580000 16.130000 -1.577311
Car 0.000000 2.000000 -1.560000 675.979350 174.981806 734.164001 225.085279 1.420000 1.660000 3.710000 3.520000 1.490000 22.580000 -1.405355
Van 0.000000 2.000000 -2.690000 154.333927 146.311035 375.882708 224.360545 2.610000 2.210000 6.750000 -11.460000 1.720000 25.320000 -3.115019
Van 0.000000 0.000000 -1.590000 603.679306 165.694658 632.469343 197.364314 1.980000 1.800000 4.540000 1.010000 1.530000 47.380000 -1.568686
Van 0.000000 2.000000 -0.290000 759.386694 147.521101 884.995063 194.722890 2.660000 2.130000 6.640000 12.680000 1.230000 41.740000 0.004926
DontCare -1.000000 -1.000000 -10.000000 504.390000 172.770000 535.730000 200.880000 -1.000000 -1.000000 -1.000000 -1000.000000 -1000.000000 -1000.000000 -9.214602
DontCare -1.000000 -1.000000 -10.000000 562.600000 166.950000 588.120000 189.880000 -1.000000 -1.000000 -1.000000 -1000.000000 -1000.000000 -1000.000000 -9.214602
DontCare -1.000000 -1.000000 -10.000000 631.170000 144.950000 688.390000 193.760000 -1.000000 -1.000000 -1.000000 -1000.000000 -1000.000000 -1000.000000 -9.214602
