Car 0.000000 0.000000 -1.580000 559.736629 175.498808 649.103994 260.848573 1.560000 1.650000 3.690000 0.410000 1.620000 15.160000 -1.552962
Van 0.100000 0.000000 -1.370000 829.596994 114.577153 1187.072977 404.722843 1.880000 1.820000 4.640000 4.570000 1.500000 6.960000 -0.788993
Car 0.000000 1.000000 -1.120000 714.166726 170.042191 891.506095 258.049615 1.490000 1.630000 4.160000 4.420000 1.440000 14.290000 -0.820027
Car 0.000000 1.000000 -0.890000 668.885419 169.541751 755.866371 206.610623 1.540000 1.720000 3.880000 5.060000 1.400000 31.910000 -0.732738
Car 0.000000 2.000000 -0.890000 656.132093 172.020896 712.775693 198.621415 1.520000 1.490000 3.460000 4.960000 1.470000 42.970000 -0.775079
Car 0.000000 2.000000 -0.840000 646.769391 171.825687 700.460251 192.968416 1.390000 1.610000 3.650000 4.870000 1.320000 49.260000 -0.741457
Car 0.560000 0.000000 2.280000 -196.394512 177.684441 122.742727 291.591329 1.670000 1.680000 4.490000 -10.710000 1.770000 13.030000 1.592018
Car 0.000000 1.000000 2.080000 112.085807 176.285887 262.875805 245.035018 1.630000 1.580000 4.200000 -10.670000 1.730000 19.420000 1.577592
Car 0.000000 0.000000 1.970000 262.547712 185.370491 353.453632 227.172864 1.340000 1.570000 4.010000 -10.420000 1.830000 26.360000 1.593555
Car 0.000000 1.000000 1.860000 406.396905 177.539892 457.781198 204.048393 1.450000 1.650000 4.630000 -9.940000 1.740000 42.660000 1.631079
Car 0.000000 1.000000 1.790000 438.854778 172.123969 475.582868 199.880601 1.810000 1.590000 3.930000 -9.830000 1.760000 49.030000 1.592134
Car 0.000000 1.000000 1.870000 475.919925 174.397908 510.366398 194.094192 1.560000 1.620000 4.190000 -9.110000 1.690000 59.680000 1.718522
Car 0.000000 1.000000 1.960000 520.322821 174.621628 553.432379 189.458106 1.420000 1.670000 4.530000 -6.740000 1.600000 72.040000 1.866712
Car 0.710000 1.000000 2.420000 1168.277464 185.309862 1357.282288 230.694495 1.340000 1.470000 4.510000 20.760000 1.740000 22.520000 3.164755
Car 0.000000 2.000000 2.170000 32.430336 181.762640 147.154527 236.349768 1.470000 1.290000 2.950000 -14.820000 1.750000 21.390000 1.564091
DontCare -1.000000 -1.000000 -10.000000 339.430000 176.000000 406.350000 194.410000 -1.000000 -1.000000 -1.000000 -1000.000000 -1000.000000 -1000.000000 -9.214602
