Car 0.000000 0.000000 -1.550000 531.299471 183.575570 578.306644 222.240043 1.360000 1.690000 3.380000 -1.600000 1.800000 28.050000 -1.606979
Car 0.400000 3.000000 -1.200000 -64.818752 201.187071 411.267455 492.987266 1.430000 1.620000 3.760000 -2.410000 1.730000 5.800000 -1.593811
Car 0.000000 2.000000 1.130000 63.216706 183.546643 293.701896 302.451188 1.570000 1.670000 4.200000 -6.640000 1.770000 11.760000 0.615997
Misc 0.000000 3.000000 -1.350000 385.241846 201.112095 456.946736 258.043488 1.110000 0.990000 2.580000 -3.810000 1.810000 16.640000 -1.575086
Misc 0.000000 3.000000 -1.420000 473.804942 190.775457 503.994053 226.756661 1.210000 0.740000 2.140000 -3.920000 1.890000 26.400000 -1.567408
Car 0.000000 2.000000 0.880000 297.697222 186.943294 430.603412 238.234728 1.390000 1.600000 4.250000 -7.180000 1.860000 22.370000 0.569421
Car 0.000000 2.000000 -2.170000 356.542203 181.929372 455.380500 230.043359 1.530000 1.620000 3.630000 -6.740000 1.870000 25.420000 -2.429182
Car 0.000000 2.000000 -2.190000 407.783530 184.102213 494.275670 218.705855 1.380000 1.740000 4.090000 -6.630000 1.910000 32.120000 -2.393555
Car 0.000000 2.000000 -2.270000 441.489565 184.326143 506.323711 214.455068 1.350000 1.480000 3.080000 -6.140000 1.930000 35.070000 -2.443322
Van 0.000000 3.000000 -2.290000 454.508018 174.017356 522.394417 207.083467 1.870000 1.790000 4.030000 -6.760000 1.940000 42.920000 -2.446219
Truck 1.000000 3.000000 -2.440000 838.270000 0.000000 1158.500000 374.000000 3.410000 2.570000 7.870000 3.240000 1.670000 2.400000 -1.506752
Car 0.000000 0.000000 -1.710000 646.310449 185.673149 741.500588 264.456991 1.450000 1.640000 3.700000 2.190000 1.760000 15.730000 -1.571665
Car 0.000000 2.000000 -1.690000 642.290215 187.300766 702.953373 241.629387 1.330000 1.380000 3.090000 2.160000 1.760000 20.040000 -1.582630
Car 0.000000 2.000000 -1.690000 623.830306 184.436909 679.680253 229.999515 1.390000 1.540000 3.860000 1.860000 1.820000 24.970000 -1.615648
Truck 0.000000 3.000000 -1.630000 604.366887 136.673347 665.788868 217.383046 3.430000 2.550000 8.020000 1.530000 1.890000 34.690000 -1.585924
Car 0.000000 3.000000 2.190000 -18.131382 188.349047 144.341157 245.130687 1.430000 1.730000 4.090000 -15.460000 1.930000 21.340000 1.563045
Car 0.000000 2.000000 -1.530000 549.499544 181.603508 584.974325 212.805173 1.520000 1.670000 3.610000 -1.710000 2.000000 37.970000 -1.575005
