Car 0.000000 0.000000 -1.530000 540.623707 183.197454 598.895651 229.639103 1.360000 1.690000 3.380000 -0.760000 1.720000 23.580000 -1.562220
Car 0.000000 0.000000 -2.420000 120.864481 175.012318 366.822231 279.364544 1.660000 1.630000 3.830000 -6.000000 1.700000 12.850000 -2.856840
Car 0.000000 1.000000 -2.320000 349.643582 180.137033 468.365268 227.743963 1.450000 1.610000 3.960000 -6.300000 1.710000 24.250000 -2.574175
Car 0.000000 2.000000 -2.280000 388.829903 181.364421 486.497796 220.955918 1.360000 1.570000 3.730000 -6.060000 1.700000 27.280000 -2.498591
Car 0.000000 0.000000 -1.480000 505.571089 183.087779 552.384473 213.345075 1.250000 1.740000 3.660000 -3.140000 1.740000 32.880000 -1.575210
Van 0.000000 3.000000 -1.750000 636.558543 143.806763 736.457887 239.107513 2.420000 2.030000 5.490000 2.540000 1.680000 21.120000 -1.630310
Van 0.000000 3.000000 1.900000 302.966331 163.681380 393.919913 220.737702 2.100000 1.960000 4.630000 -9.830000 1.760000 28.870000 1.571821
Car 0.000000 2.000000 -1.560000 566.557940 178.115438 605.437566 214.116834 1.520000 1.670000 3.610000 -0.550000 1.770000 32.800000 -1.576767
Cyclist 0.000000 3.000000 2.070000 176.722556 178.251276 209.605300 211.741260 1.480000 0.600000 1.590000 -18.520000 1.730000 32.940000 1.557812
DontCare -1.000000 -1.000000 -10.000000 628.310000 177.100000 676.270000 215.680000 -1.000000 -1.000000 -1.000000 -1000.000000 -1000.000000 -1000.000000 -9.214602
