Pedestrian 0.000000 0.000000 -1.790000 478.254631 174.198867 510.110608 241.238369 1.530000 0.610000 0.730000 -2.240000 1.560000 16.930000 -1.921545
Pedestrian 0.000000 0.000000 -1.700000 459.374851 169.407903 486.828474 240.900894 1.610000 0.540000 0.870000 -2.700000 1.530000 16.740000 -1.859913
Pedestrian 0.000000 0.000000 2.390000 936.159794 159.556508 1001.314753 271.263367 1.660000 0.800000 0.500000 6.020000 1.460000 11.170000 2.884315
Pedestrian 0.000000 0.000000 1.300000 635.964252 164.147484 658.076245 215.958108 1.890000 0.610000 0.920000 1.860000 1.570000 26.830000 1.369215
Pedestrian 0.000000 1.000000 1.260000 658.025450 164.425875 681.903546 216.758304 1.910000 0.690000 0.770000 2.710000 1.600000 26.780000 1.360852
DontCare -1.000000 -1.000000 -10.000000 442.930000 163.070000 469.750000 216.410000 -1.000000 -1.000000 -1.000000 -1000.000000 -1000.000000 -1000.000000 -9.214602
DontCare -1.000000 -1.000000 -10.000000 598.180000 173.420000 603.000000 187.940000 -1.000000 -1.000000 -1.000000 -1000.000000 -1000.000000 -1000.000000 -9.214602
DontCare -1.000000 -1.000000 -10.000000 631.820000 170.830000 648.930000 185.360000 -1.000000 -1.000000 -1.000000 -1000.000000 -1000.000000 -1000.000000 -9.214602
DontCare -1.000000 -1.000000 -10.000000 748.900000 163.710000 763.420000 198.940000 -1.000000 -1.000000 -1.000000 -1000.000000 -1000.000000 -1000.000000 -9.214602
DontCare -1.000000 -1.000000 -10.000000 705.560000 165.010000 735.610000 205.410000 -1.000000 -1.000000 -1.000000 -1000.000000 -1000.000000 -1000.000000 -9.214602
