Car 0.810000 0.000000 -1.210000 977.763211 196.410387 1524.265218 508.217348 1.390000 1.590000 3.170000 4.730000 1.590000 4.810000 -0.432987
Car 0.110000 1.000000 -0.880000 759.069549 188.163859 1219.456102 381.145749 1.460000 1.550000 4.280000 4.230000 1.640000 7.140000 -0.345160
Car 0.000000 0.000000 -0.510000 536.752374 186.120589 770.946282 277.964830 1.490000 1.660000 4.160000 1.330000 1.770000 13.760000 -0.413642
Car 0.000000 1.000000 2.740000 458.130089 172.077793 644.531428 253.644444 1.850000 1.680000 4.340000 -0.960000 1.830000 18.070000 2.686923
Car 0.930000 0.000000 -2.780000 -627.640559 207.744458 17.893727 386.497340 1.510000 1.530000 4.460000 -9.500000 2.000000 8.470000 -3.622653
Cyclist 0.000000 0.000000 -1.790000 318.411613 182.040520 346.398799 226.945330 1.710000 0.630000 2.120000 -10.670000 2.090000 28.970000 -2.142894
Car 0.540000 1.000000 -2.890000 -154.606482 197.791673 104.460353 278.113548 1.430000 1.560000 3.850000 -12.730000 2.010000 15.320000 -3.583324
Car 0.000000 2.000000 -2.930000 -9.738107 195.080270 147.348974 248.876534 1.420000 1.620000 3.500000 -15.620000 2.130000 21.680000 -3.554339
Car 0.000000 1.000000 -3.020000 104.270148 190.097166 202.008639 223.968919 1.410000 1.540000 3.600000 -20.280000 2.230000 32.960000 -3.571587
DontCare -1.000000 -1.000000 -10.000000 0.000000 273.030000 59.810000 313.430000 -1.000000 -1.000000 -1.000000 -1000.000000 -1000.000000 -1000.000000 -9.214602
