Van 0.000000 0.000000 -1.550000 529.324755 159.159828 618.051147 256.832625 1.980000 1.800000 4.540000 -0.240000 1.700000 16.900000 -1.564200
Van 0.750000 0.000000 -0.790000 1062.477783 83.616810 1634.347980 273.878086 2.660000 2.130000 6.640000 11.490000 1.410000 11.180000 0.009072
Car 0.000000 0.000000 -1.180000 190.869299 187.481014 353.766159 264.828067 1.480000 1.710000 4.650000 -7.220000 1.870000 17.020000 -1.581199
Car 0.000000 1.000000 -0.980000 44.616015 168.632435 245.036063 266.937197 2.040000 1.660000 4.620000 -10.370000 1.950000 17.320000 -1.519485
Car 0.000000 0.000000 -1.430000 447.291863 173.768990 517.688517 221.416366 1.420000 1.640000 3.950000 -3.580000 1.450000 23.560000 -1.580799
Car 0.000000 0.000000 -1.930000 786.723796 174.024555 922.031895 244.946800 1.510000 1.720000 4.500000 6.270000 1.540000 17.700000 -1.589555
Car 0.000000 0.000000 -1.580000 627.566213 164.651046 667.723819 202.585842 1.700000 1.800000 4.500000 2.310000 1.330000 34.630000 -1.513394
Van 0.000000 0.000000 1.430000 675.659486 147.118051 720.941159 194.062614 2.750000 2.040000 6.050000 5.950000 1.240000 45.300000 1.560599
Car 0.000000 1.000000 -2.000000 870.562261 165.708055 1018.766900 240.067037 1.640000 1.730000 4.430000 8.670000 1.480000 18.140000 -1.554148
Car 0.000000 1.000000 -2.130000 968.438320 172.499766 1154.963186 236.778736 1.380000 1.800000 4.490000 11.300000 1.370000 17.740000 -1.562833
Truck 0.000000 1.000000 1.520000 621.327230 131.526985 665.261856 198.358434 3.570000 2.250000 7.970000 2.340000 1.360000 42.530000 1.574965
Misc 0.430000 1.000000 2.290000 -153.302770 211.200564 164.063119 275.281380 0.930000 2.390000 5.820000 -13.150000 1.990000 17.010000 1.631894
Car 0.760000 1.000000 -0.800000 -202.810702 192.746162 51.546873 271.388508 1.530000 1.610000 4.730000 -15.870000 2.080000 17.640000 -1.532627
