Car 0.000000 0.000000 -1.570000 583.868584 178.209018 608.451577 201.847319 1.540000 1.630000 3.670000 -0.430000 1.920000 49.680000 -1.578655
Car 0.000000 0.000000 1.820000 289.971044 189.403781 462.789036 304.816727 1.450000 1.590000 3.590000 -2.990000 1.750000 11.380000 1.563066
Car 0.690000 0.000000 -2.070000 760.584074 177.305029 1351.195123 581.167424 1.640000 1.640000 3.890000 2.720000 1.680000 4.920000 -1.564975
Car 0.000000 1.000000 -1.900000 709.380758 173.727786 885.925450 335.976377 1.690000 1.390000 2.650000 2.630000 1.700000 8.880000 -1.612060
Car 0.000000 1.000000 -1.740000 653.390660 180.328923 736.992479 247.001788 1.500000 1.590000 3.790000 2.570000 1.710000 18.580000 -1.602551
Car 0.000000 2.000000 -1.630000 632.104085 178.522510 669.600358 212.993979 1.490000 1.570000 4.070000 2.360000 1.770000 33.900000 -1.560496
Car 0.000000 2.000000 -1.690000 645.410848 177.433469 705.507591 230.143950 1.570000 1.590000 3.750000 2.560000 1.730000 23.700000 -1.582400
Car 0.000000 1.000000 0.290000 326.466076 188.348399 409.828334 218.143266 1.520000 1.510000 3.940000 -12.340000 2.360000 38.430000 -0.020703
Car 0.000000 1.000000 0.440000 214.847943 189.277136 308.576427 220.249961 1.580000 1.560000 4.240000 -18.000000 2.470000 38.420000 0.001864
Car 0.000000 2.000000 -1.650000 623.592080 178.462347 648.751240 200.252635 1.490000 1.550000 3.930000 2.370000 1.910000 52.350000 -1.604759
Pedestrian 0.000000 2.000000 -1.920000 818.318982 153.146500 878.807190 277.857983 1.820000 0.690000 0.680000 4.060000 1.530000 10.870000 -1.562541
DontCare -1.000000 -1.000000 -10.000000 135.020000 193.470000 210.350000 217.050000 -1.000000 -1.000000 -1.000000 -1000.000000 -1000.000000 -1000.000000 -9.214602
DontCare -1.000000 -1.000000 -10.000000 488.210000 177.300000 529.900000 205.410000 -1.000000 -1.000000 -1.000000 -1000.000000 -1000.000000 -1000.000000 -9.214602
