Car 0.000000 0.000000 -1.590000 582.078846 177.982123 640.499529 225.835654 1.360000 1.690000 3.380000 0.530000 1.530000 22.560000 -1.566511
Pedestrian 0.000000 0.000000 1.260000 802.980372 165.122039 824.355281 211.107724 1.770000 0.570000 0.890000 8.450000 1.470000 28.220000 1.550937
Car 0.000000 2.000000 2.620000 915.135620 172.900996 1018.156532 202.902689 1.450000 1.670000 4.320000 18.150000 1.450000 35.820000 3.088993
Car 0.000000 1.000000 1.840000 406.672123 176.564191 447.884492 201.221518 1.590000 1.720000 3.860000 -11.870000 1.850000 49.070000 1.602660
Cyclist 0.000000 3.000000 3.010000 722.969570 169.090517 761.182979 199.545708 1.680000 0.860000 2.010000 7.860000 1.470000 40.290000 3.202666
Van 0.000000 3.000000 -1.590000 631.272378 166.315274 660.407320 199.509558 2.120000 1.860000 4.410000 2.880000 1.700000 48.320000 -1.530468
Pedestrian 0.000000 2.000000 -0.050000 532.600741 169.748218 544.347031 202.448935 1.870000 0.640000 0.650000 -3.630000 1.690000 41.620000 -0.136998
Car 0.000000 2.000000 -1.570000 571.464728 173.542184 611.177334 209.772134 1.520000 1.670000 3.610000 -0.310000 1.550000 32.150000 -1.579642
DontCare -1.000000 -1.000000 -10.000000 689.390000 159.830000 733.670000 187.940000 -1.000000 -1.000000 -1.000000 -1000.000000 -1000.000000 -1000.000000 -9.214602
DontCare -1.000000 -1.000000 -10.000000 468.810000 165.010000 588.780000 199.590000 -1.000000 -1.000000 -1.000000 -1000.000000 -1000.000000 -1000.000000 -9.214602
