Car 0.000000 0.000000 -1.610000 567.830172 176.545875 617.776679 217.325612 1.360000 1.690000 3.380000 -0.170000 1.500000 26.100000 -1.616513
Car 0.450000 3.000000 1.300000 -192.260318 176.340835 135.628469 387.006946 1.570000 1.640000 3.490000 -5.880000 1.610000 7.100000 0.608317
Car 0.000000 1.000000 1.100000 197.649702 184.142428 361.485638 263.359999 1.380000 1.550000 3.890000 -6.430000 1.640000 14.930000 0.693331
Car 0.000000 0.000000 -1.400000 404.182866 188.573462 519.337116 267.102665 1.300000 1.550000 3.510000 -2.340000 1.650000 14.410000 -1.560982
Car 0.000000 2.000000 -1.430000 463.993807 180.699085 547.590405 241.117444 1.430000 1.620000 3.760000 -2.220000 1.660000 19.470000 -1.543531
Car 0.000000 2.000000 0.880000 359.970433 173.183018 476.054712 221.765705 1.570000 1.670000 4.200000 -6.280000 1.580000 25.260000 0.636326
Car 0.440000 3.000000 -2.010000 759.953987 197.407665 1186.310498 483.747789 1.380000 1.550000 3.600000 2.760000 1.630000 5.600000 -1.552083
Truck 0.000000 3.000000 -1.770000 671.088316 65.398306 860.652558 270.378663 3.410000 2.570000 7.870000 3.410000 1.620000 15.950000 -1.559378
Pedestrian 0.000000 2.000000 -2.370000 857.594382 161.173526 934.843267 293.093447 1.780000 0.780000 0.650000 4.510000 1.620000 10.180000 -1.952961
Car 0.000000 1.000000 -1.650000 638.708696 175.222118 684.999429 213.604721 1.450000 1.640000 3.700000 2.540000 1.550000 29.340000 -1.563644
Truck 0.000000 3.000000 -1.600000 616.315943 141.040110 657.970484 197.068741 3.430000 2.550000 8.020000 2.230000 1.480000 48.200000 -1.553767
Car 0.000000 0.000000 1.950000 256.108305 177.334276 326.662708 208.875730 1.430000 1.730000 4.090000 -15.020000 1.660000 35.360000 1.548321
Car 0.000000 2.000000 -1.550000 565.466829 175.476355 600.123977 206.579804 1.520000 1.670000 3.610000 -0.870000 1.660000 37.370000 -1.573277
Car 0.000000 2.000000 2.210000 -2.523638 177.364876 145.567640 232.667416 1.440000 1.520000 3.660000 -14.950000 1.580000 20.930000 1.589751
DontCare -1.000000 -1.000000 -10.000000 506.970000 163.710000 560.950000 179.530000 -1.000000 -1.000000 -1.000000 -1000.000000 -1000.000000 -1000.000000 -9.214602
