Van 1.000000 0.000000 2.600000 0.000000 0.000000 280.210000 374.000000 2.840000 2.220000 6.860000 -3.780000 1.720000 2.120000 1.540336
Car 0.000000 0.000000 1.650000 528.138833 182.512154 549.208251 201.710142 1.470000 1.430000 3.110000 -5.240000 2.270000 58.380000 1.560483
Car 0.000000 2.000000 2.020000 235.765157 178.594959 289.508854 207.177917 1.710000 1.440000 4.060000 -21.580000 2.090000 46.020000 1.581519
Car 0.000000 1.000000 1.980000 277.891019 182.324801 324.394701 204.974925 1.530000 1.670000 3.880000 -21.830000 2.240000 52.320000 1.584720
Car 0.000000 1.000000 2.590000 959.022334 193.756043 1046.369868 224.673810 1.680000 1.390000 4.260000 22.810000 2.890000 41.060000 3.097078
Car 0.000000 2.000000 1.920000 319.462884 181.705821 356.800155 202.189597 1.530000 1.470000 4.050000 -21.170000 2.260000 57.670000 1.568183
Car 0.000000 1.000000 1.640000 543.476440 180.625360 563.662914 197.121201 1.410000 1.480000 4.930000 -4.650000 2.150000 66.460000 1.570147
Car 0.000000 0.000000 -1.550000 545.608739 179.636782 599.184859 233.338860 1.620000 1.630000 4.500000 -0.710000 1.870000 24.590000 -1.578866
Car 0.000000 1.000000 2.100000 173.569195 183.440780 241.449293 212.678061 1.460000 1.310000 4.150000 -21.520000 2.070000 39.640000 1.602635
Cyclist 0.000000 0.000000 -1.980000 850.883254 183.753106 874.543683 225.137277 1.640000 0.340000 1.580000 10.920000 2.100000 29.810000 -1.628861
Car 0.000000 1.000000 -0.660000 1045.400076 195.199412 1117.116929 224.149771 1.570000 1.800000 2.990000 27.690000 2.890000 41.690000 -0.073715
DontCare -1.000000 -1.000000 -10.000000 455.220000 176.650000 513.090000 191.180000 -1.000000 -1.000000 -1.000000 -1000.000000 -1000.000000 -1000.000000 -9.214602
