Car 0.610000 0.000000 2.200000 -286.106105 209.721794 178.846872 421.423935 1.450000 1.520000 3.620000 -5.750000 1.920000 7.410000 1.540079
Car 0.000000 0.000000 1.790000 298.024430 194.757073 457.845040 303.932712 1.460000 1.620000 4.040000 -3.320000 1.900000 12.520000 1.530790
Car 0.000000 1.000000 2.000000 96.557747 200.724413 317.957729 319.391083 1.460000 1.580000 3.720000 -5.730000 1.980000 11.640000 1.542557
Cyclist 0.000000 1.000000 2.920000 757.624397 186.480532 904.457511 313.500064 1.550000 0.570000 1.730000 3.280000 1.730000 9.270000 3.260082
Car 0.950000 0.000000 2.370000 1186.560430 157.394758 1583.354801 286.218656 1.730000 1.550000 4.000000 11.600000 1.520000 10.580000 3.201353
Cyclist 0.000000 0.000000 3.130000 830.897471 184.955243 1000.685079 343.042404 1.550000 0.690000 1.630000 3.770000 1.690000 7.830000 3.578723
Pedestrian 0.000000 2.000000 2.190000 27.390070 183.683667 77.515117 302.504697 1.840000 0.570000 0.280000 -8.280000 2.010000 11.340000 1.559319
Car 0.000000 2.000000 1.670000 473.337443 188.650215 530.375714 237.697019 1.570000 1.600000 3.990000 -3.390000 2.190000 26.410000 1.542338
Car 0.000000 1.000000 1.640000 523.696012 185.657589 554.741522 213.597759 1.520000 1.540000 3.680000 -3.660000 2.310000 42.800000 1.554694
Van 0.000000 1.000000 1.610000 540.451666 175.268244 566.118626 204.911716 2.470000 1.980000 5.810000 -4.430000 2.690000 63.530000 1.540382
Car 0.000000 1.000000 -0.130000 625.629538 184.162542 723.648031 222.595042 1.620000 1.650000 4.140000 3.290000 2.130000 31.810000 -0.026940
Car 0.000000 1.000000 0.000000 607.193841 180.952792 673.794215 208.674793 1.690000 1.760000 4.120000 2.430000 2.210000 45.550000 0.053297
Van 0.000000 1.000000 1.730000 410.987580 174.920142 509.230177 257.589473 1.950000 1.750000 4.630000 -3.400000 2.010000 19.460000 1.557029
DontCare -1.000000 -1.000000 -10.000000 602.060000 180.530000 613.350000 202.820000 -1.000000 -1.000000 -1.000000 -1000.000000 -1000.000000 -1000.000000 -9.214602
