Car 0.000000 1.000000 2.950000 670.777712 167.110566 788.379205 208.928453 1.730000 1.740000 4.710000 5.520000 1.490000 30.750000 3.127620
Car 0.000000 1.000000 -0.570000 1025.101091 148.809679 1142.867389 182.287344 1.570000 1.640000 4.560000 23.220000 0.440000 34.700000 0.019730
Car 0.000000 1.000000 -0.640000 1084.574639 147.660551 1212.773230 186.994773 1.620000 1.670000 4.170000 23.240000 0.580000 30.570000 0.010011
Car 0.340000 1.000000 -0.700000 1129.368062 146.252851 1275.523397 190.250119 1.650000 1.790000 4.200000 23.360000 0.650000 27.960000 -0.003997
Car 0.000000 1.000000 -0.460000 922.957075 155.570867 1003.513866 180.482480 1.510000 1.640000 4.170000 22.270000 0.460000 44.560000 0.003468
Car 0.000000 0.000000 1.660000 491.920156 180.189648 531.143884 210.770776 1.580000 1.760000 4.180000 -4.960000 2.010000 40.410000 1.537869
Car 0.000000 0.000000 -1.910000 831.253959 158.096254 866.653295 181.043582 1.800000 1.650000 3.550000 19.800000 0.640000 58.380000 -1.583017
DontCare -1.000000 -1.000000 -10.000000 539.960000 170.830000 672.220000 201.530000 -1.000000 -1.000000 -1.000000 -1000.000000 -1000.000000 -1000.000000 -9.214602
DontCare -1.000000 -1.000000 -10.000000 875.690000 154.010000 930.970000 181.470000 -1.000000 -1.000000 -1.000000 -1000.000000 -1000.000000 -1000.000000 -9.214602
DontCare -1.000000 -1.000000 -10.000000 820.060000 146.250000 835.880000 178.890000 -1.000000 -1.000000 -1.000000 -1000.000000 -1000.000000 -1000.000000 -9.214602
