Car 0.000000 0.000000 -1.610000 518.109184 175.116148 697.691573 346.605998 1.560000 1.650000 3.690000 0.490000 1.590000 8.470000 -1.552213
Car 0.820000 0.000000 -1.510000 951.976955 165.469261 1402.710055 564.065501 1.490000 1.630000 4.160000 4.380000 1.460000 4.720000 -0.761947
Car 0.000000 1.000000 -0.980000 696.595541 169.054723 816.295181 223.428454 1.540000 1.720000 3.880000 5.090000 1.430000 22.390000 -0.756465
Car 0.000000 2.000000 -0.940000 674.334430 172.222918 745.892585 206.971801 1.520000 1.490000 3.460000 5.150000 1.490000 33.310000 -0.786606
Car 0.000000 2.000000 -0.880000 657.816935 173.415472 723.293942 199.894046 1.390000 1.610000 3.650000 4.970000 1.420000 39.790000 -0.755738
Car 0.000000 0.000000 1.760000 563.409819 174.468871 587.581060 190.786598 1.450000 1.580000 3.420000 -2.630000 1.600000 66.280000 1.720341
Car 0.000000 0.000000 2.130000 45.817587 192.451896 226.812675 262.916137 1.340000 1.570000 4.010000 -10.330000 1.850000 16.850000 1.580035
Car 0.000000 0.000000 1.910000 346.643613 180.415153 418.622010 215.506337 1.450000 1.650000 4.630000 -9.850000 1.820000 33.180000 1.621421
Car 0.000000 1.000000 1.840000 395.854112 173.244614 445.492240 208.207554 1.810000 1.590000 3.930000 -9.770000 1.830000 39.380000 1.596815
Car 0.000000 1.000000 1.900000 451.467792 175.240762 494.461599 199.043254 1.560000 1.620000 4.190000 -8.920000 1.730000 49.920000 1.723180
Car 0.000000 0.000000 1.980000 508.484508 175.659013 547.552107 192.931627 1.420000 1.670000 4.530000 -6.540000 1.670000 62.510000 1.875756
Car 0.000000 1.000000 2.160000 230.319127 177.447013 306.946761 213.372613 1.470000 1.480000 3.210000 -14.410000 1.680000 31.660000 1.732873
Car 0.000000 2.000000 2.340000 220.126685 178.302377 300.610041 205.014904 1.470000 1.780000 4.340000 -20.240000 1.810000 43.000000 1.900068
DontCare -1.000000 -1.000000 -10.000000 0.000000 187.000000 15.170000 279.800000 -1.000000 -1.000000 -1.000000 -1000.000000 -1000.000000 -1000.000000 -9.214602
