Pedestrian 0.000000 0.000000 0.350000 301.189329 171.934333 344.676774 261.785195 1.720000 0.740000 0.560000 -5.150000 1.700000 14.180000 0.001625
Cyclist 0.690000 1.000000 2.810000 1121.143905 163.890027 1354.281463 310.832836 1.600000 0.880000 1.930000 7.870000 1.500000 8.640000 3.548794
Car 0.000000 1.000000 2.430000 336.990005 178.647957 496.852357 234.802812 1.460000 1.640000 4.630000 -5.140000 1.650000 21.600000 2.196382
Van 0.000000 0.000000 2.650000 672.078465 164.253717 773.966243 209.530730 1.830000 1.710000 3.920000 5.270000 1.480000 30.590000 2.820604
Truck 0.370000 1.000000 2.690000 996.720769 125.101438 1353.432031 203.320212 3.010000 2.600000 11.840000 23.580000 1.170000 30.270000 3.351797
Car 0.000000 0.000000 -1.580000 705.151530 175.377524 725.425736 194.374977 1.490000 1.590000 3.460000 9.100000 1.700000 58.900000 -1.426713
Car 0.000000 1.000000 -1.810000 396.493274 179.482991 443.151986 209.835537 1.500000 1.620000 3.670000 -9.700000 1.870000 38.530000 -2.056627
Car 0.000000 0.000000 1.810000 556.014740 177.955672 584.250403 197.185247 1.450000 1.300000 4.040000 -2.640000 1.870000 57.630000 1.764223
Car 0.000000 1.000000 1.920000 511.097458 178.029051 543.983372 197.593860 1.500000 1.440000 3.690000 -6.120000 1.930000 58.320000 1.815444
DontCare -1.000000 -1.000000 -10.000000 0.000000 180.530000 30.700000 207.990000 -1.000000 -1.000000 -1.000000 -1000.000000 -1000.000000 -1000.000000 -9.214602
DontCare -1.000000 -1.000000 -10.000000 582.660000 157.240000 675.460000 191.170000 -1.000000 -1.000000 -1.000000 -1000.000000 -1000.000000 -1000.000000 -9.214602
