Tram 0.000000 0.000000 -1.680000 678.022422 150.451256 723.599171 186.884619 3.330000 2.370000 23.290000 9.920000 1.280000 77.610000 -1.552871
Car 0.270000 0.000000 2.180000 -105.189133 179.083588 167.078456 307.402515 1.800000 1.610000 3.830000 -8.980000 1.920000 12.240000 1.547039
Car 0.000000 1.000000 2.140000 138.667147 191.500085 286.877608 263.090623 1.450000 1.450000 3.400000 -8.870000 1.940000 17.290000 1.665996
Car 0.000000 1.000000 1.960000 243.588000 179.174298 360.791386 243.942452 1.750000 1.710000 4.310000 -8.760000 1.960000 22.080000 1.582308
Car 0.000000 0.000000 1.860000 373.939111 181.856856 439.642640 220.138708 1.530000 1.660000 4.010000 -8.380000 1.950000 31.820000 1.602491
Car 0.000000 2.000000 1.830000 416.469110 181.781728 468.364035 213.288266 1.480000 1.600000 3.900000 -8.030000 1.960000 37.000000 1.616287
Car 0.000000 0.000000 1.740000 496.073522 177.030903 527.487475 198.693397 1.610000 1.670000 4.560000 -7.180000 1.950000 56.830000 1.614324
DontCare -1.000000 -1.000000 -10.000000 825.880000 161.770000 841.050000 192.470000 -1.000000 -1.000000 -1.000000 -1000.000000 -1000.000000 -1000.000000 -9.214602
DontCare -1.000000 -1.000000 -10.000000 763.780000 161.770000 775.070000 182.760000 -1.000000 -1.000000 -1.000000 -1000.000000 -1000.000000 -1000.000000 -9.214602
DontCare -1.000000 -1.000000 -10.000000 627.940000 165.650000 673.520000 176.940000 -1.000000 -1.000000 -1.000000 -1000.000000 -1000.000000 -1000.000000 -9.214602
