Car 0.000000 0.000000 -1.590000 579.933891 175.954667 623.854620 217.919650 1.560000 1.650000 3.690000 0.160000 1.690000 28.950000 -1.584473
Car 0.350000 0.000000 -1.410000 849.495638 161.914124 1219.380578 463.873922 1.590000 1.650000 3.940000 4.090000 1.530000 5.780000 -0.794183
Car 0.000000 1.000000 -1.180000 755.206991 174.871741 1023.110077 317.560535 1.480000 1.730000 4.060000 4.320000 1.510000 9.560000 -0.755581
Car 0.000000 1.000000 -1.040000 717.578296 165.874024 918.962017 271.606636 1.630000 1.610000 3.960000 4.340000 1.520000 13.030000 -0.718480
Car 0.000000 2.000000 -0.980000 713.348066 176.462149 858.640075 248.724219 1.490000 1.630000 3.360000 4.620000 1.580000 16.760000 -0.711024
Car 0.000000 2.000000 -0.920000 686.825058 175.199929 824.615812 230.924901 1.410000 1.600000 4.090000 4.660000 1.480000 20.340000 -0.694782
Car 0.000000 1.000000 1.690000 512.184522 179.179836 535.693137 195.104753 1.370000 1.640000 3.920000 -7.280000 1.960000 65.600000 1.579477
Car 0.000000 0.000000 1.790000 425.915314 183.513416 478.079034 217.593688 1.380000 1.470000 3.620000 -6.490000 1.880000 32.180000 1.590991
Car 0.000000 1.000000 -0.840000 658.231005 173.125502 750.796595 210.099778 1.490000 1.590000 4.090000 4.600000 1.500000 31.020000 -0.692781
Car 0.000000 2.000000 -0.900000 642.957133 173.807363 716.589317 202.265290 1.400000 1.630000 4.050000 4.180000 1.450000 37.640000 -0.789401
Van 0.000000 2.000000 -0.920000 632.324603 168.566172 691.458714 195.652800 1.880000 1.820000 4.640000 4.320000 1.580000 52.410000 -0.837759
Car 0.000000 2.000000 1.780000 449.288347 176.346655 482.324803 198.192789 1.670000 1.680000 4.490000 -11.060000 1.960000 58.140000 1.592016
Car 0.000000 1.000000 1.780000 428.641049 177.354662 449.830252 193.942476 1.470000 1.290000 2.950000 -15.140000 1.890000 66.230000 1.555264
DontCare -1.000000 -1.000000 -10.000000 554.200000 168.890000 584.900000 186.000000 -1.000000 -1.000000 -1.000000 -1000.000000 -1000.000000 -1000.000000 -9.214602
DontCare -1.000000 -1.000000 -10.000000 491.450000 174.060000 515.680000 196.990000 -1.000000 -1.000000 -1.000000 -1000.000000 -1000.000000 -1000.000000 -9.214602
