Car 0.280000 1.000000 1.940000 1031.585641 157.419603 1277.770309 268.193661 1.490000 1.650000 4.120000 9.180000 1.280000 11.450000 2.615805
Car 0.000000 2.000000 2.050000 933.565286 159.323154 1116.393158 243.604417 1.480000 1.570000 3.640000 8.730000 1.240000 14.280000 2.598719
Car 1.000000 0.000000 -2.740000 1160.280000 196.070000 1241.000000 374.000000 1.580000 1.680000 3.930000 3.000000 1.640000 0.930000 -1.469809
Car 0.070000 0.000000 -1.930000 757.368386 180.599437 1097.550785 394.960418 1.360000 1.650000 3.800000 2.950000 1.450000 6.660000 -1.513030
Car 0.730000 0.000000 2.180000 -449.098304 183.036564 290.304536 546.395068 1.580000 1.540000 3.980000 -3.530000 1.680000 5.250000 1.588052
Van 0.000000 1.000000 1.920000 191.137872 144.604798 436.787339 310.281890 1.980000 1.790000 4.390000 -3.600000 1.640000 10.840000 1.599357
Car 0.000000 2.000000 2.100000 879.351356 160.933314 1026.837959 228.494890 1.460000 1.490000 3.630000 8.700000 1.200000 17.200000 2.568288
Car 0.000000 1.000000 2.810000 784.050274 153.898025 936.703895 217.756172 1.710000 1.670000 3.700000 7.400000 1.200000 20.190000 3.161314
Van 0.000000 2.000000 2.810000 763.816629 149.200212 947.323178 210.509767 1.860000 1.850000 5.180000 8.140000 1.140000 22.840000 3.152358
Car 0.000000 2.000000 1.780000 362.096150 171.935213 486.652007 257.524979 1.640000 1.630000 4.510000 -3.460000 1.620000 16.080000 1.568057
Car 0.000000 2.000000 1.730000 432.169186 174.129694 514.003763 233.172049 1.600000 1.660000 4.330000 -3.530000 1.640000 21.810000 1.569539
Truck 0.000000 3.000000 -1.420000 580.770900 124.133873 676.257688 208.713880 3.520000 2.890000 10.810000 1.740000 1.490000 35.610000 -1.371176
