Car 0.000000 0.000000 -1.580000 567.730314 172.117696 636.709236 237.362314 1.560000 1.650000 3.690000 0.310000 1.540000 19.100000 -1.563771
Car 0.940000 0.000000 -1.580000 1033.508404 180.177683 1583.338277 643.578341 1.450000 1.580000 3.870000 4.440000 1.510000 4.230000 -0.770385
Car 0.000000 0.000000 -1.300000 853.093892 153.780916 1126.672362 336.995379 1.610000 1.670000 3.650000 4.920000 1.440000 8.200000 -0.759580
Van 0.000000 0.000000 -1.090000 701.660992 144.796555 893.314714 250.800300 1.880000 1.820000 4.640000 4.540000 1.380000 15.090000 -0.797753
Car 0.000000 2.000000 -1.010000 672.323662 168.667247 792.066440 221.711426 1.490000 1.630000 4.160000 4.350000 1.370000 22.340000 -0.817688
Car 0.000000 2.000000 -0.850000 653.210915 167.584174 723.623979 196.818270 1.540000 1.720000 3.880000 4.870000 1.260000 39.940000 -0.728666
Car 0.000000 2.000000 -0.870000 648.487898 169.351729 696.868458 191.756355 1.520000 1.490000 3.460000 4.930000 1.280000 50.690000 -0.773047
Car 0.000000 0.000000 2.070000 141.346439 173.548501 286.478504 238.020178 1.670000 1.680000 4.490000 -10.820000 1.690000 21.000000 1.594236
Van 0.000000 1.000000 1.840000 344.415930 136.449347 456.553471 224.174669 2.910000 2.180000 6.910000 -7.200000 1.700000 27.400000 1.583036
Car 0.000000 1.000000 1.970000 263.890011 176.092184 353.787131 223.185886 1.630000 1.580000 4.200000 -10.810000 1.760000 27.380000 1.593973
Car 0.000000 1.000000 1.900000 341.830951 181.442016 404.478671 212.475069 1.340000 1.570000 4.010000 -10.680000 1.770000 34.300000 1.598145
Car 0.000000 1.000000 1.830000 435.558954 174.248183 476.682272 196.057907 1.450000 1.650000 4.630000 -10.230000 1.550000 50.630000 1.630630
Car 0.000000 2.000000 1.770000 459.192788 169.612195 489.626585 193.309881 1.810000 1.590000 3.930000 -10.180000 1.560000 57.090000 1.593540
Car 0.000000 1.000000 1.860000 489.019162 171.550912 519.071946 188.836040 1.560000 1.620000 4.190000 -9.330000 1.440000 67.310000 1.722265
Car 0.000000 2.000000 2.070000 188.734979 179.314342 261.461964 218.666418 1.470000 1.290000 2.950000 -14.870000 1.740000 28.930000 1.595216
DontCare -1.000000 -1.000000 -10.000000 531.550000 168.240000 557.720000 184.060000 -1.000000 -1.000000 -1.000000 -1000.000000 -1000.000000 -1000.000000 -9.214602
