Car 0.000000 0.000000 -1.320000 623.110675 165.432429 701.953526 221.842947 1.730000 1.600000 4.110000 2.350000 1.500000 24.330000 -1.223710
Car 0.000000 1.000000 2.080000 297.586854 183.909971 382.818328 228.390199 1.460000 1.370000 3.450000 -9.290000 1.890000 26.400000 1.741639
Car 0.000000 1.000000 1.840000 455.956745 181.316354 508.190369 208.439177 1.400000 1.680000 4.760000 -6.730000 1.910000 41.230000 1.678196
Tram 0.000000 2.000000 1.190000 593.024455 157.607256 658.729745 189.432530 3.460000 2.570000 14.660000 2.120000 1.800000 85.760000 1.214715
DontCare -1.000000 -1.000000 -10.000000 0.000000 279.500000 64.330000 373.000000 -1.000000 -1.000000 -1.000000 -1000.000000 -1000.000000 -1000.000000 -9.214602
DontCare -1.000000 -1.000000 -10.000000 532.200000 176.000000 562.250000 196.350000 -1.000000 -1.000000 -1.000000 -1000.000000 -1000.000000 -1000.000000 -9.214602
DontCare -1.000000 -1.000000 -10.000000 724.970000 169.530000 747.900000 187.290000 -1.000000 -1.000000 -1.000000 -1000.000000 -1000.000000 -1000.000000 -9.214602
DontCare -1.000000 -1.000000 -10.000000 794.830000 154.660000 1240.000000 176.950000 -1.000000 -1.000000 -1.000000 -1000.000000 -1000.000000 -1000.000000 -9.214602
DontCare -1.000000 -1.000000 -10.000000 275.390000 191.530000 313.200000 206.060000 -1.000000 -1.000000 -1.000000 -1000.000000 -1000.000000 -1000.000000 -9.214602
DontCare -1.000000 -1.000000 -10.000000 155.070000 196.060000 247.870000 217.050000 -1.000000 -1.000000 -1.000000 -1000.000000 -1000.000000 -1000.000000 -9.214602
DontCare -1.000000 -1.000000 -10.000000 489.510000 164.360000 588.130000 180.830000 -1.000000 -1.000000 -1.000000 -1000.000000 -1000.000000 -1000.000000 -9.214602
