Car 0.000000 0.000000 -1.590000 555.481861 174.355462 655.783854 269.749620 1.560000 1.650000 3.690000 0.430000 1.590000 13.710000 -1.558646
Van 0.870000 0.000000 -1.540000 945.643643 46.927000 1524.851244 627.741128 1.880000 1.820000 4.640000 4.470000 1.470000 4.600000 -0.768934
Car 0.000000 0.000000 -1.120000 732.828146 168.653517 949.763900 277.302364 1.490000 1.630000 4.160000 4.430000 1.430000 11.920000 -0.764175
Car 0.000000 1.000000 -0.920000 673.686078 167.944229 766.490370 208.247238 1.540000 1.720000 3.880000 5.040000 1.350000 29.520000 -0.750899
Car 0.000000 2.000000 -0.900000 659.855799 171.226480 719.594202 199.464931 1.520000 1.490000 3.460000 5.010000 1.430000 40.580000 -0.777162
Car 0.000000 2.000000 -0.850000 647.773413 171.132903 703.895656 193.365365 1.390000 1.610000 3.650000 4.810000 1.280000 46.940000 -0.747885
Car 0.900000 0.000000 2.370000 -422.368892 178.019055 32.507168 324.270627 1.670000 1.680000 4.490000 -10.700000 1.760000 10.650000 1.582260
Car 0.000000 1.000000 2.130000 38.825476 177.804755 222.599008 257.124986 1.630000 1.580000 4.200000 -10.670000 1.760000 17.190000 1.574492
Car 0.000000 0.000000 2.000000 225.416227 184.601889 330.310584 230.912616 1.340000 1.570000 4.010000 -10.380000 1.760000 23.920000 1.590576
Car 0.000000 1.000000 1.860000 394.043503 176.278529 448.698506 204.277809 1.450000 1.650000 4.630000 -9.950000 1.650000 40.290000 1.617885
Car 0.000000 1.000000 1.800000 428.272169 170.780889 467.776630 200.186717 1.810000 1.590000 3.930000 -9.860000 1.680000 46.390000 1.590571
Car 0.000000 1.000000 1.880000 470.597366 173.004446 507.003396 193.459893 1.560000 1.620000 4.190000 -9.060000 1.570000 57.250000 1.723048
Car 0.000000 1.000000 1.960000 516.759800 173.178902 551.088996 188.466448 1.420000 1.670000 4.530000 -6.770000 1.450000 69.530000 1.862938
Car 0.000000 1.000000 2.100000 301.503469 174.675508 359.683696 203.397883 1.470000 1.480000 3.210000 -14.490000 1.570000 38.850000 1.743008
Car 0.230000 3.000000 2.220000 -53.727532 180.467427 88.565952 243.609518 1.470000 1.290000 2.950000 -14.680000 1.680000 18.640000 1.552895
DontCare -1.000000 -1.000000 -10.000000 0.470000 240.690000 46.050000 281.740000 -1.000000 -1.000000 -1.000000 -1000.000000 -1000.000000 -1000.000000 -9.214602
