Car 0.000000 0.000000 -1.590000 576.979401 175.574408 622.583988 219.096813 1.560000 1.650000 3.690000 0.090000 1.670000 27.950000 -1.586780
Car 0.980000 0.000000 -1.560000 1044.829005 133.518093 1760.014007 790.426129 1.630000 1.610000 3.960000 4.340000 1.530000 3.670000 -0.691151
Car 0.000000 0.000000 -1.280000 854.172119 174.632776 1153.618117 366.295947 1.490000 1.630000 3.360000 4.600000 1.510000 7.360000 -0.721401
Car 0.000000 1.000000 -1.100000 758.944470 177.466804 998.710603 292.008252 1.410000 1.600000 4.090000 4.680000 1.490000 10.960000 -0.696430
Car 0.000000 1.000000 1.750000 459.244355 180.160580 498.748181 204.542461 1.370000 1.640000 3.920000 -7.380000 1.830000 43.690000 1.582662
Car 0.000000 0.000000 2.030000 73.209794 193.779191 285.273251 298.813260 1.380000 1.470000 3.620000 -6.440000 1.780000 12.040000 1.538836
Car 0.000000 1.000000 -0.910000 676.007979 171.120102 804.781700 225.389749 1.490000 1.590000 4.090000 4.480000 1.440000 21.740000 -0.706773
Car 0.000000 2.000000 -0.930000 650.408830 173.621274 746.709185 211.941262 1.400000 1.630000 4.050000 4.040000 1.430000 28.450000 -0.788940
Van 0.000000 1.000000 -0.920000 633.504555 167.234640 705.568529 200.497327 1.880000 1.820000 4.640000 4.110000 1.560000 43.100000 -0.824928
Car 0.000000 0.000000 1.820000 414.779658 174.432792 456.740020 200.311230 1.670000 1.680000 4.490000 -11.290000 1.780000 49.100000 1.593990
Car 0.000000 2.000000 1.800000 439.011879 174.883897 472.531223 197.035918 1.630000 1.580000 4.200000 -11.330000 1.790000 55.600000 1.598975
Car 0.000000 1.000000 1.760000 493.013391 176.268463 516.417324 190.228090 1.450000 1.650000 4.630000 -10.890000 1.830000 78.450000 1.622067
Car 0.000000 1.000000 1.820000 394.357826 176.472291 420.709472 195.833479 1.470000 1.290000 2.950000 -15.410000 1.760000 56.820000 1.555163
DontCare -1.000000 -1.000000 -10.000000 546.430000 158.540000 577.130000 185.360000 -1.000000 -1.000000 -1.000000 -1000.000000 -1000.000000 -1000.000000 -9.214602
