Car 0.250000 3.000000 0.630000 -156.107780 175.984694 271.786072 332.314594 1.720000 1.680000 4.020000 -6.080000 1.760000 8.870000 0.029102
Car 0.000000 2.000000 -2.680000 4.175799 194.816672 340.035246 296.776793 1.410000 1.420000 4.270000 -6.080000 1.770000 11.110000 -3.180733
Car 0.870000 1.000000 -2.300000 -717.011674 194.624142 60.873029 417.670884 1.500000 1.650000 4.140000 -6.690000 1.700000 5.860000 -3.151437
Car 0.000000 1.000000 0.220000 394.648470 186.038301 520.924733 224.883226 1.380000 1.660000 4.380000 -5.170000 1.890000 27.140000 0.031762
Car 0.820000 1.000000 0.790000 1152.043719 168.809226 1451.003710 269.921062 1.690000 1.730000 4.300000 13.670000 1.620000 14.220000 1.555680
Car 0.000000 2.000000 -0.150000 674.823384 183.510674 816.098817 233.542679 1.480000 1.860000 4.180000 4.670000 1.830000 22.820000 0.051858
Car 0.000000 2.000000 -0.180000 663.412120 177.715607 791.148144 227.473731 1.740000 1.660000 4.370000 4.680000 1.920000 26.230000 -0.003436
Car 0.000000 1.000000 -2.920000 441.940394 183.846533 531.362051 213.674680 1.470000 1.670000 4.280000 -5.830000 2.050000 37.250000 -3.075251
Car 0.000000 2.000000 -3.140000 472.484700 184.648908 547.788408 208.977263 1.380000 1.670000 4.370000 -5.440000 2.100000 43.090000 -3.265583
DontCare -1.000000 -1.000000 -10.000000 603.360000 174.710000 617.240000 209.940000 -1.000000 -1.000000 -1.000000 -1000.000000 -1000.000000 -1000.000000 -9.214602
