Car 0.520000 0.000000 -2.530000 -227.952533 206.695072 153.674367 321.098141 1.410000 1.590000 3.940000 -8.600000 1.940000 10.400000 -3.220943
Car 0.020000 3.000000 -2.560000 -37.342479 182.430376 230.465285 285.787701 1.690000 1.770000 3.510000 -8.500000 1.870000 12.850000 -3.144402
Car 0.000000 2.000000 -2.680000 92.177798 189.064567 313.038254 269.305055 1.610000 1.660000 3.860000 -8.250000 1.980000 15.700000 -3.163821
Car 0.000000 1.000000 2.970000 214.327046 183.059670 373.680793 246.814475 1.590000 1.710000 3.900000 -8.380000 1.900000 20.320000 2.578849
Car 0.000000 2.000000 2.980000 340.803211 185.650679 411.584788 225.086430 1.430000 1.570000 2.430000 -8.660000 1.950000 28.210000 2.682149
Car 0.000000 2.000000 3.040000 362.392088 183.561000 456.681615 220.759180 1.480000 1.740000 3.770000 -8.140000 1.960000 31.030000 2.783454
Car 0.000000 0.000000 1.760000 465.354668 182.477991 501.571435 210.272204 1.550000 1.540000 3.060000 -6.980000 2.140000 42.860000 1.598561
DontCare -1.000000 -1.000000 -10.000000 512.150000 178.590000 545.430000 201.520000 -1.000000 -1.000000 -1.000000 -1000.000000 -1000.000000 -1000.000000 -9.214602
DontCare -1.000000 -1.000000 -10.000000 609.180000 176.000000 633.410000 188.580000 -1.000000 -1.000000 -1.000000 -1000.000000 -1000.000000 -1000.000000 -9.214602
DontCare -1.000000 -1.000000 -10.000000 652.520000 173.420000 692.270000 195.710000 -1.000000 -1.000000 -1.000000 -1000.000000 -1000.000000 -1000.000000 -9.214602
DontCare -1.000000 -1.000000 -10.000000 795.480000 150.130000 1240.000000 188.590000 -1.000000 -1.000000 -1.000000 -1000.000000 -1000.000000 -1000.000000 -9.214602
