Car 0.000000 0.000000 -1.540000 555.684111 176.950841 613.434034 222.886098 1.360000 1.690000 3.380000 -0.270000 1.500000 23.370000 -1.551553
Car 0.030000 3.000000 -1.900000 -59.092181 181.326478 256.894840 371.048014 1.490000 1.660000 3.970000 -5.100000 1.600000 7.700000 -2.485000
Car 0.000000 1.000000 -2.070000 267.029595 180.457741 423.423750 256.291237 1.390000 1.620000 3.720000 -5.260000 1.570000 15.450000 -2.398145
Car 0.000000 2.000000 -2.260000 367.936721 174.802695 489.987673 229.936558 1.490000 1.660000 3.550000 -4.910000 1.550000 21.360000 -2.485944
Car 0.000000 1.000000 -2.560000 464.718416 172.500727 544.126802 205.811304 1.660000 1.630000 3.830000 -5.000000 1.640000 37.520000 -2.692482
Car 0.150000 3.000000 -2.020000 793.631424 188.292691 1172.383202 404.625945 1.470000 1.730000 4.220000 3.710000 1.670000 7.330000 -1.551453
Car 0.000000 0.000000 -1.710000 667.901153 175.610501 731.084138 220.561120 1.400000 1.660000 4.080000 3.470000 1.500000 24.760000 -1.570761
Van 0.000000 3.000000 -1.660000 636.394619 158.578628 675.474522 199.336291 2.420000 2.030000 5.490000 3.330000 1.570000 45.600000 -1.587103
Car 0.000000 2.000000 1.930000 230.580359 176.956431 334.736550 226.104528 1.320000 1.620000 3.540000 -9.130000 1.450000 21.480000 1.528090
Car 0.000000 2.000000 -1.560000 580.910798 173.510429 618.576992 207.882250 1.520000 1.670000 3.610000 0.060000 1.550000 33.790000 -1.558224
Car 0.830000 3.000000 2.290000 -179.708627 181.103157 15.381954 246.404889 1.280000 1.400000 3.130000 -14.770000 1.480000 16.120000 1.548278
Car 0.000000 2.000000 2.140000 133.614727 176.239417 239.474234 215.493443 1.310000 1.520000 3.730000 -14.820000 1.440000 26.310000 1.627015
