Pedestrian 0.000000 1.000000 1.200000 941.050528 143.077815 1025.682423 293.646869 1.960000 0.720000 1.090000 5.610000 1.570000 9.980000 1.712104
Car 0.650000 0.000000 -2.140000 867.426867 188.471841 1379.880266 493.153154 1.510000 1.600000 3.240000 3.730000 1.660000 5.390000 -1.534648
Car 0.000000 1.000000 -1.850000 763.617552 184.688676 957.224532 310.154955 1.450000 1.740000 4.100000 3.960000 1.660000 10.840000 -1.499748
Car 0.000000 0.000000 1.880000 251.793729 182.557926 444.269606 300.403715 1.540000 1.680000 3.790000 -3.500000 1.720000 11.650000 1.588150
Car 0.000000 2.000000 1.810000 396.362837 185.991872 498.669195 258.813560 1.490000 1.520000 3.350000 -3.250000 1.830000 17.090000 1.622074
Car 0.000000 1.000000 -1.780000 712.048012 180.933022 814.542586 254.622724 1.530000 1.650000 4.370000 4.080000 1.750000 17.660000 -1.552953
Car 0.000000 1.000000 1.720000 468.685862 177.500031 537.911625 234.039431 1.740000 1.650000 4.180000 -3.060000 1.910000 24.660000 1.596543
Car 0.000000 1.000000 1.920000 536.128010 178.761470 595.989176 219.605044 1.640000 1.450000 3.480000 -1.360000 1.910000 31.390000 1.876701
Car 0.000000 2.000000 -1.550000 700.685456 178.207031 754.411309 229.749257 1.610000 1.680000 4.040000 4.650000 1.810000 25.130000 -1.367032
Car 0.000000 0.000000 1.990000 642.080060 178.974382 697.554948 207.748898 1.540000 1.640000 4.080000 4.010000 1.910000 41.720000 2.085823
Truck 0.000000 3.000000 -1.400000 784.522903 147.482754 832.536028 184.422943 3.520000 2.890000 10.810000 21.090000 1.100000 74.250000 -1.123249
DontCare -1.000000 -1.000000 -10.000000 32.810000 198.640000 67.390000 217.690000 -1.000000 -1.000000 -1.000000 -1000.000000 -1000.000000 -1000.000000 -9.214602
DontCare -1.000000 -1.000000 -10.000000 140.840000 191.530000 187.710000 205.410000 -1.000000 -1.000000 -1.000000 -1000.000000 -1000.000000 -1000.000000 -9.214602
DontCare -1.000000 -1.000000 -10.000000 862.750000 157.240000 914.790000 184.060000 -1.000000 -1.000000 -1.000000 -1000.000000 -1000.000000 -1000.000000 -9.214602
DontCare -1.000000 -1.000000 -10.000000 743.730000 161.770000 786.720000 176.300000 -1.000000 -1.000000 -1.000000 -1000.000000 -1000.000000 -1000.000000 -9.214602
