Car 0.000000 0.000000 -1.580000 576.106084 175.627021 628.524417 218.213638 1.360000 1.690000 3.380000 0.240000 1.460000 24.950000 -1.570381
Car 0.000000 0.000000 1.290000 54.968891 187.543908 259.492595 317.029015 1.400000 1.520000 3.760000 -5.940000 1.640000 10.060000 0.756627
Car 0.000000 2.000000 1.050000 168.950380 176.404157 359.301159 277.431096 1.570000 1.640000 3.490000 -5.810000 1.640000 13.020000 0.630280
Car 0.000000 1.000000 0.980000 316.459856 180.556465 440.254214 234.339916 1.380000 1.550000 3.890000 -6.270000 1.620000 20.870000 0.688148
Car 0.000000 0.000000 -1.440000 473.365559 184.367441 548.055156 237.157694 1.300000 1.550000 3.510000 -2.220000 1.650000 20.310000 -1.548874
Car 0.000000 2.000000 -1.460000 506.478137 177.148103 566.529174 221.791769 1.430000 1.620000 3.760000 -2.020000 1.590000 25.380000 -1.539423
Car 0.000000 2.000000 0.840000 412.731598 169.948740 507.834250 208.733289 1.570000 1.670000 4.200000 -6.010000 1.450000 31.140000 0.649345
Car 0.000000 0.000000 -1.800000 697.200137 182.747066 841.941715 289.280627 1.380000 1.550000 3.600000 2.840000 1.560000 11.490000 -1.557685
Truck 0.000000 3.000000 -1.720000 663.574575 97.204713 786.094520 234.594667 3.410000 2.570000 7.870000 3.630000 1.530000 21.860000 -1.555445
Pedestrian 0.000000 2.000000 -3.030000 794.577567 161.825385 829.722573 244.445412 1.780000 0.780000 0.650000 4.980000 1.540000 16.030000 -2.728785
Car 0.000000 1.000000 -1.630000 641.290962 172.900653 678.567999 204.319715 1.450000 1.640000 3.700000 2.880000 1.450000 35.170000 -1.548294
Truck 0.000000 3.000000 -1.610000 621.248569 142.908814 658.751170 192.346501 3.430000 2.550000 8.020000 2.650000 1.350000 54.080000 -1.561038
Car 0.000000 2.000000 -1.560000 580.252031 174.590348 614.957660 206.313186 1.520000 1.670000 3.610000 -0.090000 1.610000 36.580000 -1.562460
Car 0.000000 2.000000 2.090000 160.604529 177.078717 255.622683 218.048431 1.440000 1.520000 3.660000 -14.760000 1.610000 27.590000 1.598764
