Pedestrian 0.000000 0.000000 -1.970000 855.769941 144.189294 914.087497 258.819280 1.670000 0.700000 0.440000 4.560000 1.250000 10.730000 -1.568149
Cyclist 0.000000 0.000000 1.920000 213.654631 179.436399 328.209176 349.203198 1.710000 0.560000 1.680000 -3.300000 1.790000 8.180000 1.536546
Cyclist 0.000000 0.000000 1.810000 386.388705 170.432955 433.575534 262.483960 1.810000 0.510000 1.710000 -3.660000 1.760000 15.040000 1.571289
Car 0.000000 0.000000 -1.830000 688.302131 172.984381 830.481072 286.404985 1.570000 1.540000 3.220000 2.730000 1.570000 11.620000 -1.599245
Car 0.000000 1.000000 -1.720000 654.703068 164.212530 745.003279 248.873182 1.740000 1.600000 3.860000 2.450000 1.560000 16.760000 -1.574847
Car 0.000000 2.000000 -1.680000 643.291890 163.935434 711.498122 229.850797 1.830000 1.690000 4.440000 2.460000 1.580000 22.250000 -1.569885
Car 0.000000 2.000000 -1.640000 640.241009 170.679115 687.954759 215.799457 1.610000 1.620000 3.780000 2.500000 1.530000 27.650000 -1.549829
Pedestrian 0.000000 0.000000 0.620000 611.852075 162.945611 630.298704 195.538713 1.900000 0.420000 1.040000 1.150000 1.320000 42.540000 0.647027
Pedestrian 0.000000 1.000000 0.620000 619.365803 163.773906 636.438569 195.358016 1.870000 0.500000 0.900000 1.570000 1.330000 43.190000 0.656335
Car 0.000000 0.000000 1.660000 522.879393 167.740952 549.025531 193.611844 1.860000 1.570000 3.830000 -4.980000 1.490000 53.790000 1.567681
Pedestrian 0.000000 0.000000 0.010000 576.034438 167.778742 587.933461 189.942256 1.780000 0.530000 0.950000 -1.750000 1.370000 58.220000 -0.020049
Car 0.000000 1.000000 1.740000 445.064974 176.179379 494.944508 213.463961 1.500000 1.460000 3.700000 -5.500000 1.650000 31.210000 1.565565
Car 0.330000 1.000000 2.150000 -167.163470 198.204450 266.988144 393.063022 1.540000 1.700000 4.320000 -5.420000 1.910000 8.430000 1.578603
Car 0.000000 1.000000 1.950000 204.815602 186.626841 376.714085 286.956270 1.540000 1.540000 3.720000 -5.250000 1.830000 13.450000 1.577854
Car 0.000000 2.000000 1.800000 388.874666 175.419966 465.660509 229.371710 1.650000 1.610000 3.730000 -5.520000 1.740000 24.110000 1.574928
