Car 0.000000 0.000000 -1.600000 578.007662 182.488956 649.264852 251.993462 1.560000 1.650000 3.690000 0.570000 1.830000 18.550000 -1.569282
Car 0.000000 0.000000 -1.080000 728.939321 175.045363 897.273150 259.154271 1.540000 1.720000 3.880000 4.870000 1.590000 15.280000 -0.771461
Car 0.000000 1.000000 -0.960000 685.808885 180.166444 776.628208 226.194938 1.520000 1.490000 3.460000 4.920000 1.800000 26.120000 -0.773820
Car 0.000000 2.000000 -0.900000 659.875611 182.067786 738.742002 215.557170 1.390000 1.610000 3.650000 4.590000 1.830000 32.800000 -0.760964
Car 0.000000 1.000000 1.910000 295.500867 189.746152 407.064936 252.451785 1.520000 1.650000 4.100000 -6.770000 2.050000 20.670000 1.593483
Car 0.000000 1.000000 1.770000 479.200589 183.787188 523.937405 216.528728 1.600000 1.600000 3.770000 -5.230000 2.210000 38.480000 1.634913
Car 0.000000 0.000000 1.740000 540.726778 182.150194 572.132073 204.912812 1.610000 1.700000 3.970000 -3.520000 2.340000 54.780000 1.675831
Car 0.000000 1.000000 1.970000 260.691250 191.675647 362.148227 239.361115 1.450000 1.650000 4.630000 -10.160000 2.190000 26.120000 1.599035
Car 0.000000 2.000000 1.900000 335.813778 181.956354 402.353481 226.235186 1.810000 1.590000 3.930000 -10.200000 2.240000 32.290000 1.594032
Car 0.000000 0.000000 1.890000 414.934346 184.621295 465.129126 213.617183 1.560000 1.620000 4.190000 -9.500000 2.290000 42.740000 1.671282
Car 0.000000 2.000000 2.000000 487.262358 185.118962 532.450861 205.577320 1.420000 1.670000 4.530000 -7.120000 2.400000 55.380000 1.872135
Car 0.000000 1.000000 2.230000 106.465267 187.496337 215.931616 236.027597 1.470000 1.480000 3.210000 -14.670000 2.000000 24.550000 1.691379
Car 0.000000 2.000000 2.420000 114.026180 185.822252 221.448615 220.077318 1.470000 1.780000 4.340000 -20.870000 2.140000 35.070000 1.883195
