Car 0.000000 0.000000 -1.580000 581.705419 176.996487 624.107642 217.632698 1.560000 1.650000 3.690000 0.210000 1.740000 29.920000 -1.572981
Car 0.390000 0.000000 2.220000 -137.348013 185.219103 145.997707 288.118899 1.560000 1.700000 4.410000 -10.570000 1.830000 13.680000 1.562153
Car 0.000000 0.000000 -1.200000 795.229254 168.416908 1032.046952 311.022654 1.530000 1.570000 3.540000 4.590000 1.480000 9.520000 -0.750740
Car 0.000000 1.000000 -1.080000 748.617211 173.449181 947.770019 270.644681 1.500000 1.640000 3.990000 4.900000 1.510000 13.090000 -0.721815
Car 0.000000 1.000000 -1.090000 692.639426 177.963063 848.205484 249.172517 1.400000 1.650000 4.180000 4.280000 1.530000 16.590000 -0.837519
Car 0.000000 1.000000 -1.030000 673.875870 171.741558 803.052322 235.816208 1.590000 1.650000 3.940000 4.110000 1.560000 19.910000 -0.826430
Car 0.000000 2.000000 -0.960000 670.449860 175.177248 788.349108 225.249254 1.480000 1.730000 4.060000 4.450000 1.560000 23.550000 -0.773242
Car 0.000000 2.000000 -0.850000 660.423200 172.636694 764.057489 219.212220 1.630000 1.610000 3.960000 4.380000 1.620000 27.130000 -0.689936
Car 0.000000 0.000000 1.700000 518.231739 180.057915 540.889021 196.900539 1.380000 1.470000 3.620000 -6.430000 2.020000 62.510000 1.597497
Car 0.000000 2.000000 -0.870000 636.322388 175.031906 690.484607 195.498277 1.400000 1.630000 4.050000 4.370000 1.560000 51.790000 -0.785820
Van 0.000000 2.000000 -0.900000 630.394557 171.187446 677.643546 192.413835 1.880000 1.820000 4.640000 4.590000 1.730000 66.230000 -0.830807
Car 0.000000 0.000000 1.740000 484.840122 176.845110 509.493440 194.309430 1.670000 1.680000 4.490000 -10.750000 2.080000 72.290000 1.592375
DontCare -1.000000 -1.000000 -10.000000 465.570000 175.360000 483.980000 190.530000 -1.000000 -1.000000 -1.000000 -1000.000000 -1000.000000 -1000.000000 -9.214602
DontCare -1.000000 -1.000000 -10.000000 553.550000 174.060000 580.370000 189.230000 -1.000000 -1.000000 -1.000000 -1000.000000 -1000.000000 -1000.000000 -9.214602
