Car 0.000000 0.000000 -1.570000 527.879286 172.972657 637.395002 276.641008 1.560000 1.650000 3.690000 0.080000 1.560000 12.710000 -1.563706
Car 0.930000 0.000000 -1.510000 1015.400615 180.360424 1561.216454 649.822366 1.450000 1.620000 3.880000 4.480000 1.510000 4.140000 -0.685179
Car 0.000000 0.000000 -1.180000 789.273860 156.453432 1144.774600 354.383523 1.540000 1.730000 4.040000 4.340000 1.410000 7.530000 -0.657143
Car 0.000000 2.000000 -1.150000 766.619575 175.203053 980.253761 283.407752 1.380000 1.560000 3.800000 4.660000 1.420000 11.150000 -0.754127
Car 0.530000 1.000000 2.100000 -177.147599 170.915847 113.513782 281.145787 1.570000 1.710000 4.320000 -10.220000 1.540000 12.540000 1.416184
Van 0.000000 0.000000 1.680000 512.941643 170.548634 543.983938 195.371204 2.020000 1.990000 5.560000 -6.380000 1.830000 61.500000 1.576630
Pedestrian 0.000000 0.000000 -0.780000 717.009879 167.022257 749.651141 218.002015 1.640000 0.630000 0.860000 4.540000 1.450000 23.710000 -0.590810
Pedestrian 0.000000 2.000000 2.660000 968.215179 161.547204 983.891633 209.407494 1.810000 0.510000 0.340000 14.460000 1.380000 27.540000 3.143490
Pedestrian 0.000000 2.000000 2.150000 952.979209 171.038751 962.598584 204.514978 1.800000 0.430000 0.200000 19.310000 1.700000 39.030000 2.609437
DontCare -1.000000 -1.000000 -10.000000 468.160000 174.710000 495.620000 197.000000 -1.000000 -1.000000 -1.000000 -1000.000000 -1000.000000 -1000.000000 -9.214602
