Car 0.000000 0.000000 -1.270000 561.381866 176.751820 627.429345 212.434224 1.350000 1.600000 3.860000 -0.080000 1.520000 29.830000 -1.272682
Car 0.000000 0.000000 -1.410000 708.325522 169.263381 741.277503 192.769112 1.490000 1.530000 3.800000 8.140000 1.260000 47.780000 -1.241256
Van 0.000000 0.000000 -1.350000 618.524170 150.948487 706.083759 214.442283 2.080000 2.050000 4.960000 2.520000 1.360000 26.310000 -1.254510
Car 0.830000 0.000000 -0.450000 -540.111227 204.237105 129.265777 413.048482 1.320000 1.480000 4.440000 -7.270000 1.750000 7.600000 -1.213209
Car 0.000000 1.000000 2.420000 -17.915054 183.584576 189.232360 266.342813 1.640000 1.430000 3.920000 -11.560000 1.920000 16.910000 1.820353
Van 0.000000 1.000000 1.820000 471.805614 166.386668 524.957196 205.779323 2.300000 1.870000 5.700000 -6.370000 1.920000 45.060000 1.679564
Car 0.000000 1.000000 1.950000 407.241588 180.712350 464.080188 213.315491 1.440000 1.540000 3.150000 -7.750000 1.830000 34.350000 1.728097
Truck 0.000000 2.000000 1.630000 535.978383 150.548399 573.086027 195.436409 4.020000 2.600000 16.790000 -4.880000 2.020000 73.020000 1.563268
Car 0.000000 2.000000 -1.390000 665.242837 171.650859 698.502475 194.750902 1.490000 1.560000 3.650000 5.370000 1.410000 48.510000 -1.279750
DontCare -1.000000 -1.000000 -10.000000 300.620000 175.360000 359.780000 207.350000 -1.000000 -1.000000 -1.000000 -1000.000000 -1000.000000 -1000.000000 -9.214602
DontCare -1.000000 -1.000000 -10.000000 212.000000 192.180000 272.450000 217.060000 -1.000000 -1.000000 -1.000000 -1000.000000 -1000.000000 -1000.000000 -9.214602
DontCare -1.000000 -1.000000 -10.000000 789.010000 148.190000 1239.530000 173.060000 -1.000000 -1.000000 -1.000000 -1000.000000 -1000.000000 -1000.000000 -9.214602
