Car 0.000000 1.000000 -1.190000 499.638770 181.567452 584.670903 224.817785 1.350000 1.600000 3.860000 -1.810000 1.680000 25.440000 -1.261028
Car 0.000000 0.000000 -1.330000 679.020087 175.095339 722.643653 203.240341 1.490000 1.530000 3.800000 5.650000 1.620000 40.570000 -1.191625
Van 0.000000 0.000000 -1.200000 492.820631 152.077161 642.522269 246.516301 2.080000 2.050000 4.960000 -0.400000 1.620000 18.570000 -1.221537
Car 0.000000 1.000000 2.220000 236.193462 183.408998 352.571637 239.228053 1.640000 1.430000 3.920000 -9.900000 2.020000 24.060000 1.829644
Van 0.000000 2.000000 1.780000 506.915819 170.427041 549.118192 203.731569 2.300000 1.870000 5.700000 -5.410000 2.130000 52.760000 1.677817
Car 0.000000 1.000000 1.810000 463.798892 184.495745 504.158865 211.656795 1.440000 1.540000 3.150000 -6.670000 2.130000 41.280000 1.649805
Car 0.000000 1.000000 -1.340000 654.748768 175.288936 692.245174 199.850667 1.490000 1.560000 3.650000 4.600000 1.650000 46.140000 -1.240632
DontCare -1.000000 -1.000000 -10.000000 790.300000 156.600000 1240.000000 176.300000 -1.000000 -1.000000 -1.000000 -1000.000000 -1000.000000 -1000.000000 -9.214602
DontCare -1.000000 -1.000000 -10.000000 91.030000 197.350000 145.660000 224.810000 -1.000000 -1.000000 -1.000000 -1000.000000 -1000.000000 -1000.000000 -9.214602
DontCare -1.000000 -1.000000 -10.000000 733.380000 171.480000 744.020000 187.950000 -1.000000 -1.000000 -1.000000 -1000.000000 -1000.000000 -1000.000000 -9.214602
