Car 0.600000 3.000000 2.130000 -264.055937 185.585900 399.510836 540.477963 1.540000 1.640000 4.080000 -2.680000 1.670000 5.390000 1.668581
Car 1.000000 0.000000 -2.850000 1170.180000 225.900000 1241.000000 374.000000 1.460000 1.570000 3.580000 2.420000 1.600000 0.390000 -1.438987
Car 0.660000 0.000000 -2.050000 787.370878 178.566275 1334.826123 551.912155 1.580000 1.670000 3.430000 2.850000 1.630000 4.860000 -1.519626
Car 0.950000 1.000000 -2.650000 1194.899018 121.377237 1518.473152 238.658879 1.840000 1.940000 3.680000 13.960000 1.030000 13.350000 -1.842269
Van 0.480000 1.000000 -2.510000 1056.505904 129.907800 1338.389788 259.201776 2.040000 1.720000 3.790000 11.100000 1.360000 13.430000 -1.819303
Van 0.000000 2.000000 -2.290000 914.620725 129.632874 1157.633227 244.871858 1.860000 1.750000 4.110000 8.330000 1.160000 13.820000 -1.747561
Car 0.000000 2.000000 1.810000 331.523154 180.104110 464.163332 268.747104 1.510000 1.610000 3.570000 -3.580000 1.670000 14.370000 1.565840
Car 0.000000 1.000000 1.810000 411.936880 178.264423 512.002217 241.835832 1.500000 1.600000 4.170000 -3.380000 1.660000 19.520000 1.638544
Car 0.000000 2.000000 2.040000 899.459023 158.694003 1004.694213 215.320080 1.710000 1.620000 3.560000 11.660000 1.280000 23.500000 2.500579
Car 0.000000 1.000000 2.140000 826.536341 164.551590 923.370030 211.709385 1.520000 1.580000 3.280000 9.640000 1.250000 24.860000 2.509920
Car 0.000000 1.000000 2.210000 797.209441 164.057112 879.091270 206.988349 1.550000 1.470000 2.970000 9.200000 1.230000 27.500000 2.532841
Car 0.000000 2.000000 2.320000 781.022103 167.980508 865.385919 206.207837 1.550000 1.430000 3.490000 9.590000 1.350000 30.740000 2.622403
Car 0.000000 0.000000 -1.690000 664.999563 176.008262 723.067277 223.933624 1.580000 1.680000 3.930000 3.440000 1.700000 26.020000 -1.558556
Car 0.000000 1.000000 1.780000 500.662479 174.228319 557.329572 214.249972 1.580000 1.540000 3.980000 -2.880000 1.640000 30.690000 1.686432
Van 0.000000 2.000000 1.710000 523.725644 165.948651 572.204446 207.683637 1.980000 1.790000 4.390000 -2.570000 1.650000 36.480000 1.639667
Car 0.000000 2.000000 3.000000 718.240531 163.585850 781.563964 191.507618 1.710000 1.670000 3.700000 9.210000 1.140000 45.130000 3.201313
Truck 0.000000 3.000000 -1.490000 619.736873 144.267285 667.937815 192.700570 3.520000 2.890000 10.810000 3.400000 1.440000 57.990000 -1.431436
DontCare -1.000000 -1.000000 -10.000000 584.600000 172.120000 592.010000 197.000000 -1.000000 -1.000000 -1.000000 -1000.000000 -1000.000000 -1000.000000 -9.214602
