Car 1.000000 0.000000 -2.800000 1073.820000 211.290000 1241.000000 374.000000 1.440000 1.690000 4.450000 2.810000 1.570000 0.800000 -1.506563
Car 0.070000 0.000000 -1.810000 780.637739 182.661653 1054.271302 392.750344 1.420000 1.660000 3.710000 3.100000 1.540000 7.030000 -1.394683
Van 0.950000 3.000000 -2.250000 -733.176262 99.933856 6.505357 324.474260 2.610000 2.210000 6.750000 -11.760000 1.760000 9.490000 -3.141818
Car 0.670000 3.000000 0.750000 -187.964090 187.530136 62.023233 251.303503 1.460000 1.770000 4.590000 -16.040000 1.840000 17.870000 0.018516
Car 0.000000 2.000000 -1.500000 775.129606 153.380503 914.969979 276.139877 1.750000 1.840000 4.430000 4.770000 1.470000 12.680000 -1.140193
Van 0.000000 0.000000 -1.610000 565.216053 161.955896 608.971696 210.164125 1.980000 1.800000 4.540000 -0.580000 1.530000 31.950000 -1.628151
Van 0.000000 2.000000 -0.450000 809.059444 132.822579 1011.031632 207.937705 2.660000 2.130000 6.640000 11.490000 1.240000 26.760000 -0.044432
Car 0.000000 0.000000 -1.380000 395.206443 176.720083 457.072861 213.757582 1.480000 1.710000 4.650000 -7.480000 1.660000 31.680000 -1.611865
Car 0.000000 0.000000 -1.260000 317.261456 164.087242 390.966878 214.098245 2.040000 1.660000 4.620000 -10.650000 1.680000 31.750000 -1.583639
Car 0.000000 0.000000 -1.530000 500.557226 168.929861 535.661399 197.128929 1.420000 1.640000 3.950000 -4.340000 1.220000 38.360000 -1.642660
Car 0.000000 0.000000 -1.820000 699.876021 167.507491 760.404853 202.977832 1.510000 1.720000 4.500000 5.900000 1.280000 33.020000 -1.643186
Van 0.000000 0.000000 1.460000 636.670330 148.726408 668.311035 183.147815 2.750000 2.040000 6.050000 4.020000 0.820000 60.710000 1.526120
Car 0.000000 1.000000 -1.860000 746.153225 166.466347 809.668419 204.202517 1.640000 1.730000 4.430000 8.220000 1.360000 33.610000 -1.620138
Truck 0.000000 1.000000 1.540000 596.301116 137.115069 626.845687 185.123702 3.570000 2.250000 7.970000 0.550000 0.910000 57.660000 1.549538
Misc 0.000000 1.000000 1.970000 234.357106 190.830296 347.461524 217.774542 0.930000 2.390000 5.820000 -13.300000 1.790000 31.700000 1.572747
Car 0.000000 1.000000 -1.110000 180.480879 177.549167 272.922747 215.819745 1.530000 1.610000 4.730000 -16.250000 1.750000 31.800000 -1.582414
Car 0.000000 1.000000 -1.080000 82.707926 181.279177 165.964920 215.962640 1.400000 1.560000 3.480000 -20.810000 1.790000 31.800000 -1.659464
Misc 0.000000 1.000000 2.030000 133.130125 181.638883 203.748007 214.407384 1.340000 1.600000 2.680000 -18.810000 1.740000 31.650000 1.493773
Misc 0.000000 2.000000 2.070000 104.151214 166.792544 149.812397 202.016838 2.020000 1.310000 2.250000 -27.950000 1.670000 42.550000 1.488807
