Pedestrian 0.000000 0.000000 0.310000 339.682786 169.306055 376.255646 247.940970 1.720000 0.740000 0.560000 -5.150000 1.640000 16.150000 0.001308
Cyclist 0.030000 1.000000 2.880000 1032.164682 162.017849 1205.854985 279.478900 1.600000 0.880000 1.930000 7.860000 1.450000 10.590000 3.518497
Car 0.000000 1.000000 2.290000 336.911355 173.222904 472.000609 231.064574 1.590000 1.640000 4.080000 -5.660000 1.600000 22.050000 2.038735
Car 0.000000 0.000000 2.610000 649.538671 172.196895 759.713139 206.950441 1.460000 1.640000 4.630000 4.690000 1.430000 31.940000 2.755796
Van 0.000000 1.000000 2.870000 925.229078 158.518103 1027.945108 199.663782 1.830000 1.710000 3.920000 17.340000 1.190000 33.330000 3.349718
Car 0.000000 2.000000 -1.200000 653.177035 172.723724 698.702368 198.247849 1.490000 1.590000 3.460000 4.560000 1.480000 44.020000 -1.096779
Car 0.000000 2.000000 -0.390000 331.976860 177.741052 425.349435 213.525150 1.500000 1.620000 3.670000 -9.900000 1.730000 32.520000 -0.685514
Car 0.000000 0.000000 1.810000 558.113824 176.020965 585.237980 194.338528 1.450000 1.300000 4.040000 -2.640000 1.720000 59.950000 1.765992
Car 0.000000 0.000000 1.920000 515.579474 176.931496 547.308387 195.729932 1.500000 1.440000 3.690000 -6.030000 1.850000 60.390000 1.820479
DontCare -1.000000 -1.000000 -10.000000 584.600000 156.600000 656.050000 187.300000 -1.000000 -1.000000 -1.000000 -1000.000000 -1000.000000 -1000.000000 -9.214602
DontCare -1.000000 -1.000000 -10.000000 8.880000 179.880000 49.280000 208.640000 -1.000000 -1.000000 -1.000000 -1000.000000 -1000.000000 -1000.000000 -9.214602
