Cyclist 0.000000 3.000000 -1.650000 27.784725 168.399081 49.570618 207.393314 1.860000 0.710000 1.760000 -27.210000 1.280000 34.610000 -2.316263
Pedestrian 0.000000 0.000000 -1.910000 269.702205 164.182115 334.125322 293.264473 1.720000 0.570000 0.990000 -3.800000 1.500000 9.980000 -2.273812
Pedestrian 0.000000 0.000000 -1.920000 210.736924 150.990759 286.136026 299.539079 1.900000 0.610000 1.110000 -4.390000 1.520000 9.650000 -2.346940
Pedestrian 0.000000 0.000000 1.070000 361.211897 156.987493 460.074805 320.466254 1.790000 0.790000 0.960000 -1.820000 1.530000 8.360000 0.855641
Cyclist 0.000000 3.000000 1.860000 1029.976359 165.630436 1107.211883 272.103072 1.700000 0.600000 1.700000 8.410000 1.460000 12.050000 2.469332
Pedestrian 0.000000 1.000000 1.320000 750.589401 165.072152 767.349807 206.089997 1.960000 0.690000 0.500000 7.930000 1.220000 34.040000 1.548879
Pedestrian 0.000000 1.000000 -2.090000 765.858225 170.210065 785.440544 205.788157 1.650000 0.580000 0.800000 8.540000 1.170000 33.250000 -1.838592
Cyclist 0.000000 1.000000 -0.520000 1002.615944 170.960037 1051.957845 213.829518 1.830000 0.690000 1.710000 18.750000 1.420000 30.550000 0.030467
Pedestrian 0.000000 1.000000 0.090000 1160.356891 165.932315 1184.831333 210.599934 1.770000 0.730000 0.700000 23.410000 1.190000 28.520000 0.777312
Pedestrian 0.490000 1.000000 3.050000 1193.562154 170.717032 1224.661186 216.355931 1.760000 0.770000 0.870000 24.280000 1.380000 27.830000 3.767378
DontCare -1.000000 -1.000000 -10.000000 199.990000 170.470000 211.740000 194.330000 -1.000000 -1.000000 -1.000000 -1000.000000 -1000.000000 -1000.000000 -9.214602
DontCare -1.000000 -1.000000 -10.000000 935.030000 167.920000 951.880000 210.910000 -1.000000 -1.000000 -1.000000 -1000.000000 -1000.000000 -1000.000000 -9.214602
