Car 0.930000 0.000000 2.360000 -1055.339089 175.671787 138.248964 705.747147 1.640000 1.450000 3.480000 -4.000000 1.660000 3.990000 1.573350
Car 0.840000 0.000000 -2.080000 808.189451 141.298801 1679.998912 688.800495 1.520000 1.580000 4.280000 2.840000 1.430000 4.200000 -1.485433
Car 0.000000 0.000000 1.910000 472.177844 174.623964 618.193065 261.342698 1.540000 1.640000 4.080000 -0.700000 1.580000 15.090000 1.863645
Car 0.000000 1.000000 -1.710000 777.694908 179.409735 938.335960 324.464893 1.460000 1.570000 3.580000 3.480000 1.560000 9.350000 -1.353693
Car 0.000000 2.000000 -1.710000 782.078530 170.001410 894.466478 264.678210 1.580000 1.670000 3.430000 4.730000 1.530000 13.880000 -1.381564
Car 0.430000 1.000000 -2.410000 1113.646665 139.141395 1299.277865 211.472119 1.840000 1.940000 3.680000 17.060000 0.980000 20.310000 -1.711352
Van 0.000000 1.000000 -2.250000 1020.131105 133.027927 1175.538349 211.328616 2.040000 1.720000 3.790000 14.320000 1.000000 20.750000 -1.645935
Van 0.000000 1.000000 -2.080000 921.874738 145.225385 1054.048752 213.963853 1.860000 1.750000 4.110000 11.610000 1.110000 21.590000 -1.586611
Car 0.000000 2.000000 1.780000 590.707672 170.509054 652.586006 210.659926 1.500000 1.600000 4.170000 1.040000 1.410000 29.170000 1.815638
Car 0.000000 1.000000 -1.640000 767.212739 166.663628 808.311178 201.896373 1.580000 1.680000 3.930000 8.920000 1.300000 34.440000 -1.386568
Car 0.000000 1.000000 1.770000 643.129589 167.221806 685.254196 197.123405 1.580000 1.540000 3.980000 3.570000 1.280000 40.250000 1.858464
Truck 0.000000 3.000000 -1.480000 737.700853 140.099369 783.004511 183.320273 3.520000 2.890000 10.810000 14.070000 0.850000 64.350000 -1.264740
DontCare -1.000000 -1.000000 -10.000000 671.930000 157.240000 716.860000 184.700000 -1.000000 -1.000000 -1.000000 -1000.000000 -1000.000000 -1000.000000 -9.214602
DontCare -1.000000 -1.000000 -10.000000 371.130000 174.710000 498.210000 197.640000 -1.000000 -1.000000 -1.000000 -1000.000000 -1000.000000 -1000.000000 -9.214602
DontCare -1.000000 -1.000000 -10.000000 210.060000 182.470000 264.040000 206.050000 -1.000000 -1.000000 -1.000000 -1000.000000 -1000.000000 -1000.000000 -9.214602
DontCare -1.000000 -1.000000 -10.000000 318.730000 181.830000 359.780000 192.470000 -1.000000 -1.000000 -1.000000 -1000.000000 -1000.000000 -1000.000000 -9.214602
