Pedestrian 0.290000 0.000000 0.380000 766.516157 132.766615 956.016727 464.507359 1.720000 0.490000 0.930000 1.970000 1.470000 4.170000 0.821343
Pedestrian 0.320000 0.000000 0.520000 667.267663 109.124991 855.208821 487.688428 1.790000 0.650000 0.760000 1.320000 1.450000 3.840000 0.851096
Pedestrian 0.000000 0.000000 -2.590000 254.905546 150.619293 374.938290 327.237271 1.640000 0.560000 0.940000 -2.350000 1.360000 6.940000 -2.916498
Pedestrian 0.000000 0.000000 1.190000 563.143644 143.144743 599.300559 235.788258 1.680000 0.450000 0.750000 0.040000 1.000000 13.250000 1.193019
Pedestrian 0.000000 0.000000 1.450000 511.317851 132.439943 539.719647 213.414705 1.950000 0.630000 0.740000 -1.470000 0.790000 17.450000 1.365958
Pedestrian 0.000000 0.000000 1.370000 543.056455 142.958897 570.764471 213.708309 1.710000 0.600000 0.520000 -0.690000 0.800000 17.410000 1.330388
Pedestrian 0.000000 0.000000 1.270000 598.319435 147.155831 623.531012 212.823137 1.590000 0.460000 0.670000 0.640000 0.780000 17.500000 1.306555
Cyclist 0.000000 0.000000 2.410000 457.400606 143.989204 494.143128 188.190487 1.740000 0.570000 1.440000 -4.700000 0.300000 28.570000 2.246952
DontCare -1.000000 -1.000000 -10.000000 1014.700000 122.660000 1039.200000 137.600000 -1.000000 -1.000000 -1.000000 -1000.000000 -1000.000000 -1000.000000 -9.214602
DontCare -1.000000 -1.000000 -10.000000 1045.300000 122.020000 1141.200000 135.040000 -1.000000 -1.000000 -1.000000 -1000.000000 -1000.000000 -1000.000000 -9.214602
DontCare -1.000000 -1.000000 -10.000000 425.030000 141.150000 454.630000 187.320000 -1.000000 -1.000000 -1.000000 -1000.000000 -1000.000000 -1000.000000 -9.214602
DontCare -1.000000 -1.000000 -10.000000 236.970000 142.420000 322.670000 214.090000 -1.000000 -1.000000 -1.000000 -1000.000000 -1000.000000 -1000.000000 -9.214602
