Pedestrian 0.000000 0.000000 2.640000 828.123117 135.295203 918.137453 352.886803 1.840000 0.720000 0.500000 2.820000 1.520000 6.480000 3.050466
Pedestrian 0.080000 0.000000 -0.910000 -48.796563 169.949088 49.030450 301.270647 1.700000 0.450000 1.060000 -7.830000 1.660000 9.870000 -1.580650
Pedestrian 0.000000 0.000000 0.680000 3.036442 162.082023 94.986523 314.031818 1.800000 0.700000 0.580000 -6.430000 1.670000 8.910000 0.054884
Person_sitting 0.000000 2.000000 2.710000 869.512520 193.166000 971.395737 296.069268 1.290000 0.510000 1.110000 4.510000 1.560000 9.410000 3.156932
Cyclist 0.000000 0.000000 1.870000 379.523004 164.112769 423.878618 241.165103 1.830000 0.540000 1.730000 -4.690000 1.620000 18.010000 1.615247
Van 0.000000 0.000000 -1.290000 490.924928 152.701786 570.494979 213.335521 2.460000 2.030000 5.350000 -2.900000 1.640000 32.090000 -1.380126
Person_sitting 0.000000 1.000000 0.620000 120.987910 186.866357 173.809370 245.861918 1.330000 0.630000 0.820000 -10.260000 1.660000 16.770000 0.070944
Person_sitting 0.000000 1.000000 0.630000 149.395121 185.781472 209.840423 241.567657 1.330000 0.510000 1.210000 -10.050000 1.650000 17.670000 0.112867
Pedestrian 0.000000 0.000000 -2.510000 164.334144 172.523329 200.146320 245.570624 1.680000 0.520000 0.510000 -9.520000 1.670000 16.880000 -3.023514
Pedestrian 0.000000 1.000000 1.060000 865.372033 147.977173 946.158068 315.552184 1.870000 0.580000 0.800000 3.930000 1.590000 8.470000 1.494427
Pedestrian 0.000000 0.000000 1.100000 799.055189 197.910128 844.826464 292.180277 1.180000 0.360000 0.610000 3.270000 1.520000 9.530000 1.430539
Pedestrian 0.000000 0.000000 1.280000 824.173506 197.202924 866.271268 291.784622 1.180000 0.380000 0.650000 3.570000 1.510000 9.510000 1.639116
Cyclist 0.000000 0.000000 -0.770000 588.986050 169.246330 631.296018 213.729628 1.820000 0.590000 1.890000 0.510000 1.670000 30.380000 -0.753214
Car 0.000000 2.000000 -2.730000 421.568614 176.671216 491.511617 200.819490 1.440000 1.620000 3.910000 -8.970000 1.680000 44.610000 -2.928430
DontCare -1.000000 -1.000000 -10.000000 783.190000 175.360000 819.060000 210.590000 -1.000000 -1.000000 -1.000000 -1000.000000 -1000.000000 -1000.000000 -9.214602
DontCare -1.000000 -1.000000 -10.000000 303.210000 179.880000 335.200000 228.040000 -1.000000 -1.000000 -1.000000 -1000.000000 -1000.000000 -1000.000000 -9.214602
DontCare -1.000000 -1.000000 -10.000000 770.900000 166.950000 781.540000 187.940000 -1.000000 -1.000000 -1.000000 -1000.000000 -1000.000000 -1000.000000 -9.214602
