Car 0.000000 0.000000 -1.600000 570.256516 181.882308 650.518486 248.481272 1.360000 1.690000 3.380000 0.490000 1.590000 16.880000 -1.570980
Car 0.000000 1.000000 1.990000 241.110227 177.383055 334.181631 223.667434 1.590000 1.720000 3.860000 -11.500000 1.770000 27.110000 1.588809
Cyclist 0.000000 3.000000 2.860000 809.730177 174.920784 902.439957 245.133650 1.680000 0.860000 2.010000 6.520000 1.730000 17.790000 3.211296
Van 0.000000 3.000000 -1.660000 659.684369 157.885041 720.176275 221.658899 2.120000 1.860000 4.410000 3.300000 1.620000 26.220000 -1.534800
Pedestrian 0.000000 2.000000 0.030000 462.385827 168.091612 487.854579 237.882472 1.870000 0.640000 0.650000 -3.190000 1.740000 19.690000 -0.130616
Van 0.000000 3.000000 1.870000 365.676145 171.170565 417.965234 204.030250 1.710000 1.560000 4.120000 -11.410000 1.620000 39.620000 1.589601
Car 0.000000 1.000000 -2.240000 425.529210 174.344198 516.330210 217.719010 1.590000 1.630000 3.640000 -5.020000 1.650000 28.390000 -2.415014
Car 0.000000 2.000000 -2.390000 456.367367 179.820804 542.010335 211.149951 1.390000 1.610000 4.090000 -4.860000 1.740000 34.660000 -2.529311
Car 0.000000 2.000000 -2.410000 490.788127 175.863335 554.199583 202.906331 1.500000 1.570000 3.540000 -4.620000 1.680000 42.060000 -2.519404
Car 0.000000 2.000000 -2.330000 522.533028 175.024695 569.395478 193.965107 1.400000 1.600000 3.550000 -4.440000 1.570000 55.520000 -2.409801
Car 0.000000 2.000000 -1.550000 566.622029 178.244627 611.196157 218.867516 1.520000 1.670000 3.610000 -0.310000 1.750000 29.290000 -1.560583
Car 0.000000 0.000000 1.930000 346.261770 172.411425 397.569047 195.979047 1.470000 1.770000 4.250000 -14.990000 1.440000 47.170000 1.622306
DontCare -1.000000 -1.000000 -10.000000 738.550000 159.180000 791.890000 179.530000 -1.000000 -1.000000 -1.000000 -1000.000000 -1000.000000 -1000.000000 -9.214602
DontCare -1.000000 -1.000000 -10.000000 565.190000 163.710000 590.710000 169.830000 -1.000000 -1.000000 -1.000000 -1000.000000 -1000.000000 -1000.000000 -9.214602
DontCare -1.000000 -1.000000 -10.000000 629.880000 163.070000 663.810000 177.590000 -1.000000 -1.000000 -1.000000 -1000.000000 -1000.000000 -1000.000000 -9.214602
