Van 0.000000 0.000000 -1.210000 363.102980 140.989063 507.696872 243.108958 2.460000 2.030000 5.350000 -4.150000 1.690000 20.180000 -1.412821
Cyclist 0.000000 0.000000 -1.080000 635.762096 170.379649 679.909151 228.408338 1.820000 0.590000 1.890000 2.070000 1.740000 23.580000 -0.992438
Pedestrian 0.000000 0.000000 2.490000 1054.038170 161.194573 1108.361222 259.730744 1.670000 0.500000 0.610000 8.630000 1.470000 12.490000 3.094628
Pedestrian 0.000000 0.000000 -2.030000 938.778475 162.450691 984.586010 243.246582 1.690000 0.590000 0.830000 8.030000 1.470000 15.510000 -1.552269
Person_sitting 0.000000 0.000000 2.770000 838.751665 179.307147 897.785628 238.013454 1.340000 0.510000 1.190000 6.480000 1.490000 16.780000 3.138531
Person_sitting 0.000000 0.000000 2.820000 824.696254 182.302148 883.931390 233.164588 1.260000 0.500000 1.330000 6.650000 1.500000 18.240000 3.169607
Car 0.000000 1.000000 -2.650000 303.608669 180.617521 402.508855 214.212249 1.440000 1.620000 3.910000 -11.070000 1.800000 32.560000 -2.977727
DontCare -1.000000 -1.000000 -10.000000 255.340000 157.240000 285.390000 218.340000 -1.000000 -1.000000 -1.000000 -1000.000000 -1000.000000 -1000.000000 -9.214602
DontCare -1.000000 -1.000000 -10.000000 94.910000 177.300000 169.600000 215.110000 -1.000000 -1.000000 -1.000000 -1000.000000 -1000.000000 -1000.000000 -9.214602
DontCare -1.000000 -1.000000 -10.000000 8.230000 176.000000 24.700000 219.630000 -1.000000 -1.000000 -1.000000 -1000.000000 -1000.000000 -1000.000000 -9.214602
