Car 0.000000 0.000000 -1.600000 576.503531 182.165068 655.413928 259.084208 1.560000 1.650000 3.690000 0.620000 1.800000 16.930000 -1.563395
Car 0.000000 0.000000 -1.040000 714.522448 175.859651 861.283504 246.730174 1.540000 1.720000 3.880000 4.950000 1.620000 17.810000 -0.768908
Car 0.000000 1.000000 -0.950000 681.423889 180.757205 764.623001 222.616851 1.520000 1.490000 3.460000 5.010000 1.850000 28.600000 -0.776585
Car 0.000000 2.000000 -0.890000 659.442919 182.215469 732.928178 213.176760 1.390000 1.610000 3.650000 4.750000 1.870000 35.340000 -0.756392
Car 0.630000 0.000000 2.270000 -207.830896 205.771676 100.246605 312.624947 1.340000 1.570000 4.010000 -10.400000 1.990000 12.290000 1.567707
Car 0.000000 1.000000 1.830000 410.551894 186.322245 476.987149 227.364980 1.520000 1.650000 4.100000 -6.370000 2.120000 30.180000 1.621986
Car 0.000000 1.000000 1.780000 516.690157 182.337194 552.965572 208.410360 1.600000 1.600000 3.770000 -4.420000 2.250000 47.670000 1.687544
Car 0.000000 0.000000 1.710000 565.534635 180.774883 591.182022 200.138430 1.610000 1.700000 3.970000 -2.250000 2.330000 63.740000 1.674715
Car 0.000000 0.000000 1.940000 297.302874 190.806914 385.250618 233.680684 1.450000 1.650000 4.630000 -10.060000 2.220000 28.700000 1.602860
Car 0.000000 1.000000 1.880000 360.073822 182.103831 419.734338 222.946202 1.810000 1.590000 3.930000 -10.060000 2.280000 34.860000 1.599050
Car 0.000000 2.000000 1.890000 429.586159 183.664552 476.647452 210.810344 1.560000 1.620000 4.190000 -9.300000 2.270000 45.370000 1.687819
Car 0.000000 1.000000 1.990000 495.817142 185.064804 538.460209 204.554227 1.420000 1.670000 4.530000 -6.900000 2.440000 58.000000 1.871591
Car 0.000000 1.000000 2.190000 160.599436 187.435528 254.844589 231.049124 1.470000 1.480000 3.210000 -14.540000 2.050000 27.130000 1.698017
Car 0.000000 2.000000 2.390000 155.660032 186.034823 252.256552 217.727563 1.470000 1.780000 4.340000 -20.630000 2.200000 37.750000 1.889856
