Car 0.000000 0.000000 2.690000 739.605106 153.219031 1027.250660 253.835115 1.730000 1.740000 4.710000 5.430000 1.390000 13.430000 3.074224
Car 0.110000 0.000000 -0.710000 1101.899497 146.698524 1242.654538 187.515559 1.510000 1.640000 4.170000 21.920000 0.540000 27.590000 -0.038627
Car 0.000000 2.000000 -0.670000 1064.176291 150.322329 1197.077092 188.056959 1.520000 1.600000 4.420000 22.030000 0.610000 29.940000 -0.035646
Car 0.000000 2.000000 -0.600000 1026.592650 150.504222 1155.941191 187.540284 1.620000 1.770000 4.640000 22.060000 0.640000 32.450000 -0.002950
Car 0.000000 0.000000 1.700000 382.677103 181.549812 460.033179 238.297265 1.580000 1.760000 4.180000 -5.390000 1.880000 22.920000 1.469031
Car 0.000000 0.000000 1.670000 481.729881 178.473405 544.952257 226.399506 1.650000 1.880000 4.450000 -3.110000 1.880000 27.600000 1.557792
Car 0.000000 1.000000 -0.280000 761.462932 152.410873 879.831629 196.669896 1.900000 1.780000 4.720000 9.730000 1.020000 31.900000 0.016052
Car 0.000000 2.000000 -2.020000 903.989444 153.436610 961.338097 186.174655 1.800000 1.650000 3.550000 18.970000 0.730000 41.460000 -1.590886
Van 0.000000 2.000000 -1.990000 1007.561868 142.897692 1074.358109 181.261140 2.110000 1.750000 4.310000 25.440000 0.460000 41.930000 -1.444650
Car 0.000000 2.000000 -2.070000 939.855870 154.825450 1004.315678 184.463253 1.640000 1.700000 3.910000 21.440000 0.640000 41.900000 -1.597041
Car 0.000000 1.000000 1.770000 421.521033 182.991145 488.245490 226.143702 1.550000 1.710000 4.500000 -5.690000 1.990000 29.230000 1.577741
Car 0.000000 1.000000 1.430000 632.349971 175.223643 672.365433 203.390777 1.500000 1.710000 4.440000 2.850000 1.640000 41.080000 1.499266
Car 0.000000 0.000000 -1.470000 585.440250 178.715070 614.476562 201.713370 1.580000 1.710000 3.750000 -0.190000 2.020000 52.510000 -1.473618
DontCare -1.000000 -1.000000 -10.000000 560.020000 174.060000 582.310000 184.700000 -1.000000 -1.000000 -1.000000 -1000.000000 -1000.000000 -1000.000000 -9.214602
