Van 0.000000 0.000000 -1.580000 408.868942 173.595345 445.730690 213.202756 2.000000 1.820000 4.430000 -9.340000 2.040000 38.890000 -1.815701
Cyclist 0.000000 0.000000 -1.730000 489.541906 177.438397 545.280688 277.757391 1.740000 0.820000 1.790000 -1.290000 1.830000 13.570000 -1.824778
Car 0.000000 0.000000 -1.450000 687.870990 181.414513 869.124309 329.248383 1.510000 1.690000 4.040000 2.960000 1.650000 9.810000 -1.156954
Car 0.000000 0.000000 -1.900000 572.168958 185.203483 713.031909 279.596081 1.460000 1.580000 3.930000 0.940000 1.730000 13.810000 -1.832038
Car 0.000000 1.000000 1.830000 125.106163 198.914347 277.847511 291.262479 1.500000 1.680000 4.030000 -7.830000 2.120000 15.080000 1.351086
Van 0.000000 2.000000 1.730000 212.641982 188.223549 309.987101 262.947110 1.770000 1.710000 4.310000 -9.190000 2.250000 20.340000 1.305634
Car 0.000000 2.000000 -1.780000 521.725605 181.918175 604.197473 245.853350 1.600000 1.700000 3.560000 -0.940000 1.880000 20.540000 -1.825732
Car 0.000000 2.000000 -1.780000 500.382789 182.377830 570.409961 231.322447 1.520000 1.730000 3.890000 -2.210000 1.880000 25.340000 -1.866994
Car 0.000000 2.000000 1.670000 262.494100 190.698453 326.239104 238.843286 1.440000 1.600000 3.790000 -10.420000 2.110000 25.140000 1.277074
Car 0.000000 2.000000 -1.720000 479.999362 188.023191 526.941506 224.476610 1.370000 1.510000 3.490000 -4.070000 2.050000 30.570000 -1.852359
DontCare -1.000000 -1.000000 -10.000000 459.100000 179.880000 492.380000 219.630000 -1.000000 -1.000000 -1.000000 -1000.000000 -1000.000000 -1000.000000 -9.214602
DontCare -1.000000 -1.000000 -10.000000 376.300000 176.650000 403.120000 205.410000 -1.000000 -1.000000 -1.000000 -1000.000000 -1000.000000 -1000.000000 -9.214602
DontCare -1.000000 -1.000000 -10.000000 287.680000 169.530000 375.950000 203.460000 -1.000000 -1.000000 -1.000000 -1000.000000 -1000.000000 -1000.000000 -9.214602
