Car 1.000000 0.000000 2.600000 -13999.699807 225.780484 10.736395 5753.621844 1.540000 1.630000 3.590000 -3.510000 1.820000 2.040000 1.555682
Car 0.020000 0.000000 1.960000 131.716016 201.810759 419.333554 380.298977 1.420000 1.460000 3.630000 -2.960000 1.820000 8.180000 1.612800
Car 0.000000 1.000000 1.800000 339.041698 190.631443 497.137858 292.264491 1.430000 1.660000 4.190000 -2.750000 1.800000 13.000000 1.591535
Car 0.000000 0.000000 -1.650000 717.115660 178.455317 836.021146 289.293516 1.580000 1.710000 3.750000 3.250000 1.690000 12.480000 -1.395242
Car 0.960000 0.000000 -0.800000 1119.570448 133.217818 2123.885393 404.617385 1.490000 1.570000 4.260000 6.780000 1.270000 5.020000 0.133459
Car 0.000000 1.000000 1.750000 467.713226 179.931728 535.632584 238.669495 1.700000 1.500000 3.340000 -2.890000 1.940000 23.000000 1.625003
Car 0.000000 2.000000 1.300000 485.657055 183.686033 554.529964 226.790348 1.480000 1.710000 3.930000 -3.070000 1.930000 27.990000 1.190755
Car 0.000000 0.000000 -0.250000 542.928641 168.710372 607.397221 190.263350 1.600000 1.750000 4.630000 -2.160000 1.290000 55.060000 -0.289210
Car 0.000000 2.000000 -1.330000 731.744114 178.379991 838.514975 252.696490 1.510000 1.580000 3.310000 4.630000 1.650000 16.760000 -1.060469
Car 0.000000 1.000000 -1.120000 785.964405 171.036099 890.569354 232.517427 1.610000 1.600000 3.110000 7.030000 1.560000 20.560000 -0.790536
Car 0.000000 2.000000 -3.070000 723.160096 166.311473 834.897802 208.497753 1.790000 1.690000 4.720000 8.030000 1.510000 32.150000 -2.825241
Car 0.000000 1.000000 -0.930000 1009.723048 164.655349 1124.566609 212.755650 1.570000 1.650000 3.350000 16.250000 1.300000 24.900000 -0.351792
Car 0.000000 1.000000 2.310000 945.522617 165.423609 1039.438991 196.896657 1.430000 1.700000 3.950000 18.630000 1.090000 34.230000 2.808425
DontCare -1.000000 -1.000000 -10.000000 0.000000 268.510000 90.210000 373.000000 -1.000000 -1.000000 -1.000000 -1000.000000 -1000.000000 -1000.000000 -9.214602
DontCare -1.000000 -1.000000 -10.000000 975.960000 152.070000 1054.530000 160.770000 -1.000000 -1.000000 -1.000000 -1000.000000 -1000.000000 -1000.000000 -9.214602
