Car 0.000000 0.000000 -1.580000 447.977919 165.113649 666.822086 373.386153 1.550000 1.630000 3.320000 0.090000 1.490000 7.030000 -1.567198
Car 0.000000 0.000000 1.840000 370.170249 184.964129 410.579010 205.306747 1.370000 1.820000 3.960000 -15.560000 2.290000 52.960000 1.554235
Car 0.000000 0.000000 1.920000 326.651519 187.859251 366.612656 208.440231 1.380000 1.790000 2.940000 -18.440000 2.490000 52.010000 1.579280
Car 0.000000 0.000000 1.800000 417.194511 181.387043 456.253150 201.887399 1.400000 1.750000 4.750000 -12.310000 2.060000 53.630000 1.574373
Car 0.000000 2.000000 2.670000 935.019995 175.440968 1071.500566 218.647008 1.590000 1.730000 4.260000 15.450000 1.690000 27.610000 3.180168
Car 0.000000 1.000000 -2.930000 730.259084 169.750499 817.370398 207.386527 1.790000 1.710000 3.950000 8.650000 1.640000 35.940000 -2.693813
Van 0.000000 2.000000 -0.510000 1018.047922 159.064067 1189.952952 224.170493 1.830000 1.850000 3.780000 15.000000 1.440000 21.390000 0.101573
Van 0.000000 1.000000 -0.350000 853.047629 162.159316 1045.670835 238.133264 1.830000 1.850000 4.090000 9.040000 1.570000 18.510000 0.104312
DontCare -1.000000 -1.000000 -10.000000 0.000000 205.760000 39.750000 235.810000 -1.000000 -1.000000 -1.000000 -1000.000000 -1000.000000 -1000.000000 -9.214602
DontCare -1.000000 -1.000000 -10.000000 179.010000 191.530000 203.880000 204.110000 -1.000000 -1.000000 -1.000000 -1000.000000 -1000.000000 -1000.000000 -9.214602
DontCare -1.000000 -1.000000 -10.000000 443.940000 177.100000 482.520000 189.640000 -1.000000 -1.000000 -1.000000 -1000.000000 -1000.000000 -1000.000000 -9.214602
