Car 0.990000 0.000000 -2.830000 -3663.555478 150.065381 22.802751 1234.803986 1.790000 1.690000 4.720000 -5.310000 1.750000 3.350000 -3.837976
Car 0.640000 0.000000 -2.000000 970.386795 176.684528 1407.749769 440.936241 1.570000 1.650000 3.350000 4.870000 1.610000 6.160000 -1.331027
Car 0.000000 0.000000 1.930000 403.421931 182.866982 577.207621 279.999123 1.430000 1.700000 3.950000 -1.500000 1.640000 13.180000 1.816679
Pedestrian 0.000000 2.000000 1.460000 880.157466 153.866551 906.123315 213.164035 1.960000 0.720000 1.090000 10.080000 1.330000 24.470000 1.850751
Car 0.000000 0.000000 -1.740000 840.371853 176.337791 932.387559 246.829802 1.510000 1.600000 3.240000 7.030000 1.600000 17.380000 -1.355631
Car 0.000000 2.000000 -1.660000 833.202428 176.385084 901.823461 227.941144 1.450000 1.740000 4.100000 8.520000 1.570000 22.800000 -1.302383
Car 0.000000 0.000000 1.770000 595.424809 173.718844 666.822642 222.314371 1.540000 1.680000 3.790000 1.300000 1.570000 24.980000 1.821995
Car 0.000000 2.000000 1.750000 634.239771 172.151343 685.668264 210.077710 1.490000 1.520000 3.350000 2.630000 1.460000 30.160000 1.836982
Car 0.000000 1.000000 -1.660000 818.344040 173.588569 869.314645 214.322417 1.530000 1.650000 4.370000 9.970000 1.560000 29.500000 -1.334086
DontCare -1.000000 -1.000000 -10.000000 0.000000 234.220000 55.920000 373.000000 -1.000000 -1.000000 -1.000000 -1000.000000 -1000.000000 -1000.000000 -9.214602
DontCare -1.000000 -1.000000 -10.000000 213.940000 181.830000 253.690000 198.940000 -1.000000 -1.000000 -1.000000 -1000.000000 -1000.000000 -1000.000000 -9.214602
DontCare -1.000000 -1.000000 -10.000000 700.390000 163.710000 830.710000 195.050000 -1.000000 -1.000000 -1.000000 -1000.000000 -1000.000000 -1000.000000 -9.214602
DontCare -1.000000 -1.000000 -10.000000 838.170000 163.070000 870.810000 170.480000 -1.000000 -1.000000 -1.000000 -1000.000000 -1000.000000 -1000.000000 -9.214602
DontCare -1.000000 -1.000000 -10.000000 935.850000 160.480000 967.840000 167.240000 -1.000000 -1.000000 -1.000000 -1000.000000 -1000.000000 -1000.000000 -9.214602
DontCare -1.000000 -1.000000 -10.000000 518.620000 173.420000 539.610000 181.480000 -1.000000 -1.000000 -1.000000 -1000.000000 -1000.000000 -1000.000000 -9.214602
DontCare -1.000000 -1.000000 -10.000000 563.900000 170.830000 601.710000 182.120000 -1.000000 -1.000000 -1.000000 -1000.000000 -1000.000000 -1000.000000 -9.214602
