Car 0.000000 0.000000 -1.630000 555.858432 179.511716 605.536854 219.813823 1.360000 1.690000 3.380000 -0.650000 1.620000 26.680000 -1.654358
Car 0.000000 0.000000 1.190000 95.642149 187.608686 291.120670 291.196118 1.380000 1.550000 3.890000 -6.520000 1.660000 11.970000 0.691239
Car 0.000000 0.000000 -1.360000 335.207450 191.585942 493.255351 295.318120 1.300000 1.550000 3.510000 -2.430000 1.640000 11.430000 -1.569480
Car 0.000000 2.000000 -1.430000 428.440429 183.573530 528.952983 257.157948 1.430000 1.620000 3.760000 -2.380000 1.700000 16.450000 -1.573684
Car 0.000000 2.000000 0.900000 321.127082 175.019621 452.925115 231.158946 1.570000 1.670000 4.200000 -6.430000 1.640000 22.220000 0.618316
Car 0.990000 3.000000 -2.320000 858.508074 219.868529 3190.390891 1647.962910 1.380000 1.550000 3.600000 2.710000 1.670000 2.650000 -1.523408
Truck 0.000000 3.000000 -1.820000 675.486072 39.369202 934.731159 307.501749 3.410000 2.570000 7.870000 3.320000 1.710000 13.110000 -1.571973
Pedestrian 0.000000 1.000000 -2.230000 932.774739 164.763234 1045.906591 350.338373 1.780000 0.780000 0.650000 4.290000 1.700000 7.290000 -1.698096
Car 0.000000 0.000000 -1.660000 633.223710 182.604638 685.432658 226.624522 1.450000 1.640000 3.700000 2.230000 1.830000 26.440000 -1.575857
Car 0.000000 2.000000 -1.660000 622.661815 181.138928 659.755502 211.817089 1.390000 1.540000 3.860000 1.990000 1.820000 35.700000 -1.604315
Truck 0.000000 3.000000 -1.610000 610.513491 146.840496 655.184201 206.820341 3.430000 2.550000 8.020000 1.810000 1.940000 45.270000 -1.570039
Car 0.000000 0.000000 1.990000 211.220154 178.370649 293.336306 213.307279 1.430000 1.730000 4.090000 -15.380000 1.690000 32.250000 1.545003
Car 0.000000 2.000000 -1.550000 557.381807 178.543262 591.649607 209.594325 1.520000 1.670000 3.610000 -1.320000 1.830000 37.800000 -1.584906
Car 0.580000 3.000000 2.280000 -129.016506 181.046508 65.502671 248.205383 1.440000 1.520000 3.660000 -15.060000 1.660000 17.750000 1.576406
DontCare -1.000000 -1.000000 -10.000000 477.220000 168.240000 548.020000 177.590000 -1.000000 -1.000000 -1.000000 -1000.000000 -1000.000000 -1000.000000 -9.214602
