Car 0.000000 0.000000 2.800000 713.242025 160.692096 902.510912 226.938194 1.730000 1.740000 4.710000 5.830000 1.410000 19.840000 3.085806
Car 0.920000 1.000000 -0.750000 1209.192798 133.279932 1397.111731 182.684384 1.570000 1.640000 4.560000 23.240000 0.310000 23.800000 0.023494
Car 0.000000 0.000000 -0.620000 1028.393757 147.138851 1140.224675 180.394853 1.510000 1.640000 4.170000 22.550000 0.340000 33.640000 -0.029464
Car 0.000000 2.000000 -0.600000 1000.224308 148.514052 1107.301590 179.666430 1.520000 1.600000 4.420000 22.640000 0.330000 36.090000 -0.039734
Car 0.000000 2.000000 -0.520000 978.272146 151.197141 1084.941673 182.310971 1.620000 1.770000 4.640000 22.920000 0.490000 38.490000 0.017089
Car 0.000000 0.000000 1.660000 449.762014 180.889678 504.435691 223.846238 1.580000 1.760000 4.180000 -4.860000 1.930000 29.490000 1.496667
Car 0.000000 0.000000 1.660000 536.450518 177.148740 576.625229 207.715101 1.650000 1.880000 4.450000 -2.540000 1.910000 41.830000 1.599352
Car 0.000000 1.000000 -0.250000 754.169656 158.574489 852.071691 195.357143 1.900000 1.780000 4.720000 10.660000 1.160000 38.210000 0.022067
Car 0.000000 1.000000 -1.990000 880.783388 150.811441 928.876591 179.200439 1.800000 1.650000 3.550000 19.870000 0.400000 47.540000 -1.594104
Car 0.000000 1.000000 -2.000000 915.434848 154.982850 967.727395 180.746349 1.640000 1.700000 3.910000 22.440000 0.500000 47.890000 -1.561808
Car 0.000000 1.000000 1.440000 644.295136 172.888726 678.368755 196.814526 1.500000 1.710000 4.440000 3.830000 1.500000 47.500000 1.520458
DontCare -1.000000 -1.000000 -10.000000 517.320000 179.240000 544.780000 212.520000 -1.000000 -1.000000 -1.000000 -1000.000000 -1000.000000 -1000.000000 -9.214602
DontCare -1.000000 -1.000000 -10.000000 605.950000 176.000000 646.350000 199.580000 -1.000000 -1.000000 -1.000000 -1000.000000 -1000.000000 -1000.000000 -9.214602
