Car 0.950000 0.000000 2.400000 -568.328529 191.019522 8.046195 400.930869 1.730000 1.600000 4.110000 -9.020000 1.990000 8.360000 1.576645
Car 0.000000 0.000000 2.070000 138.507512 190.090829 300.078383 262.631756 1.470000 1.630000 4.110000 -8.870000 1.940000 17.690000 1.605222
Tram 0.000000 0.000000 -1.650000 692.317828 154.306956 730.158926 189.446624 3.330000 2.370000 23.290000 11.450000 1.570000 80.070000 -1.507963
Car 0.000000 0.000000 1.950000 294.041715 177.292165 387.758475 235.773604 1.800000 1.610000 3.830000 -8.510000 1.960000 24.450000 1.615057
Car 0.000000 1.000000 1.900000 359.826877 186.062135 424.077149 225.351036 1.450000 1.450000 3.400000 -8.360000 2.020000 29.530000 1.624117
Car 0.000000 2.000000 1.850000 396.420122 178.820987 458.941638 218.873556 1.750000 1.710000 4.310000 -8.100000 2.050000 34.370000 1.618553
Car 0.000000 0.000000 1.790000 458.781509 181.977528 500.982378 209.172765 1.530000 1.660000 4.010000 -7.380000 2.110000 44.010000 1.623857
Car 0.000000 2.000000 1.780000 482.675831 181.205012 518.447102 204.546535 1.480000 1.600000 3.900000 -6.910000 2.070000 49.180000 1.640410
DontCare -1.000000 -1.000000 -10.000000 0.000000 207.700000 26.170000 315.370000 -1.000000 -1.000000 -1.000000 -1000.000000 -1000.000000 -1000.000000 -9.214602
DontCare -1.000000 -1.000000 -10.000000 658.340000 170.180000 667.690000 179.530000 -1.000000 -1.000000 -1.000000 -1000.000000 -1000.000000 -1000.000000 -9.214602
DontCare -1.000000 -1.000000 -10.000000 814.890000 165.650000 826.830000 194.410000 -1.000000 -1.000000 -1.000000 -1000.000000 -1000.000000 -1000.000000 -9.214602
DontCare -1.000000 -1.000000 -10.000000 759.900000 163.070000 769.250000 185.360000 -1.000000 -1.000000 -1.000000 -1000.000000 -1000.000000 -1000.000000 -9.214602
DontCare -1.000000 -1.000000 -10.000000 536.080000 175.360000 563.540000 193.120000 -1.000000 -1.000000 -1.000000 -1000.000000 -1000.000000 -1000.000000 -9.214602
