Car 1.000000 0.000000 2.520000 0.000000 222.420000 211.820000 374.000000 1.520000 1.540000 3.680000 -2.800000 1.760000 1.740000 1.505231
Van 0.000000 0.000000 1.850000 170.233503 106.241161 470.533640 349.057705 2.470000 1.980000 5.810000 -3.030000 1.790000 10.250000 1.562576
Car 0.470000 0.000000 -0.450000 767.363833 167.187849 1471.090143 400.734641 1.550000 1.660000 4.470000 4.110000 1.510000 5.950000 0.154495
Car 0.890000 3.000000 2.280000 -636.280188 215.494031 102.278948 533.970213 1.510000 1.530000 3.800000 -5.680000 1.970000 5.880000 1.511901
Car 0.000000 1.000000 -0.130000 643.150749 167.980076 872.333857 262.003575 1.690000 1.760000 4.120000 3.230000 1.600000 14.040000 0.096123
Van 0.000000 1.000000 1.730000 437.966024 161.020913 543.791802 245.711940 2.130000 1.910000 6.400000 -2.810000 1.830000 21.370000 1.599257
Car 0.000000 1.000000 2.040000 43.456344 195.466294 292.267689 328.192914 1.500000 1.580000 3.420000 -5.640000 1.880000 10.470000 1.545888
Car 0.000000 1.000000 -1.690000 633.420988 177.936158 676.566367 216.625147 1.570000 1.540000 3.220000 2.400000 1.800000 31.350000 -1.613594
Car 0.000000 2.000000 -1.680000 620.346587 174.594903 659.486184 211.342874 1.740000 1.600000 3.860000 1.950000 1.830000 36.320000 -1.626362
Pedestrian 0.000000 0.000000 0.550000 575.333830 173.105644 587.842609 194.755531 1.900000 0.420000 1.040000 -2.000000 1.920000 63.770000 0.518648
Pedestrian 0.000000 1.000000 0.640000 579.781426 173.880011 591.189827 194.961120 1.870000 0.500000 0.900000 -1.680000 1.960000 64.510000 0.613963
Car 0.000000 1.000000 1.630000 540.752122 174.981335 558.668336 193.846400 1.860000 1.570000 3.830000 -5.600000 2.080000 73.500000 1.553956
