Car 0.280000 3.000000 -3.110000 -112.009956 179.782570 203.654419 294.719373 1.590000 1.710000 3.900000 -8.580000 1.720000 11.990000 -3.731117
Car 0.000000 2.000000 3.050000 20.741029 180.361306 258.020940 279.291175 1.730000 1.690000 3.880000 -9.000000 1.900000 14.730000 2.501533
Car 0.000000 2.000000 3.090000 213.637032 183.811716 314.438068 240.410127 1.430000 1.570000 2.430000 -9.080000 1.750000 19.970000 2.663259
Car 0.000000 2.000000 3.130000 252.913028 182.145353 386.446417 233.668949 1.480000 1.740000 3.770000 -8.600000 1.790000 22.760000 2.768728
Car 0.000000 0.000000 1.800000 414.545393 179.504830 462.500027 214.031525 1.550000 1.540000 3.060000 -7.660000 1.880000 34.520000 1.581638
Car 0.000000 2.000000 1.720000 433.396392 179.282725 478.062261 208.408636 1.470000 1.720000 4.330000 -7.900000 1.840000 39.590000 1.523042
Pedestrian 0.000000 0.000000 2.990000 380.813578 181.296447 401.691526 229.833525 1.560000 0.620000 0.580000 -6.710000 1.840000 23.730000 2.714430
Pedestrian 0.000000 2.000000 2.040000 377.548963 193.858886 394.251687 228.512022 1.140000 0.400000 0.390000 -7.040000 1.850000 24.240000 1.757347
DontCare -1.000000 -1.000000 -10.000000 490.150000 177.940000 518.260000 202.810000 -1.000000 -1.000000 -1.000000 -1000.000000 -1000.000000 -1000.000000 -9.214602
DontCare -1.000000 -1.000000 -10.000000 583.300000 174.060000 606.230000 190.530000 -1.000000 -1.000000 -1.000000 -1000.000000 -1000.000000 -1000.000000 -9.214602
DontCare -1.000000 -1.000000 -10.000000 646.700000 169.530000 700.040000 195.700000 -1.000000 -1.000000 -1.000000 -1000.000000 -1000.000000 -1000.000000 -9.214602
DontCare -1.000000 -1.000000 -10.000000 798.070000 163.710000 824.240000 178.240000 -1.000000 -1.000000 -1.000000 -1000.000000 -1000.000000 -1000.000000 -9.214602
DontCare -1.000000 -1.000000 -10.000000 847.880000 144.950000 1240.000000 184.060000 -1.000000 -1.000000 -1.000000 -1000.000000 -1000.000000 -1000.000000 -9.214602
