Pedestrian 0.350000 0.000000 2.230000 -87.558918 149.287609 20.067154 327.269256 1.870000 0.720000 0.500000 -6.500000 1.620000 7.840000 1.537776
Cyclist 0.000000 0.000000 -1.280000 785.397920 159.512155 850.942284 269.874130 1.800000 0.560000 1.790000 4.160000 1.580000 12.660000 -0.962521
Pedestrian 0.000000 0.000000 2.930000 719.334669 156.372277 745.695545 234.612670 1.840000 0.720000 0.500000 3.420000 1.450000 17.330000 3.124842
Pedestrian 0.000000 0.000000 -0.680000 884.532889 162.085685 923.778307 246.706060 1.710000 0.570000 0.510000 6.560000 1.490000 14.920000 -0.265763
Pedestrian 0.000000 0.000000 -1.210000 296.991041 165.417004 330.858595 232.808019 1.700000 0.450000 1.060000 -7.190000 1.510000 18.730000 -1.576530
Van 0.000000 1.000000 -1.310000 554.571055 153.383344 611.496826 197.423057 2.460000 2.030000 5.350000 -1.020000 1.370000 43.140000 -1.333640
DontCare -1.000000 -1.000000 -10.000000 0.000000 152.070000 50.100000 328.960000 -1.000000 -1.000000 -1.000000 -1000.000000 -1000.000000 -1000.000000 -9.214602
DontCare -1.000000 -1.000000 -10.000000 54.160000 180.530000 86.150000 246.160000 -1.000000 -1.000000 -1.000000 -1000.000000 -1000.000000 -1000.000000 -9.214602
DontCare -1.000000 -1.000000 -10.000000 113.030000 181.830000 165.070000 234.520000 -1.000000 -1.000000 -1.000000 -1000.000000 -1000.000000 -1000.000000 -9.214602
DontCare -1.000000 -1.000000 -10.000000 293.500000 181.830000 316.430000 226.110000 -1.000000 -1.000000 -1.000000 -1000.000000 -1000.000000 -1000.000000 -9.214602
DontCare -1.000000 -1.000000 -10.000000 197.120000 179.880000 232.340000 211.220000 -1.000000 -1.000000 -1.000000 -1000.000000 -1000.000000 -1000.000000 -9.214602
DontCare -1.000000 -1.000000 -10.000000 364.660000 165.650000 418.640000 228.690000 -1.000000 -1.000000 -1.000000 -1000.000000 -1000.000000 -1000.000000 -9.214602
DontCare -1.000000 -1.000000 -10.000000 430.000000 160.480000 473.630000 202.820000 -1.000000 -1.000000 -1.000000 -1000.000000 -1000.000000 -1000.000000 -9.214602
DontCare -1.000000 -1.000000 -10.000000 530.910000 165.650000 551.900000 207.340000 -1.000000 -1.000000 -1.000000 -1000.000000 -1000.000000 -1000.000000 -9.214602
DontCare -1.000000 -1.000000 -10.000000 994.070000 153.360000 1117.270000 283.030000 -1.000000 -1.000000 -1.000000 -1000.000000 -1000.000000 -1000.000000 -9.214602
DontCare -1.000000 -1.000000 -10.000000 893.800000 161.130000 912.210000 235.810000 -1.000000 -1.000000 -1.000000 -1000.000000 -1000.000000 -1000.000000 -9.214602
DontCare -1.000000 -1.000000 -10.000000 778.010000 168.240000 813.880000 229.990000 -1.000000 -1.000000 -1.000000 -1000.000000 -1000.000000 -1000.000000 -9.214602
