Car 0.000000 0.000000 -1.840000 738.040699 182.160299 899.821633 290.560015 1.430000 1.590000 4.210000 3.720000 1.610000 12.010000 -1.539630
Car 0.000000 0.000000 2.540000 570.683326 174.082477 645.368930 200.304545 1.410000 1.590000 4.010000 0.410000 1.480000 40.740000 2.550063
Pedestrian 0.000000 0.000000 0.170000 464.380757 171.044167 482.862620 217.089739 1.720000 0.740000 0.560000 -4.670000 1.650000 27.320000 0.000699
Cyclist 0.000000 1.000000 3.100000 840.237491 171.531932 911.457539 227.782619 1.600000 0.880000 1.930000 8.290000 1.560000 21.250000 3.471958
Car 0.000000 1.000000 2.970000 770.899921 167.275319 842.732505 193.548929 1.590000 1.640000 4.080000 12.640000 1.250000 44.690000 3.245638
Car 0.000000 1.000000 2.900000 941.955883 163.704627 1034.577440 189.022968 1.460000 1.640000 4.630000 22.940000 0.930000 42.970000 3.390368
Van 0.290000 1.000000 2.680000 1160.130932 156.040717 1259.787228 189.941265 1.830000 1.710000 3.920000 33.870000 0.920000 40.240000 3.379656
Car 0.000000 0.000000 0.090000 382.698483 178.615961 447.104228 205.299778 1.490000 1.590000 3.460000 -10.760000 1.830000 41.810000 -0.161889
Car 0.000000 1.000000 1.020000 233.786794 181.613275 292.626283 207.494182 1.500000 1.620000 3.670000 -20.970000 2.060000 44.640000 0.580837
Car 0.000000 2.000000 1.800000 581.418446 175.454855 603.981013 190.872663 1.450000 1.300000 4.040000 -1.150000 1.710000 70.680000 1.783731
Car 0.000000 0.000000 1.900000 544.972044 175.335371 571.069091 191.059238 1.500000 1.440000 3.690000 -4.600000 1.750000 71.420000 1.835681
DontCare -1.000000 -1.000000 -10.000000 0.000000 180.530000 132.900000 216.400000 -1.000000 -1.000000 -1.000000 -1000.000000 -1000.000000 -1000.000000 -9.214602
DontCare -1.000000 -1.000000 -10.000000 686.800000 169.530000 730.430000 182.760000 -1.000000 -1.000000 -1.000000 -1000.000000 -1000.000000 -1000.000000 -9.214602
