Car 0.000000 0.000000 -1.600000 574.736621 185.093392 652.790571 250.571170 1.360000 1.690000 3.380000 0.570000 1.680000 17.310000 -1.567083
Car 0.750000 3.000000 2.320000 1169.601655 179.229979 1378.394317 235.891268 1.450000 1.670000 4.320000 18.480000 1.630000 19.660000 3.074469
Car 0.000000 0.000000 1.910000 312.570578 180.522933 381.056919 218.282796 1.590000 1.720000 3.860000 -11.490000 1.960000 33.100000 1.575884
Cyclist 0.000000 3.000000 2.940000 764.479511 174.108540 831.090939 226.004031 1.680000 0.860000 2.010000 6.680000 1.720000 23.880000 3.212760
Van 0.000000 3.000000 -1.640000 649.814577 163.313244 697.082817 214.183833 2.120000 1.860000 4.410000 3.260000 1.720000 32.300000 -1.539412
Pedestrian 0.000000 2.000000 -0.000000 496.407927 170.082948 515.118876 223.173107 1.870000 0.640000 0.650000 -3.230000 1.770000 25.770000 -0.124689
Van 0.000000 3.000000 1.800000 417.682881 177.081202 454.998549 203.429318 1.710000 1.560000 4.120000 -11.370000 2.010000 49.550000 1.574440
Car 0.000000 1.000000 -2.320000 457.757789 177.883374 535.232535 213.562296 1.590000 1.630000 3.640000 -4.950000 1.840000 34.430000 -2.462792
Car 0.000000 2.000000 -2.430000 480.503754 181.863837 554.146870 208.411504 1.390000 1.610000 4.090000 -4.770000 1.920000 40.820000 -2.546327
Car 0.000000 2.000000 -1.510000 567.861714 178.519444 616.357399 219.648959 1.520000 1.670000 3.610000 -0.170000 1.760000 29.020000 -1.515858
DontCare -1.000000 -1.000000 -10.000000 395.060000 179.880000 416.700000 206.050000 -1.000000 -1.000000 -1.000000 -1000.000000 -1000.000000 -1000.000000 -9.214602
DontCare -1.000000 -1.000000 -10.000000 715.910000 162.420000 776.360000 193.760000 -1.000000 -1.000000 -1.000000 -1000.000000 -1000.000000 -1000.000000 -9.214602
DontCare -1.000000 -1.000000 -10.000000 627.290000 165.010000 643.110000 180.180000 -1.000000 -1.000000 -1.000000 -1000.000000 -1000.000000 -1000.000000 -9.214602
