Car 0.000000 0.000000 -1.530000 445.392386 180.694710 601.832708 331.052592 1.540000 1.630000 3.670000 -0.450000 1.660000 9.420000 -1.577734
Car 0.000000 2.000000 -1.560000 541.538731 167.167809 616.846085 246.040541 1.770000 1.690000 4.320000 -0.210000 1.640000 18.350000 -1.571444
Car 0.000000 0.000000 -1.890000 725.712182 175.837249 947.782616 347.339436 1.600000 1.560000 3.450000 2.890000 1.640000 8.520000 -1.562977
Car 0.000000 1.000000 -1.780000 663.368735 177.788960 778.350413 268.517580 1.520000 1.530000 4.070000 2.530000 1.630000 14.370000 -1.605725
Car 0.000000 1.000000 -1.680000 639.291982 176.498057 707.548989 237.960793 1.520000 1.530000 4.160000 2.160000 1.630000 20.170000 -1.573317
Car 0.000000 1.000000 0.390000 82.074282 186.890720 165.037821 218.936445 1.740000 1.870000 3.510000 -27.430000 2.570000 41.530000 -0.193712
Car 0.000000 1.000000 0.030000 328.724012 179.954103 389.917653 205.971013 1.530000 1.850000 3.500000 -14.930000 1.980000 44.580000 -0.293163
Car 0.000000 1.000000 0.170000 232.526322 185.416932 299.366822 211.985043 1.510000 1.850000 3.370000 -20.230000 2.290000 43.600000 -0.264428
Car 0.000000 2.000000 1.720000 536.891699 174.924235 576.641218 204.781205 1.570000 1.550000 4.290000 -2.430000 1.690000 40.450000 1.659998
Car 0.000000 2.000000 -1.600000 631.579658 177.282704 673.395911 216.087453 1.400000 1.530000 3.240000 2.120000 1.580000 28.060000 -1.524591
DontCare -1.000000 -1.000000 -10.000000 176.420000 183.120000 220.700000 206.050000 -1.000000 -1.000000 -1.000000 -1000.000000 -1000.000000 -1000.000000 -9.214602
DontCare -1.000000 -1.000000 -10.000000 403.470000 174.710000 433.520000 191.820000 -1.000000 -1.000000 -1.000000 -1000.000000 -1000.000000 -1000.000000 -9.214602
