Car 0.000000 0.000000 -1.570000 577.085830 182.709009 639.685526 234.884212 1.360000 1.690000 3.380000 0.480000 1.670000 21.160000 -1.547320
Car 0.000000 1.000000 -1.980000 190.422152 177.796712 403.249256 308.496035 1.500000 1.570000 3.540000 -4.060000 1.580000 10.220000 -2.358142
Car 0.000000 2.000000 -2.090000 266.512380 182.028627 437.115740 271.802395 1.480000 1.560000 3.720000 -4.640000 1.680000 14.090000 -2.408127
Car 0.000000 1.000000 -2.370000 418.714438 181.238785 532.276954 228.807559 1.400000 1.600000 3.550000 -3.920000 1.690000 23.490000 -2.535356
Car 0.000000 2.000000 -2.190000 464.942428 177.442131 537.797631 213.206534 1.460000 1.490000 3.400000 -4.310000 1.670000 31.650000 -2.325344
Car 0.000000 2.000000 -2.280000 481.604270 178.648935 554.456098 210.675567 1.430000 1.620000 3.470000 -3.950000 1.720000 34.630000 -2.393572
Van 0.000000 3.000000 -2.290000 532.730151 164.878977 590.618657 194.873275 2.210000 1.820000 4.690000 -3.250000 1.620000 55.470000 -2.348523
Car 0.830000 3.000000 -2.170000 892.436600 207.549838 1609.082245 581.622297 1.360000 1.630000 4.020000 3.950000 1.700000 5.060000 -1.507181
Car 0.000000 1.000000 -1.890000 748.403147 175.894129 926.348380 292.388518 1.660000 1.720000 4.410000 4.180000 1.720000 12.600000 -1.569679
Pedestrian 0.000000 1.000000 -1.370000 707.436048 181.520577 759.857205 265.525357 1.540000 0.840000 0.750000 2.860000 1.710000 13.840000 -1.166221
Car 0.000000 2.000000 -1.790000 711.360482 184.210410 800.003769 245.080083 1.410000 1.610000 3.710000 4.260000 1.740000 19.260000 -1.572321
Car 0.000000 2.000000 -1.730000 691.952932 183.807121 755.134485 229.027403 1.360000 1.590000 3.850000 4.270000 1.760000 24.570000 -1.557929
Car 0.000000 2.000000 -1.730000 681.248949 174.266181 738.377692 218.907487 1.720000 1.790000 3.940000 4.550000 1.780000 29.900000 -1.578985
Pedestrian 0.000000 0.000000 -1.990000 666.745178 176.610149 685.817572 204.740131 1.610000 0.740000 1.080000 4.360000 1.830000 42.090000 -1.886781
Car 0.130000 3.000000 2.190000 -72.317576 185.178488 209.225008 283.379299 1.310000 1.670000 4.020000 -8.260000 1.550000 12.160000 1.593318
Car 0.000000 2.000000 -1.580000 597.282044 176.450903 633.832671 210.124967 1.520000 1.670000 3.610000 0.770000 1.700000 34.770000 -1.557858
Car 0.800000 3.000000 2.320000 -232.052596 170.834057 42.948835 249.794650 1.470000 1.770000 4.250000 -14.310000 1.430000 15.560000 1.576425
Car 0.000000 2.000000 2.060000 173.941934 181.280341 320.948596 247.823871 1.380000 1.590000 3.540000 -8.000000 1.600000 17.230000 1.625313
Van 0.000000 3.000000 -0.380000 820.983407 162.679622 938.704126 207.671627 2.510000 2.460000 5.850000 15.930000 1.940000 41.520000 -0.013650
