Car 0.000000 0.000000 -1.590000 573.941146 178.246547 639.943341 241.756980 1.560000 1.650000 3.690000 0.410000 1.720000 19.880000 -1.569379
Car 0.000000 0.000000 -1.170000 776.195336 175.269696 975.904418 295.621405 1.520000 1.490000 3.460000 4.600000 1.560000 10.920000 -0.771314
Car 0.000000 1.000000 -1.000000 692.709516 177.419563 835.630907 242.527833 1.390000 1.610000 3.650000 4.290000 1.510000 17.500000 -0.759598
Car 0.000000 0.000000 2.050000 126.192641 182.006392 328.399984 282.474356 1.610000 1.700000 3.970000 -6.640000 1.810000 13.940000 1.605469
Car 0.860000 0.000000 2.350000 -394.067095 197.304009 54.783122 335.211267 1.450000 1.650000 4.630000 -10.400000 1.890000 10.730000 1.580218
Car 0.000000 1.000000 2.110000 42.782371 178.298710 219.939665 267.303354 1.810000 1.590000 3.930000 -10.480000 1.950000 16.890000 1.554654
Car 0.000000 1.000000 1.810000 434.327651 180.729216 504.556214 218.734817 1.450000 1.840000 4.590000 -5.410000 1.810000 30.850000 1.636401
Car 0.000000 1.000000 1.810000 564.679566 173.009819 596.415242 196.771513 1.760000 1.580000 3.680000 -1.720000 1.770000 55.430000 1.778980
Car 0.000000 1.000000 2.050000 283.679341 180.802403 381.479751 227.402728 1.560000 1.620000 4.190000 -9.790000 1.880000 27.080000 1.703098
Car 0.000000 2.000000 1.990000 427.421976 181.567983 490.309422 209.898909 1.420000 1.670000 4.530000 -7.800000 1.930000 40.030000 1.797558
Car 0.000000 0.000000 -1.340000 657.934738 174.446853 682.914813 191.912831 1.470000 1.460000 3.160000 5.790000 1.610000 62.770000 -1.248019
Car 0.000000 2.000000 2.160000 148.553568 183.502298 268.484337 229.231278 1.450000 1.500000 4.530000 -13.960000 1.870000 26.290000 1.671861
