Car 0.000000 0.000000 -1.540000 503.095228 176.161652 601.407430 268.899272 1.540000 1.630000 3.670000 -0.510000 1.610000 13.950000 -1.576543
Car 0.000000 2.000000 -1.560000 546.897481 164.702972 616.604690 237.713866 1.770000 1.690000 4.320000 -0.200000 1.570000 19.650000 -1.570178
Car 0.000000 0.000000 -1.780000 687.084459 172.971780 810.178377 275.960218 1.600000 1.560000 3.450000 2.820000 1.600000 12.940000 -1.565426
Car 0.000000 1.000000 -1.730000 649.001492 176.732376 729.249838 242.982549 1.520000 1.530000 4.070000 2.440000 1.630000 18.850000 -1.601273
Car 0.000000 1.000000 -1.660000 630.002797 173.999738 683.770985 222.897602 1.520000 1.530000 4.160000 2.010000 1.560000 24.610000 -1.578507
Car 0.000000 1.000000 0.010000 341.046955 177.641419 396.718952 201.270856 1.530000 1.850000 3.500000 -15.730000 1.860000 48.690000 -0.302480
Car 0.000000 0.000000 0.170000 231.171074 183.744690 293.049980 208.148305 1.510000 1.850000 3.370000 -22.190000 2.240000 47.180000 -0.269628
DontCare -1.000000 -1.000000 -10.000000 0.000000 181.830000 78.570000 199.590000 -1.000000 -1.000000 -1.000000 -1000.000000 -1000.000000 -1000.000000 -9.214602
DontCare -1.000000 -1.000000 -10.000000 180.300000 179.240000 233.640000 203.470000 -1.000000 -1.000000 -1.000000 -1000.000000 -1000.000000 -1000.000000 -9.214602
DontCare -1.000000 -1.000000 -10.000000 416.410000 173.420000 441.290000 187.940000 -1.000000 -1.000000 -1.000000 -1000.000000 -1000.000000 -1000.000000 -9.214602
DontCare -1.000000 -1.000000 -10.000000 689.390000 157.240000 698.090000 169.180000 -1.000000 -1.000000 -1.000000 -1000.000000 -1000.000000 -1000.000000 -9.214602
