Car 0.000000 0.000000 -1.730000 704.139215 177.718351 788.002332 240.210808 1.430000 1.590000 4.210000 3.940000 1.570000 18.980000 -1.525320
Car 0.000000 0.000000 2.830000 685.646496 171.730870 747.227592 192.136940 1.410000 1.590000 4.010000 8.000000 1.330000 50.950000 2.985745
Pedestrian 0.000000 0.000000 0.130000 504.119287 171.446651 517.838590 207.252268 1.720000 0.740000 0.560000 -4.310000 1.650000 35.030000 0.007578
Cyclist 0.000000 1.000000 -3.100000 794.926203 173.410220 847.432106 215.307219 1.600000 0.880000 1.930000 8.780000 1.620000 28.310000 -2.799269
Car 0.000000 1.000000 3.040000 847.365267 167.594537 911.839480 190.979405 1.590000 1.640000 4.080000 19.270000 1.230000 50.380000 3.405324
Van 0.000000 1.000000 2.720000 1139.125181 158.243630 1224.478827 187.702454 1.830000 1.710000 3.920000 36.990000 0.920000 46.140000 3.395771
Car 0.000000 0.000000 0.620000 353.943803 179.819378 410.765459 202.407964 1.490000 1.590000 3.460000 -15.170000 1.980000 49.700000 0.323751
Car 0.000000 0.000000 1.800000 595.662291 175.757838 616.081357 189.708103 1.450000 1.300000 4.040000 0.100000 1.770000 77.990000 1.801282
Car 0.000000 0.000000 1.900000 561.328085 175.649692 584.977648 189.908204 1.500000 1.440000 3.690000 -3.470000 1.810000 78.650000 1.855909
DontCare -1.000000 -1.000000 -10.000000 0.000000 179.240000 179.480000 217.700000 -1.000000 -1.000000 -1.000000 -1000.000000 -1000.000000 -1000.000000 -9.214602
DontCare -1.000000 -1.000000 -10.000000 611.770000 160.480000 679.990000 183.410000 -1.000000 -1.000000 -1.000000 -1000.000000 -1000.000000 -1000.000000 -9.214602
