Car 0.000000 0.000000 -1.590000 558.100470 174.735757 652.894899 264.983436 1.560000 1.650000 3.690000 0.420000 1.600000 14.400000 -1.560842
Van 0.510000 0.000000 -1.450000 875.158103 89.474992 1287.886847 483.716822 1.880000 1.820000 4.640000 4.500000 1.480000 5.720000 -0.783413
Car 0.000000 0.000000 -1.110000 722.798250 169.074835 920.666152 266.825959 1.490000 1.630000 4.160000 4.430000 1.430000 13.040000 -0.782509
Car 0.000000 1.000000 -0.920000 672.078814 168.389826 761.340709 207.098344 1.540000 1.720000 3.880000 5.070000 1.360000 30.660000 -0.756121
Car 0.000000 2.000000 -0.890000 658.814755 171.269533 717.323290 198.760991 1.520000 1.490000 3.460000 5.030000 1.430000 41.630000 -0.769757
Car 0.000000 2.000000 -0.850000 647.354940 171.330295 702.167233 193.029486 1.390000 1.610000 3.650000 4.840000 1.290000 48.050000 -0.749610
Car 0.760000 0.000000 2.330000 -300.196377 177.596969 80.281032 306.294340 1.670000 1.680000 4.490000 -10.700000 1.760000 11.790000 1.593030
Car 0.000000 1.000000 2.110000 77.719936 177.178442 244.303063 250.886592 1.630000 1.580000 4.200000 -10.670000 1.750000 18.310000 1.582367
Car 0.000000 0.000000 1.980000 244.116117 184.637112 341.472922 228.635398 1.340000 1.570000 4.010000 -10.400000 1.780000 25.070000 1.586768
Car 0.000000 1.000000 1.860000 400.257335 176.518561 453.286014 203.734142 1.450000 1.650000 4.630000 -9.940000 1.670000 41.430000 1.624528
Car 0.000000 1.000000 1.800000 433.239531 171.310193 471.675125 199.938745 1.810000 1.590000 3.930000 -9.840000 1.710000 47.600000 1.596149
Car 0.000000 1.000000 1.870000 473.475996 173.358339 508.665532 193.400198 1.560000 1.620000 4.190000 -9.080000 1.600000 58.460000 1.715911
Car 0.000000 1.000000 1.960000 518.424675 173.568359 552.169620 188.619337 1.420000 1.670000 4.530000 -6.760000 1.490000 70.710000 1.864688
Car 0.000000 3.000000 2.200000 -10.724957 180.692198 117.812953 239.493780 1.470000 1.290000 2.950000 -14.740000 1.700000 19.910000 1.562716
