Car 0.100000 1.000000 0.870000 1080.327193 184.579137 1220.284935 234.697352 1.570000 1.710000 3.940000 19.190000 1.720000 24.470000 1.535048
Car 0.000000 1.000000 -2.270000 1018.294367 184.454957 1139.702511 232.301030 1.470000 1.620000 3.360000 16.300000 1.610000 23.760000 -1.668714
Car 0.000000 1.000000 -2.150000 939.114821 182.200858 1051.728247 233.631151 1.620000 1.720000 3.580000 13.750000 1.680000 24.230000 -1.633837
Car 0.000000 1.000000 -1.640000 593.061127 172.724201 625.878256 202.647165 1.490000 1.530000 3.180000 0.720000 1.100000 36.830000 -1.620453
Cyclist 0.000000 0.000000 1.340000 476.413297 165.318513 526.069723 244.066674 1.750000 0.830000 1.700000 -1.970000 1.410000 16.650000 1.222229
Cyclist 0.000000 0.000000 1.220000 525.029779 159.898636 583.357278 237.254444 1.830000 0.890000 1.940000 -0.810000 1.340000 17.790000 1.174500
Cyclist 0.000000 0.000000 1.710000 468.468224 168.545142 489.473729 205.661815 1.730000 0.730000 1.760000 -5.500000 1.170000 33.840000 1.548879
Pedestrian 0.000000 0.000000 -1.620000 171.408522 148.884125 191.911555 196.287314 1.990000 0.730000 0.530000 -17.510000 0.660000 30.100000 -2.146876
Pedestrian 0.000000 0.000000 2.140000 83.794925 149.539467 153.138548 235.467750 1.880000 0.710000 1.280000 -10.560000 1.200000 16.110000 1.559773
Pedestrian 0.000000 0.000000 1.980000 226.289530 155.432693 258.388284 210.637313 1.910000 0.660000 0.990000 -12.290000 1.040000 24.970000 1.522619
Pedestrian 0.000000 0.000000 1.910000 191.519268 151.716462 224.795399 207.983590 1.930000 0.730000 0.960000 -13.390000 0.940000 24.780000 1.414592
Pedestrian 0.000000 0.000000 0.670000 560.426342 153.459849 658.617521 296.439898 1.890000 0.870000 1.090000 0.550000 1.530000 10.030000 0.724781
Pedestrian 0.000000 0.000000 0.710000 608.221773 150.619363 697.718428 285.910494 1.890000 0.880000 1.000000 1.200000 1.470000 10.540000 0.823364
Pedestrian 0.000000 1.000000 0.560000 666.841513 144.875210 778.378446 302.395751 1.890000 0.880000 1.130000 2.010000 1.460000 9.190000 0.775325
Pedestrian 0.150000 0.000000 0.240000 891.770034 153.446361 1070.387974 405.525176 1.840000 0.780000 1.120000 3.570000 1.640000 5.830000 0.789451
Pedestrian 0.040000 1.000000 0.170000 930.003855 148.150269 1098.200044 379.337888 1.840000 0.740000 1.160000 4.110000 1.580000 6.290000 0.748774
Pedestrian 0.000000 1.000000 0.150000 969.049883 160.509007 1114.786991 352.012675 1.700000 0.660000 1.100000 4.730000 1.520000 6.890000 0.751609
Pedestrian 0.000000 0.000000 0.590000 638.177059 149.959438 750.692024 321.572227 1.840000 0.790000 1.030000 1.520000 1.510000 8.220000 0.772849
DontCare -1.000000 -1.000000 -10.000000 428.220000 160.270000 436.150000 188.590000 -1.000000 -1.000000 -1.000000 -1000.000000 -1000.000000 -1000.000000 -9.214602
