Car 0.000000 0.000000 -1.550000 574.675484 181.299394 639.101165 234.570855 1.360000 1.690000 3.380000 0.470000 1.620000 20.690000 -1.527288
Van 0.950000 3.000000 -2.220000 895.162711 -29.456622 2510.718939 1049.248339 2.120000 1.860000 4.410000 3.530000 1.720000 3.710000 -1.459459
Car 0.410000 3.000000 -1.770000 -153.866719 161.410250 185.766513 430.555353 1.590000 1.630000 3.640000 -4.660000 1.520000 6.070000 -2.424740
Car 0.000000 2.000000 -2.010000 90.076808 181.456652 347.755182 319.655068 1.410000 1.640000 3.610000 -4.670000 1.540000 9.340000 -2.473648
Car 0.000000 2.000000 -2.150000 210.006294 183.663324 431.901704 283.517392 1.390000 1.610000 4.090000 -4.540000 1.600000 12.310000 -2.503329
Car 0.000000 1.000000 -2.130000 382.662578 176.968849 502.000048 238.532279 1.500000 1.570000 3.540000 -4.140000 1.620000 19.640000 -2.337753
Car 0.000000 2.000000 -2.360000 472.813624 174.987175 553.064918 207.608971 1.400000 1.600000 3.550000 -3.960000 1.500000 32.910000 -2.479752
Car 0.000000 0.000000 -1.820000 725.608881 186.429320 853.322682 268.917438 1.360000 1.630000 4.020000 3.930000 1.670000 14.580000 -1.556710
Car 0.000000 1.000000 -1.750000 693.662823 173.222144 773.770828 233.577072 1.660000 1.720000 4.410000 4.150000 1.670000 22.080000 -1.564215
Pedestrian 0.000000 2.000000 -1.210000 666.712451 176.690319 700.860653 227.461923 1.540000 0.840000 0.750000 2.790000 1.660000 22.490000 -1.086575
Car 0.000000 2.000000 -1.560000 589.478659 176.343424 627.106346 211.016719 1.520000 1.670000 3.610000 0.460000 1.690000 33.820000 -1.546399
Car 0.000000 2.000000 2.100000 116.681758 171.352617 241.859114 217.713964 1.470000 1.770000 4.250000 -14.260000 1.420000 25.010000 1.581802
Van 0.000000 3.000000 -0.300000 783.115549 162.594119 876.466241 198.987728 2.510000 2.460000 5.850000 15.960000 1.800000 51.000000 0.003287
DontCare -1.000000 -1.000000 -10.000000 321.320000 168.240000 363.660000 178.240000 -1.000000 -1.000000 -1.000000 -1000.000000 -1000.000000 -1000.000000 -9.214602
DontCare -1.000000 -1.000000 -10.000000 553.550000 159.830000 595.890000 191.820000 -1.000000 -1.000000 -1.000000 -1000.000000 -1000.000000 -1000.000000 -9.214602
DontCare -1.000000 -1.000000 -10.000000 495.980000 159.830000 526.030000 173.710000 -1.000000 -1.000000 -1.000000 -1000.000000 -1000.000000 -1000.000000 -9.214602
DontCare -1.000000 -1.000000 -10.000000 672.570000 170.180000 689.040000 207.990000 -1.000000 -1.000000 -1.000000 -1000.000000 -1000.000000 -1000.000000 -9.214602
DontCare -1.000000 -1.000000 -10.000000 641.520000 164.360000 661.220000 177.590000 -1.000000 -1.000000 -1.000000 -1000.000000 -1000.000000 -1000.000000 -9.214602
