Van 0.810000 0.000000 2.030000 -854.627909 30.834391 427.834551 811.272579 2.130000 1.910000 6.400000 -2.580000 1.740000 5.170000 1.567126
Pedestrian 0.000000 0.000000 -1.850000 775.697824 163.921544 811.944292 239.411534 1.670000 0.700000 0.440000 4.600000 1.470000 16.180000 -1.573007
Cyclist 0.000000 1.000000 1.730000 444.762366 174.864156 480.040785 247.138259 1.710000 0.560000 1.680000 -3.170000 1.760000 17.960000 1.555296
Cyclist 0.000000 0.000000 1.710000 481.430143 171.734961 503.935297 225.596376 1.810000 0.510000 1.710000 -3.580000 1.770000 25.100000 1.568326
Car 0.000000 0.000000 -1.750000 664.905540 178.810380 746.750870 249.010438 1.570000 1.540000 3.220000 2.790000 1.730000 18.040000 -1.596559
Car 0.000000 2.000000 -1.700000 643.999199 172.254992 707.322153 231.458216 1.740000 1.600000 3.860000 2.510000 1.720000 23.150000 -1.591999
Car 0.000000 2.000000 -1.650000 636.382546 170.731169 686.376769 220.789532 1.830000 1.690000 4.440000 2.450000 1.750000 28.600000 -1.564544
Pedestrian 0.000000 0.000000 0.680000 599.861725 168.182009 615.439488 196.131134 1.900000 0.420000 1.040000 0.340000 1.580000 49.540000 0.686863
Pedestrian 0.000000 1.000000 0.750000 606.963379 169.685317 621.338295 196.915559 1.870000 0.500000 0.900000 0.790000 1.650000 50.040000 0.765786
Car 0.000000 0.000000 1.650000 532.309955 170.903267 555.156484 193.925138 1.860000 1.570000 3.830000 -4.990000 1.700000 60.210000 1.567312
Car 0.000000 2.000000 1.710000 476.423879 178.566925 515.392780 209.433101 1.500000 1.460000 3.700000 -5.400000 1.810000 37.600000 1.567358
Car 0.000000 2.000000 1.830000 350.196868 183.210742 445.776650 246.937655 1.540000 1.540000 3.720000 -5.240000 1.850000 19.900000 1.572528
DontCare -1.000000 -1.000000 -10.000000 1051.000000 203.170000 1240.000000 373.000000 -1.000000 -1.000000 -1.000000 -1000.000000 -1000.000000 -1000.000000 -9.214602
DontCare -1.000000 -1.000000 -10.000000 576.840000 175.360000 584.900000 191.180000 -1.000000 -1.000000 -1.000000 -1000.000000 -1000.000000 -1000.000000 -9.214602
