Cyclist 0.000000 3.000000 -1.170000 817.687749 181.907078 878.589637 268.713673 1.810000 0.650000 1.630000 5.870000 1.840000 15.580000 -0.809683
Cyclist 0.700000 3.000000 2.360000 -240.143755 171.801637 268.278075 709.517529 1.700000 0.600000 1.700000 -1.870000 1.670000 3.130000 1.821462
Cyclist 0.000000 3.000000 1.820000 629.136746 177.700191 677.413260 260.642109 1.700000 0.600000 1.700000 1.570000 1.640000 15.390000 1.921663
Pedestrian 0.000000 1.000000 1.450000 238.475663 174.467148 260.110607 226.494565 1.960000 0.690000 0.500000 -13.090000 1.730000 27.030000 0.999010
Pedestrian 0.000000 1.000000 -1.930000 254.445508 175.943219 278.626764 220.890313 1.650000 0.580000 0.800000 -12.150000 1.480000 26.440000 -2.360752
Cyclist 0.000000 1.000000 -0.830000 622.840297 182.725921 656.707533 220.721877 1.830000 0.690000 1.710000 2.250000 1.940000 34.990000 -0.765784
Pedestrian 0.000000 1.000000 2.870000 398.989047 178.251289 424.682410 225.923612 1.850000 0.740000 0.820000 -7.130000 1.760000 27.960000 2.620314
Pedestrian 0.000000 1.000000 2.780000 385.985748 181.765457 412.394280 221.908942 1.610000 0.730000 0.840000 -7.910000 1.660000 28.930000 2.513105
Pedestrian 0.000000 1.000000 -0.050000 641.252499 178.530075 657.470695 218.502787 1.770000 0.730000 0.700000 2.500000 1.680000 31.680000 0.028751
Pedestrian 0.000000 2.000000 3.010000 667.682476 184.528035 689.080477 224.382037 1.760000 0.770000 0.870000 3.800000 1.940000 31.690000 3.129342
DontCare -1.000000 -1.000000 -10.000000 708.080000 185.140000 730.030000 225.580000 -1.000000 -1.000000 -1.000000 -1000.000000 -1000.000000 -1000.000000 -9.214602
DontCare -1.000000 -1.000000 -10.000000 817.090000 187.690000 831.390000 204.540000 -1.000000 -1.000000 -1.000000 -1000.000000 -1000.000000 -1000.000000 -9.214602
DontCare -1.000000 -1.000000 -10.000000 919.090000 185.140000 935.940000 221.750000 -1.000000 -1.000000 -1.000000 -1000.000000 -1000.000000 -1000.000000 -9.214602
DontCare -1.000000 -1.000000 -10.000000 795.990000 192.210000 812.460000 205.600000 -1.000000 -1.000000 -1.000000 -1000.000000 -1000.000000 -1000.000000 -9.214602
