Pedestrian 0.000000 0.000000 0.330000 357.808732 173.635744 381.969775 229.200115 1.550000 0.520000 0.500000 -6.300000 1.570000 20.400000 0.030468
Pedestrian 0.000000 0.000000 2.000000 286.476928 167.093570 314.132069 218.425640 1.850000 0.700000 0.690000 -10.820000 1.640000 26.360000 1.610500
Misc 0.000000 0.000000 -1.860000 797.083176 184.141775 842.285424 242.952893 1.200000 0.530000 1.710000 5.080000 1.460000 15.910000 -1.550936
DontCare -1.000000 -1.000000 -10.000000 358.190000 174.060000 375.300000 203.460000 -1.000000 -1.000000 -1.000000 -1000.000000 -1000.000000 -1000.000000 -9.214602
DontCare -1.000000 -1.000000 -10.000000 331.670000 172.770000 344.900000 187.300000 -1.000000 -1.000000 -1.000000 -1000.000000 -1000.000000 -1000.000000 -9.214602
DontCare -1.000000 -1.000000 -10.000000 475.280000 162.420000 502.100000 209.290000 -1.000000 -1.000000 -1.000000 -1000.000000 -1000.000000 -1000.000000 -9.214602
DontCare -1.000000 -1.000000 -10.000000 523.790000 161.770000 547.370000 194.410000 -1.000000 -1.000000 -1.000000 -1000.000000 -1000.000000 -1000.000000 -9.214602
DontCare -1.000000 -1.000000 -10.000000 574.900000 163.710000 607.540000 185.350000 -1.000000 -1.000000 -1.000000 -1000.000000 -1000.000000 -1000.000000 -9.214602
DontCare -1.000000 -1.000000 -10.000000 614.350000 152.720000 657.980000 184.710000 -1.000000 -1.000000 -1.000000 -1000.000000 -1000.000000 -1000.000000 -9.214602
DontCare -1.000000 -1.000000 -10.000000 272.800000 166.300000 286.680000 197.000000 -1.000000 -1.000000 -1.000000 -1000.000000 -1000.000000 -1000.000000 -9.214602
DontCare -1.000000 -1.000000 -10.000000 826.530000 159.830000 843.640000 182.760000 -1.000000 -1.000000 -1.000000 -1000.000000 -1000.000000 -1000.000000 -9.214602
DontCare -1.000000 -1.000000 -10.000000 695.860000 161.130000 726.560000 193.770000 -1.000000 -1.000000 -1.000000 -1000.000000 -1000.000000 -1000.000000 -9.214602
DontCare -1.000000 -1.000000 -10.000000 405.410000 171.480000 459.390000 203.470000 -1.000000 -1.000000 -1.000000 -1000.000000 -1000.000000 -1000.000000 -9.214602
