Car 1.000000 0.000000 2.560000 0.000000 192.380000 262.100000 374.000000 1.630000 1.600000 3.730000 -2.420000 1.700000 1.350000 1.498055
Car 0.720000 0.000000 -2.050000 737.702104 198.221916 1308.155907 627.025904 1.540000 1.600000 3.520000 2.390000 1.760000 4.560000 -1.567241
Car 0.270000 1.000000 -1.240000 43.612223 193.168940 404.104825 444.294170 1.540000 1.500000 3.480000 -2.550000 1.770000 6.480000 -1.614906
Car 0.000000 1.000000 1.790000 318.162632 191.652976 479.631695 304.035081 1.440000 1.630000 3.320000 -2.690000 1.780000 11.470000 1.559638
Car 0.000000 1.000000 -1.880000 683.145018 184.751269 841.494822 306.650110 1.550000 1.550000 3.270000 2.670000 1.760000 11.190000 -1.645774
Car 0.000000 2.000000 -1.730000 649.476651 185.662195 743.656660 263.521073 1.480000 1.600000 3.790000 2.310000 1.800000 16.250000 -1.588792
Car 0.000000 0.000000 1.710000 492.848915 184.474660 549.874452 231.188550 1.560000 1.550000 3.640000 -2.740000 2.020000 26.860000 1.608341
Car 0.000000 1.000000 1.660000 527.037380 174.158856 573.919428 219.910896 1.910000 1.660000 4.220000 -2.110000 1.970000 32.370000 1.594908
Car 0.000000 1.000000 1.680000 553.823274 176.452733 595.276325 213.379635 1.830000 1.690000 4.280000 -1.330000 2.030000 38.380000 1.645360
DontCare -1.000000 -1.000000 -10.000000 611.120000 180.530000 667.690000 201.520000 -1.000000 -1.000000 -1.000000 -1000.000000 -1000.000000 -1000.000000 -9.214602
