Car 0.000000 0.000000 -1.590000 580.519480 175.479499 624.310669 217.255111 1.560000 1.650000 3.690000 0.180000 1.670000 29.030000 -1.583800
Car 0.100000 0.000000 -1.340000 810.742286 164.345317 1134.672699 399.199917 1.590000 1.650000 3.940000 4.120000 1.530000 6.870000 -0.799795
Car 0.000000 2.000000 -1.140000 740.265538 174.705960 986.297373 299.978114 1.480000 1.730000 4.060000 4.330000 1.510000 10.600000 -0.752196
Car 0.000000 2.000000 -1.010000 709.091852 167.081818 897.644577 263.477017 1.630000 1.610000 3.960000 4.350000 1.530000 14.100000 -0.710754
Car 0.000000 2.000000 -0.970000 707.113212 175.894876 843.856392 243.257657 1.490000 1.630000 3.360000 4.620000 1.570000 17.830000 -0.716462
Car 0.000000 2.000000 -0.910000 683.229887 175.093289 814.610975 227.765893 1.410000 1.600000 4.090000 4.670000 1.480000 21.400000 -0.695144
Car 0.000000 1.000000 1.680000 516.206837 178.342133 538.458123 193.629609 1.370000 1.640000 3.920000 -7.250000 1.900000 68.030000 1.573830
Car 0.000000 0.000000 1.770000 439.298909 182.640712 486.389712 214.215871 1.380000 1.470000 3.620000 -6.480000 1.870000 34.480000 1.584232
Car 0.000000 1.000000 -0.830000 657.175199 172.904849 747.078583 208.555776 1.490000 1.590000 4.090000 4.630000 1.490000 32.070000 -0.686619
Car 0.000000 2.000000 -0.890000 642.048986 173.781769 713.948089 201.379761 1.400000 1.630000 4.050000 4.190000 1.450000 38.740000 -0.782262
Van 0.000000 2.000000 -0.920000 632.298664 168.654151 690.260729 195.185006 1.880000 1.820000 4.640000 4.350000 1.580000 53.460000 -0.838810
Car 0.000000 2.000000 1.780000 452.552798 176.286256 484.964608 197.722383 1.670000 1.680000 4.490000 -11.030000 1.960000 59.200000 1.595795
Car 0.000000 1.000000 1.780000 431.693853 176.761452 452.530957 193.056943 1.470000 1.290000 2.950000 -15.120000 1.840000 67.280000 1.558940
DontCare -1.000000 -1.000000 -10.000000 550.960000 161.770000 594.590000 184.700000 -1.000000 -1.000000 -1.000000 -1000.000000 -1000.000000 -1000.000000 -9.214602
