Car 0.000000 0.000000 -1.580000 447.673169 166.445391 666.924999 375.107051 1.550000 1.630000 3.320000 0.090000 1.500000 7.020000 -1.567180
Car 0.000000 0.000000 1.840000 370.215595 184.948725 410.570110 205.262232 1.370000 1.820000 3.960000 -15.580000 2.290000 53.030000 1.554245
Car 0.000000 0.000000 1.920000 326.816449 187.850795 366.751707 208.419230 1.380000 1.790000 2.940000 -18.440000 2.490000 52.040000 1.579462
Car 0.000000 0.000000 1.800000 417.366214 181.127896 456.415458 201.600346 1.400000 1.750000 4.750000 -12.300000 2.040000 53.640000 1.574590
Car 0.000000 1.000000 2.670000 934.678452 175.438341 1070.976532 218.593887 1.590000 1.730000 4.260000 15.450000 1.690000 27.640000 3.179706
Car 0.740000 0.000000 -0.650000 1156.037525 174.853310 1394.524718 239.970914 1.510000 1.690000 4.150000 16.770000 1.560000 17.850000 0.104212
Car 0.000000 2.000000 0.050000 578.802648 180.031313 712.290760 237.433125 1.430000 1.690000 3.420000 1.480000 1.630000 19.290000 0.126574
Car 0.000000 2.000000 2.860000 865.107254 173.315970 963.773870 208.138710 1.580000 1.720000 3.950000 14.710000 1.600000 33.870000 3.269728
Car 0.000000 0.000000 0.780000 -9.509785 195.911330 164.626819 253.945869 1.530000 1.700000 4.130000 -15.040000 2.240000 21.120000 0.161185
DontCare -1.000000 -1.000000 -10.000000 462.340000 176.650000 489.160000 195.060000 -1.000000 -1.000000 -1.000000 -1000.000000 -1000.000000 -1000.000000 -9.214602
DontCare -1.000000 -1.000000 -10.000000 184.180000 192.180000 203.880000 208.000000 -1.000000 -1.000000 -1.000000 -1000.000000 -1000.000000 -1000.000000 -9.214602
