Car 0.000000 0.000000 1.660000 524.458149 181.381693 547.829321 202.255375 1.470000 1.430000 3.110000 -4.960000 2.120000 53.640000 1.567794
Car 0.000000 1.000000 2.020000 222.501502 178.505896 278.806169 208.287032 1.710000 1.440000 4.060000 -21.450000 2.070000 44.230000 1.568453
Car 0.000000 1.000000 1.990000 269.143031 181.521394 317.783269 204.865521 1.530000 1.670000 3.880000 -21.670000 2.160000 50.690000 1.586013
Car 0.000000 1.000000 2.560000 979.153757 194.430737 1071.500737 227.008169 1.680000 1.390000 4.260000 22.950000 2.870000 39.070000 3.091109
Car 0.000000 2.000000 1.940000 310.927213 181.875956 350.603395 203.111794 1.530000 1.470000 4.050000 -21.010000 2.250000 55.740000 1.579540
Car 0.000000 1.000000 1.640000 542.349430 179.602158 563.303633 196.653541 1.410000 1.480000 4.930000 -4.530000 2.030000 64.080000 1.569425
Car 0.000000 0.000000 -1.540000 548.142541 178.758449 602.243763 231.497987 1.620000 1.630000 4.500000 -0.630000 1.840000 24.920000 -1.565276
Car 0.000000 1.000000 2.140000 152.898030 182.112987 227.303042 212.701210 1.460000 1.310000 4.150000 -21.410000 1.970000 37.820000 1.624878
Cyclist 0.000000 0.000000 -1.980000 857.183145 185.494017 881.548736 228.132456 1.640000 0.340000 1.580000 10.910000 2.160000 29.020000 -1.620399
Car 0.000000 1.000000 -0.690000 1068.946026 196.372048 1144.912150 226.762105 1.570000 1.800000 2.990000 27.910000 2.900000 39.860000 -0.079139
DontCare -1.000000 -1.000000 -10.000000 456.520000 176.000000 472.340000 189.880000 -1.000000 -1.000000 -1.000000 -1000.000000 -1000.000000 -1000.000000 -9.214602
DontCare -1.000000 -1.000000 -10.000000 493.390000 177.300000 514.380000 188.590000 -1.000000 -1.000000 -1.000000 -1000.000000 -1000.000000 -1000.000000 -9.214602
