Car 0.480000 0.000000 1.980000 -144.562023 201.646792 366.615388 497.097992 1.460000 1.620000 4.040000 -2.960000 1.780000 6.020000 1.523019
Car 0.920000 1.000000 2.340000 -832.119939 209.727706 82.110341 569.611348 1.460000 1.580000 3.720000 -5.430000 1.820000 5.200000 1.532968
Car 0.000000 2.000000 1.690000 449.874872 186.080915 529.466677 252.206941 1.570000 1.600000 3.990000 -2.730000 1.970000 19.940000 1.553935
Car 0.000000 1.000000 1.670000 510.916019 186.482518 558.200967 227.172546 1.520000 1.540000 3.680000 -2.590000 2.120000 30.040000 1.583994
Van 0.000000 1.000000 1.630000 535.374563 169.587785 574.373825 212.590633 2.470000 1.980000 5.810000 -2.810000 2.280000 44.350000 1.566725
Car 0.000000 1.000000 -0.160000 658.314921 181.301867 785.000053 230.319283 1.620000 1.650000 4.140000 4.280000 1.920000 24.980000 0.009689
Car 0.000000 2.000000 -0.120000 648.328123 183.335803 756.959860 221.133130 1.550000 1.660000 4.470000 4.400000 2.010000 30.950000 0.021218
Car 0.000000 1.000000 -0.010000 629.473226 179.239037 708.182216 211.919158 1.690000 1.760000 4.120000 3.650000 2.040000 38.770000 0.083868
Van 0.000000 1.000000 1.610000 564.950646 174.081518 590.369381 199.974125 2.130000 1.910000 6.400000 -2.250000 2.240000 62.860000 1.574221
Van 0.000000 1.000000 1.790000 324.465487 166.950030 493.146854 298.366484 1.950000 1.750000 4.630000 -2.880000 1.860000 13.020000 1.572307
Cyclist 0.000000 1.000000 1.040000 969.718957 164.328404 1056.606299 261.364396 1.680000 0.530000 1.960000 7.950000 1.530000 13.470000 1.573183
DontCare -1.000000 -1.000000 -10.000000 623.410000 177.940000 633.410000 200.230000 -1.000000 -1.000000 -1.000000 -1000.000000 -1000.000000 -1000.000000 -9.214602
