Car 0.870000 0.000000 -2.750000 -476.628654 198.788809 40.631373 356.828688 1.480000 1.740000 3.770000 -9.080000 1.850000 8.810000 -3.550489
Car 0.000000 0.000000 1.930000 254.963116 181.963910 351.765139 241.434245 1.550000 1.540000 3.060000 -8.260000 1.830000 20.820000 1.552312
Car 0.000000 0.000000 1.720000 515.925156 176.402590 547.939291 197.669503 1.330000 1.560000 3.490000 -4.600000 1.570000 47.500000 1.623459
Car 0.000000 2.000000 1.820000 308.769774 179.121457 392.729162 225.520864 1.470000 1.720000 4.330000 -8.610000 1.710000 25.680000 1.496498
Car 0.000000 1.000000 1.770000 368.651527 181.742041 427.068332 215.288380 1.310000 1.600000 4.090000 -8.650000 1.720000 31.380000 1.501027
Car 0.000000 1.000000 2.040000 397.966071 179.709522 458.170899 208.860535 1.430000 1.580000 3.660000 -9.090000 1.810000 38.280000 1.806857
Car 0.000000 0.000000 -1.490000 647.490687 172.738986 674.844236 193.458073 1.370000 1.560000 3.540000 4.050000 1.360000 49.580000 -1.408495
Pedestrian 0.000000 0.000000 -2.960000 13.279492 184.287827 78.221089 304.539398 1.560000 0.620000 0.580000 -7.200000 1.720000 9.840000 -3.591691
Pedestrian 0.000000 2.000000 2.360000 20.838692 214.751813 70.348814 298.054169 1.140000 0.400000 0.390000 -7.590000 1.750000 10.320000 1.725866
DontCare -1.000000 -1.000000 -10.000000 0.000000 181.180000 56.570000 312.790000 -1.000000 -1.000000 -1.000000 -1000.000000 -1000.000000 -1000.000000 -9.214602
DontCare -1.000000 -1.000000 -10.000000 257.930000 193.470000 267.930000 222.870000 -1.000000 -1.000000 -1.000000 -1000.000000 -1000.000000 -1000.000000 -9.214602
DontCare -1.000000 -1.000000 -10.000000 500.500000 175.360000 510.500000 186.000000 -1.000000 -1.000000 -1.000000 -1000.000000 -1000.000000 -1000.000000 -9.214602
DontCare -1.000000 -1.000000 -10.000000 833.000000 140.430000 1238.880000 178.240000 -1.000000 -1.000000 -1.000000 -1000.000000 -1000.000000 -1000.000000 -9.214602
DontCare -1.000000 -1.000000 -10.000000 682.280000 165.650000 698.750000 188.580000 -1.000000 -1.000000 -1.000000 -1000.000000 -1000.000000 -1000.000000 -9.214602
DontCare -1.000000 -1.000000 -10.000000 638.290000 165.650000 652.170000 189.230000 -1.000000 -1.000000 -1.000000 -1000.000000 -1000.000000 -1000.000000 -9.214602
DontCare -1.000000 -1.000000 -10.000000 736.610000 165.650000 744.670000 176.940000 -1.000000 -1.000000 -1.000000 -1000.000000 -1000.000000 -1000.000000 -9.214602
