Car 0.000000 0.000000 1.960000 393.671556 178.149232 458.254516 209.612072 1.450000 1.590000 4.280000 -8.660000 1.730000 36.240000 1.725436
Car 0.000000 0.000000 -1.590000 698.737794 174.448538 726.291791 199.210400 1.430000 1.590000 4.210000 6.750000 1.530000 44.140000 -1.438253
Pedestrian 0.000000 0.000000 -0.310000 579.424904 173.117884 588.390257 193.685583 1.720000 0.740000 0.560000 -1.690000 1.740000 60.790000 -0.337793
Car 0.000000 1.000000 3.090000 881.267226 166.659887 926.053088 182.868838 1.590000 1.640000 4.080000 29.870000 0.980000 72.230000 3.482124
DontCare -1.000000 -1.000000 -10.000000 349.780000 170.830000 386.950000 193.120000 -1.000000 -1.000000 -1.000000 -1000.000000 -1000.000000 -1000.000000 -9.214602
DontCare -1.000000 -1.000000 -10.000000 626.000000 168.890000 701.330000 184.060000 -1.000000 -1.000000 -1.000000 -1000.000000 -1000.000000 -1000.000000 -9.214602
DontCare -1.000000 -1.000000 -10.000000 493.390000 176.650000 508.560000 187.940000 -1.000000 -1.000000 -1.000000 -1000.000000 -1000.000000 -1000.000000 -9.214602
DontCare -1.000000 -1.000000 -10.000000 983.720000 165.650000 1011.180000 176.290000 -1.000000 -1.000000 -1.000000 -1000.000000 -1000.000000 -1000.000000 -9.214602
DontCare -1.000000 -1.000000 -10.000000 830.410000 168.890000 866.930000 183.410000 -1.000000 -1.000000 -1.000000 -1000.000000 -1000.000000 -1000.000000 -9.214602
DontCare -1.000000 -1.000000 -10.000000 766.850000 170.850000 785.640000 188.600000 -1.000000 -1.000000 -1.000000 -1000.000000 -1000.000000 -1000.000000 -9.214602
