Pedestrian 0.000000 0.000000 -1.430000 232.057304 182.563113 324.091951 367.338727 1.530000 0.610000 0.730000 -2.460000 1.620000 6.440000 -1.794883
Pedestrian 0.000000 0.000000 -1.300000 173.987062 171.924142 276.073770 368.777020 1.610000 0.540000 0.870000 -2.890000 1.600000 6.370000 -1.725918
Pedestrian 0.000000 0.000000 1.080000 719.687854 156.887531 779.385392 278.761576 1.890000 0.610000 0.920000 2.730000 1.640000 11.710000 1.309043
Pedestrian 0.000000 1.000000 0.980000 776.903272 151.493973 841.289475 276.027015 1.910000 0.690000 0.770000 3.650000 1.580000 11.530000 1.286584
Cyclist 0.000000 0.000000 1.720000 885.251267 179.364189 925.772735 256.581693 1.410000 0.500000 1.320000 6.220000 1.540000 13.980000 2.138622
Cyclist 0.000000 0.000000 1.690000 922.548818 171.497469 962.415316 249.139789 1.580000 0.540000 1.700000 7.660000 1.550000 15.540000 2.147969
Pedestrian 0.000000 2.000000 0.430000 204.137288 168.750335 265.646641 282.731071 1.600000 0.300000 0.720000 -4.860000 1.540000 10.280000 -0.011621
DontCare -1.000000 -1.000000 -10.000000 598.830000 179.880000 604.950000 198.930000 -1.000000 -1.000000 -1.000000 -1000.000000 -1000.000000 -1000.000000 -9.214602
DontCare -1.000000 -1.000000 -10.000000 397.000000 185.060000 419.930000 207.350000 -1.000000 -1.000000 -1.000000 -1000.000000 -1000.000000 -1000.000000 -9.214602
DontCare -1.000000 -1.000000 -10.000000 632.470000 175.360000 656.050000 190.530000 -1.000000 -1.000000 -1.000000 -1000.000000 -1000.000000 -1000.000000 -9.214602
DontCare -1.000000 -1.000000 -10.000000 734.030000 173.420000 742.730000 208.000000 -1.000000 -1.000000 -1.000000 -1000.000000 -1000.000000 -1000.000000 -9.214602
DontCare -1.000000 -1.000000 -10.000000 869.870000 174.710000 882.450000 197.000000 -1.000000 -1.000000 -1.000000 -1000.000000 -1000.000000 -1000.000000 -9.214602
