Car 0.000000 0.000000 -1.420000 668.396242 174.297433 700.867112 195.131708 1.350000 1.600000 3.860000 5.620000 1.450000 49.110000 -1.306059
Van 0.000000 0.000000 -1.570000 727.461714 162.478894 754.814132 189.878693 2.080000 2.050000 4.960000 10.960000 1.290000 57.400000 -1.381330
Car 0.000000 0.000000 -1.160000 482.797170 179.738981 584.067984 227.254426 1.320000 1.480000 4.440000 -1.830000 1.560000 23.060000 -1.239192
Van 0.000000 1.000000 2.140000 229.525989 158.639432 380.062100 235.096686 2.300000 1.870000 5.700000 -9.680000 1.870000 24.680000 1.766218
Truck 0.000000 2.000000 1.770000 467.137581 141.026841 554.347095 208.451398 4.020000 2.600000 16.790000 -6.080000 2.120000 51.490000 1.652463
DontCare -1.000000 -1.000000 -10.000000 0.000000 214.820000 8.700000 268.800000 -1.000000 -1.000000 -1.000000 -1000.000000 -1000.000000 -1000.000000 -9.214602
DontCare -1.000000 -1.000000 -10.000000 571.010000 157.240000 659.930000 182.760000 -1.000000 -1.000000 -1.000000 -1000.000000 -1000.000000 -1000.000000 -9.214602
DontCare -1.000000 -1.000000 -10.000000 783.840000 157.890000 1001.480000 180.180000 -1.000000 -1.000000 -1.000000 -1000.000000 -1000.000000 -1000.000000 -9.214602
DontCare -1.000000 -1.000000 -10.000000 1033.500000 152.720000 1239.970000 176.300000 -1.000000 -1.000000 -1.000000 -1000.000000 -1000.000000 -1000.000000 -9.214602
DontCare -1.000000 -1.000000 -10.000000 718.500000 168.890000 731.730000 182.770000 -1.000000 -1.000000 -1.000000 -1000.000000 -1000.000000 -1000.000000 -9.214602
