Car 0.200000 3.000000 2.050000 25.584284 184.909832 450.947994 423.873484 1.540000 1.640000 4.080000 -2.560000 1.690000 6.990000 1.698934
Car 1.000000 0.000000 -2.360000 958.060000 208.090000 1241.000000 374.000000 1.460000 1.570000 3.580000 2.450000 1.630000 1.880000 -1.443715
Car 0.180000 1.000000 -1.950000 759.929622 177.450179 1101.793384 422.386661 1.580000 1.670000 3.430000 2.940000 1.630000 6.470000 -1.523489
Car 0.840000 1.000000 -2.610000 1163.560746 131.262573 1447.814968 236.440826 1.840000 1.940000 3.680000 14.310000 1.110000 14.650000 -1.836342
Van 0.250000 1.000000 -2.450000 1030.247398 133.007097 1273.770480 247.884294 2.040000 1.720000 3.790000 11.360000 1.330000 14.850000 -1.796978
Van 0.000000 2.000000 -2.240000 900.747100 136.128143 1110.857271 238.449263 1.860000 1.750000 4.110000 8.590000 1.190000 15.280000 -1.727859
Car 0.000000 2.000000 1.830000 373.057092 179.403870 492.399802 257.618121 1.510000 1.610000 3.570000 -3.320000 1.670000 16.060000 1.626147
Car 0.000000 2.000000 1.810000 440.710721 178.500846 532.167246 236.745565 1.500000 1.600000 4.170000 -3.010000 1.680000 21.150000 1.668633
Car 0.000000 2.000000 2.060000 894.251736 160.476981 994.688227 213.707449 1.710000 1.620000 3.560000 12.050000 1.310000 24.880000 2.511029
Car 0.000000 1.000000 2.160000 827.184871 164.758215 919.558632 209.085917 1.520000 1.580000 3.280000 10.120000 1.240000 26.330000 2.526945
Car 0.000000 1.000000 2.230000 798.043815 164.010530 876.430482 204.612351 1.550000 1.470000 2.970000 9.630000 1.210000 28.980000 2.550819
Car 0.000000 0.000000 -1.700000 674.609458 173.889579 730.569894 218.604804 1.580000 1.680000 3.930000 3.950000 1.620000 27.560000 -1.557646
Car 0.000000 1.000000 1.770000 519.389959 173.113723 572.135813 210.785286 1.580000 1.540000 3.980000 -2.320000 1.590000 32.360000 1.698429
Van 0.000000 2.000000 1.710000 539.875260 163.072114 586.006189 202.793062 1.980000 1.790000 4.390000 -1.930000 1.490000 38.230000 1.659559
Car 0.000000 2.000000 3.010000 726.358134 162.937353 787.565627 189.956682 1.710000 1.670000 3.700000 9.960000 1.080000 46.640000 3.220390
Truck 0.000000 3.000000 -1.490000 632.331895 144.850436 679.425929 192.068441 3.520000 2.890000 10.810000 4.450000 1.430000 59.350000 -1.415161
DontCare -1.000000 -1.000000 -10.000000 598.830000 170.180000 605.590000 194.410000 -1.000000 -1.000000 -1.000000 -1000.000000 -1000.000000 -1000.000000 -9.214602
