Car 0.990000 0.000000 -2.430000 1062.546247 185.862712 3417.664067 1281.564043 1.570000 1.650000 3.350000 4.000000 1.650000 2.820000 -1.473277
Car 0.000000 0.000000 2.030000 95.076839 203.009302 415.379052 374.345399 1.430000 1.700000 3.950000 -3.420000 1.880000 8.780000 1.658559
Pedestrian 0.000000 2.000000 1.330000 800.835797 161.121208 834.950836 231.316321 1.960000 0.720000 1.090000 6.440000 1.630000 20.710000 1.631482
Car 0.000000 0.000000 -1.810000 756.686248 184.286949 875.697631 273.803654 1.510000 1.600000 3.240000 4.420000 1.760000 14.260000 -1.509433
Car 0.000000 2.000000 -1.720000 732.655961 181.794100 817.128158 242.904880 1.450000 1.740000 4.100000 4.900000 1.720000 19.860000 -1.478104
Car 0.000000 0.000000 1.780000 460.633743 186.545399 548.942024 248.320174 1.540000 1.680000 3.790000 -2.440000 1.970000 20.820000 1.663337
Car 0.000000 2.000000 1.760000 510.384654 185.034444 570.722577 230.690006 1.490000 1.520000 3.350000 -1.970000 1.960000 26.230000 1.685036
Car 0.000000 1.000000 -1.710000 716.500558 182.409471 776.701310 229.381170 1.530000 1.650000 4.370000 5.440000 1.910000 26.640000 -1.508565
Car 0.000000 1.000000 1.700000 546.912198 179.534763 594.821485 220.194886 1.740000 1.650000 4.180000 -1.270000 2.070000 33.740000 1.662377
Car 0.000000 1.000000 1.900000 590.049874 180.399226 635.264913 211.840209 1.640000 1.450000 3.480000 0.690000 2.080000 40.420000 1.917069
Car 0.000000 0.000000 2.040000 672.913168 180.147454 720.910891 203.764253 1.540000 1.640000 4.080000 6.630000 2.070000 50.520000 2.170489
DontCare -1.000000 -1.000000 -10.000000 347.200000 184.410000 477.520000 200.880000 -1.000000 -1.000000 -1.000000 -1000.000000 -1000.000000 -1000.000000 -9.214602
DontCare -1.000000 -1.000000 -10.000000 19.230000 199.290000 87.450000 217.700000 -1.000000 -1.000000 -1.000000 -1000.000000 -1000.000000 -1000.000000 -9.214602
DontCare -1.000000 -1.000000 -10.000000 765.720000 165.650000 793.830000 180.820000 -1.000000 -1.000000 -1.000000 -1000.000000 -1000.000000 -1000.000000 -9.214602
