Car 0.000000 0.000000 2.030000 145.209805 197.022300 261.304770 257.804406 1.510000 1.460000 3.630000 -11.330000 2.280000 21.220000 1.539578
Car 0.000000 0.000000 1.670000 495.013683 172.368249 531.445107 203.689979 1.780000 1.720000 4.000000 -5.220000 1.750000 43.020000 1.549251
Van 0.000000 1.000000 1.870000 427.115036 162.836093 475.091201 199.810381 2.870000 1.950000 6.580000 -12.460000 2.090000 59.370000 1.663132
Car 0.000000 0.000000 1.780000 364.845561 183.554313 428.796529 223.842142 1.470000 1.690000 3.740000 -8.070000 1.930000 29.260000 1.510887
Car 0.000000 1.000000 1.900000 288.935521 187.763593 360.889593 227.489343 1.480000 1.540000 4.070000 -11.450000 2.150000 30.480000 1.540654
Cyclist 0.000000 0.000000 1.900000 260.364346 178.664677 306.917765 246.658196 1.820000 0.590000 1.890000 -8.730000 1.990000 20.440000 1.496349
Pedestrian 0.000000 0.000000 -0.440000 461.898596 178.452817 472.636290 201.567390 1.750000 0.670000 0.580000 -10.430000 2.180000 55.280000 -0.626484
Car 0.610000 3.000000 0.080000 1041.612305 135.026934 1412.678308 258.176507 1.620000 1.640000 4.330000 10.110000 1.120000 11.610000 0.796447
Car 0.000000 2.000000 0.130000 277.448758 183.848704 341.636703 203.490225 1.430000 1.550000 4.370000 -22.460000 2.290000 55.290000 -0.255858
Car 0.000000 1.000000 1.870000 960.590721 156.863949 996.026080 175.243246 1.480000 1.610000 3.610000 31.130000 0.190000 59.950000 2.348941
DontCare -1.000000 -1.000000 -10.000000 539.960000 174.710000 558.370000 198.940000 -1.000000 -1.000000 -1.000000 -1000.000000 -1000.000000 -1000.000000 -9.214602
