Car 1.000000 0.000000 -2.420000 994.084382 193.901402 5061.101548 1957.143824 1.450000 1.740000 4.100000 3.760000 1.590000 2.760000 -1.482414
Car 0.000000 1.000000 1.980000 126.023346 185.388340 390.533108 342.669688 1.490000 1.520000 3.350000 -3.510000 1.670000 8.800000 1.600474
Car 0.000000 0.000000 -1.930000 763.808502 179.737650 1009.760792 333.335816 1.530000 1.650000 4.370000 3.780000 1.640000 9.580000 -1.554182
Car 0.000000 1.000000 1.800000 363.656266 169.935053 486.411851 258.103876 1.740000 1.650000 4.180000 -3.530000 1.680000 16.340000 1.587235
Car 0.000000 0.000000 1.910000 489.179450 173.211612 570.463201 228.890324 1.640000 1.450000 3.480000 -2.000000 1.650000 23.140000 1.823784
Car 0.000000 1.000000 -1.690000 726.136143 174.077845 816.450893 252.459776 1.610000 1.680000 4.040000 4.150000 1.640000 16.990000 -1.450430
Car 0.000000 1.000000 -1.590000 722.962595 179.394184 780.532026 235.620005 1.520000 1.580000 4.280000 4.860000 1.740000 22.280000 -1.375231
Car 0.000000 0.000000 1.980000 631.864077 174.113125 700.348706 209.686768 1.540000 1.640000 4.080000 3.170000 1.600000 33.570000 2.074150
Truck 0.000000 3.000000 -1.440000 801.069225 138.523919 846.953111 177.037972 3.520000 2.890000 10.810000 21.850000 0.380000 71.460000 -1.143262
DontCare -1.000000 -1.000000 -10.000000 0.000000 205.760000 231.880000 373.000000 -1.000000 -1.000000 -1.000000 -1000.000000 -1000.000000 -1000.000000 -9.214602
DontCare -1.000000 -1.000000 -10.000000 589.130000 174.060000 599.770000 184.700000 -1.000000 -1.000000 -1.000000 -1000.000000 -1000.000000 -1000.000000 -9.214602
DontCare -1.000000 -1.000000 -10.000000 131.140000 192.180000 143.720000 200.240000 -1.000000 -1.000000 -1.000000 -1000.000000 -1000.000000 -1000.000000 -9.214602
DontCare -1.000000 -1.000000 -10.000000 94.910000 194.120000 110.090000 200.240000 -1.000000 -1.000000 -1.000000 -1000.000000 -1000.000000 -1000.000000 -9.214602
DontCare -1.000000 -1.000000 -10.000000 694.570000 165.010000 738.200000 197.650000 -1.000000 -1.000000 -1.000000 -1000.000000 -1000.000000 -1000.000000 -9.214602
DontCare -1.000000 -1.000000 -10.000000 746.320000 156.600000 798.360000 170.480000 -1.000000 -1.000000 -1.000000 -1000.000000 -1000.000000 -1000.000000 -9.214602
DontCare -1.000000 -1.000000 -10.000000 884.100000 149.480000 978.840000 176.300000 -1.000000 -1.000000 -1.000000 -1000.000000 -1000.000000 -1000.000000 -9.214602
