Car 0.000000 0.000000 -1.570000 567.730559 181.750906 623.273719 227.828068 1.360000 1.690000 3.380000 0.050000 1.670000 23.640000 -1.567885
Car 0.000000 0.000000 -1.920000 84.188140 181.646941 308.684015 326.433431 1.460000 1.490000 3.400000 -4.870000 1.590000 9.170000 -2.408201
Car 0.000000 2.000000 -2.050000 215.918656 179.686561 405.704619 280.585998 1.430000 1.620000 3.470000 -4.660000 1.560000 12.220000 -2.414319
Car 0.000000 2.000000 -2.210000 353.392757 179.243775 487.162710 235.482957 1.370000 1.550000 3.960000 -4.800000 1.560000 19.860000 -2.447144
Car 0.000000 2.000000 -2.160000 394.664207 176.730604 500.565179 226.871370 1.440000 1.590000 3.570000 -4.700000 1.570000 22.820000 -2.363119
Car 0.000000 2.000000 -2.220000 436.902739 179.361885 521.839139 215.480322 1.400000 1.570000 3.830000 -5.080000 1.690000 30.530000 -2.384883
Van 0.000000 3.000000 -2.260000 454.095932 157.684247 550.222038 209.452149 2.210000 1.820000 4.690000 -4.510000 1.560000 33.060000 -2.395582
Car 0.060000 1.000000 -2.050000 811.261428 161.555913 1180.161459 383.377764 1.720000 1.790000 3.940000 4.020000 1.630000 7.570000 -1.561827
Pedestrian 0.000000 0.000000 -1.750000 700.867285 175.975602 732.421195 233.456101 1.610000 0.740000 1.080000 3.550000 1.700000 20.810000 -1.581035
Car 0.000000 2.000000 -0.610000 845.892218 175.354515 1021.023225 242.147744 1.700000 1.770000 4.060000 9.240000 1.770000 19.670000 -0.170843
Car 0.000000 2.000000 -1.550000 580.890901 177.564177 616.041644 209.369779 1.520000 1.670000 3.610000 -0.050000 1.770000 36.840000 -1.551357
Car 0.840000 3.000000 2.280000 -374.531933 179.796813 44.168016 331.870930 1.450000 1.470000 3.520000 -8.500000 1.550000 8.840000 1.514207
Car 0.000000 2.000000 2.110000 7.225208 183.676753 214.390146 276.095031 1.400000 1.440000 3.450000 -8.320000 1.620000 13.080000 1.543469
Van 0.240000 3.000000 -0.680000 1009.057906 143.529778 1288.222986 241.982563 2.510000 2.460000 5.850000 14.980000 1.760000 19.710000 -0.030117
Car 0.000000 2.000000 2.010000 202.348452 169.537940 294.430726 210.597250 1.580000 1.730000 4.220000 -14.350000 1.450000 29.880000 1.562273
Truck 0.000000 3.000000 1.820000 392.807945 158.241912 448.151975 197.913762 2.980000 2.460000 7.500000 -14.570000 1.880000 57.950000 1.573682
DontCare -1.000000 -1.000000 -10.000000 634.410000 166.950000 658.640000 193.120000 -1.000000 -1.000000 -1.000000 -1000.000000 -1000.000000 -1000.000000 -9.214602
