Car 0.960000 0.000000 -2.230000 787.551810 205.056251 2224.523729 1220.907316 1.540000 1.600000 3.520000 2.410000 1.750000 2.980000 -1.549962
Car 0.630000 0.000000 -1.140000 -235.013932 195.815771 358.692372 576.656560 1.540000 1.500000 3.480000 -2.520000 1.750000 4.900000 -1.615011
Car 0.000000 1.000000 1.820000 266.238622 193.578317 464.386437 328.189981 1.440000 1.630000 3.320000 -2.650000 1.770000 9.900000 1.558455
Car 0.000000 1.000000 -1.910000 697.969155 184.517632 890.595554 330.638782 1.550000 1.550000 3.270000 2.720000 1.730000 9.600000 -1.633903
Car 0.000000 1.000000 -1.740000 656.238597 186.913719 762.567360 274.931242 1.480000 1.600000 3.790000 2.360000 1.800000 14.640000 -1.580173
Car 0.000000 0.000000 1.710000 487.617620 183.822571 548.377677 233.576222 1.560000 1.550000 3.640000 -2.660000 1.970000 25.280000 1.605164
Car 0.000000 1.000000 1.660000 524.101254 172.662634 573.473032 220.724214 1.910000 1.660000 4.220000 -2.050000 1.900000 30.800000 1.593540
Car 0.000000 1.000000 1.680000 553.888243 175.674097 597.183038 214.201012 1.830000 1.690000 4.280000 -1.200000 1.980000 36.790000 1.647394
Car 0.000000 0.000000 1.820000 606.660637 180.710618 642.688415 203.144093 1.510000 1.630000 4.030000 1.610000 2.100000 52.240000 1.850810
DontCare -1.000000 -1.000000 -10.000000 649.930000 177.940000 678.040000 196.350000 -1.000000 -1.000000 -1.000000 -1000.000000 -1000.000000 -1000.000000 -9.214602
