Car 0.000000 0.000000 -1.560000 577.543791 179.860909 640.056762 231.513073 1.360000 1.690000 3.380000 0.510000 1.580000 21.180000 -1.535925
Car 0.000000 0.000000 -1.930000 113.036755 177.897264 361.491558 340.488753 1.500000 1.570000 3.540000 -4.060000 1.570000 8.560000 -2.372876
Car 0.000000 2.000000 -2.050000 227.775006 179.024442 416.263767 281.383047 1.480000 1.560000 3.720000 -4.590000 1.600000 12.480000 -2.402433
Car 0.000000 1.000000 -2.350000 404.174853 177.834101 525.574267 228.725873 1.400000 1.600000 3.550000 -3.940000 1.560000 21.850000 -2.528403
Car 0.000000 2.000000 -2.180000 457.539471 173.817042 533.957337 211.210650 1.460000 1.490000 3.400000 -4.300000 1.500000 30.010000 -2.322317
Car 0.000000 2.000000 -2.270000 474.477737 174.357234 550.688961 207.602499 1.430000 1.620000 3.470000 -3.990000 1.500000 32.970000 -2.390433
Van 0.000000 3.000000 -2.290000 529.566232 159.439171 589.246255 190.398461 2.210000 1.820000 4.690000 -3.310000 1.250000 53.810000 -2.351435
Car 0.000000 0.000000 -1.930000 765.810303 172.225692 985.152579 309.370523 1.660000 1.720000 4.410000 4.170000 1.650000 10.940000 -1.565831
Pedestrian 0.000000 0.000000 -1.420000 719.425773 178.047608 776.943370 272.424011 1.540000 0.840000 0.750000 2.850000 1.630000 12.330000 -1.192846
Car 0.000000 2.000000 -1.800000 720.010694 180.341664 818.437325 246.571289 1.410000 1.610000 3.710000 4.250000 1.610000 17.640000 -1.563576
Car 0.000000 2.000000 -1.750000 696.336897 179.598785 766.350394 227.555238 1.360000 1.590000 3.850000 4.250000 1.590000 22.930000 -1.566733
Car 0.000000 2.000000 -1.740000 684.342171 169.624252 745.755020 216.860045 1.720000 1.790000 3.940000 4.520000 1.600000 28.250000 -1.581345
Pedestrian 0.000000 1.000000 -2.050000 667.785863 171.991723 688.334615 201.153899 1.610000 0.740000 1.080000 4.310000 1.560000 40.470000 -1.943901
Car 0.480000 3.000000 2.240000 -202.646060 183.937172 154.763469 300.385321 1.310000 1.670000 4.020000 -8.260000 1.500000 10.510000 1.573905
Car 0.000000 2.000000 -1.580000 597.289981 171.374804 633.818447 204.632358 1.520000 1.670000 3.610000 0.770000 1.450000 34.790000 -1.557871
Car 0.000000 2.000000 2.080000 121.104872 181.267237 290.592007 255.784638 1.380000 1.590000 3.540000 -8.030000 1.580000 15.560000 1.603582
Van 0.000000 3.000000 -0.400000 828.755950 158.323061 951.889556 205.226895 2.510000 2.460000 5.850000 15.900000 1.730000 39.900000 -0.020791
DontCare -1.000000 -1.000000 -10.000000 1050.300000 259.450000 1239.950000 373.000000 -1.000000 -1.000000 -1.000000 -1000.000000 -1000.000000 -1000.000000 -9.214602
DontCare -1.000000 -1.000000 -10.000000 476.570000 157.240000 511.150000 171.120000 -1.000000 -1.000000 -1.000000 -1000.000000 -1000.000000 -1000.000000 -9.214602
DontCare -1.000000 -1.000000 -10.000000 419.650000 163.710000 439.350000 172.410000 -1.000000 -1.000000 -1.000000 -1000.000000 -1000.000000 -1000.000000 -9.214602
