Car 0.470000 0.000000 2.070000 -249.479698 153.851528 285.178550 434.998525 1.740000 1.650000 4.180000 -4.150000 1.620000 6.600000 1.508681
Car 0.000000 0.000000 1.980000 336.468070 171.140887 493.437303 272.916034 1.640000 1.450000 3.480000 -2.990000 1.610000 13.470000 1.761567
Car 0.020000 0.000000 -1.920000 780.909694 173.772144 1085.147450 382.466440 1.610000 1.680000 4.040000 3.470000 1.620000 7.660000 -1.494652
Car 0.000000 1.000000 -1.680000 750.002878 180.041470 861.702962 284.514885 1.520000 1.580000 4.280000 3.850000 1.670000 13.050000 -1.393119
Car 0.000000 0.000000 1.930000 592.536859 175.374505 683.186242 226.256440 1.540000 1.640000 4.080000 1.520000 1.630000 24.250000 1.992599
Van 0.000000 1.000000 -2.080000 989.623414 145.928363 1088.981045 202.114960 2.040000 1.720000 3.790000 17.090000 1.060000 28.120000 -1.533900
Van 0.000000 1.000000 -1.950000 915.979448 151.714290 1001.108533 201.011699 1.860000 1.750000 4.110000 14.540000 1.060000 29.340000 -1.489903
Truck 0.000000 3.000000 -1.460000 796.173993 139.269720 841.917770 179.788112 3.520000 2.890000 10.810000 20.420000 0.600000 68.220000 -1.169162
DontCare -1.000000 -1.000000 -10.000000 699.100000 156.600000 780.250000 198.290000 -1.000000 -1.000000 -1.000000 -1000.000000 -1000.000000 -1000.000000 -9.214602
DontCare -1.000000 -1.000000 -10.000000 335.550000 180.530000 346.840000 197.000000 -1.000000 -1.000000 -1.000000 -1000.000000 -1000.000000 -1000.000000 -9.214602
DontCare -1.000000 -1.000000 -10.000000 885.400000 155.300000 923.210000 167.880000 -1.000000 -1.000000 -1.000000 -1000.000000 -1000.000000 -1000.000000 -9.214602
