Car 0.740000 0.000000 -2.460000 -321.969934 206.268663 67.270320 353.674983 1.660000 1.620000 3.340000 -8.960000 2.140000 9.480000 -3.217206
Car 0.100000 3.000000 -2.620000 -60.888627 206.166710 231.593310 297.444370 1.410000 1.590000 3.940000 -8.610000 2.040000 12.760000 -3.213588
Car 0.000000 2.000000 -2.630000 75.280304 185.067964 291.506381 271.914027 1.690000 1.770000 3.510000 -8.370000 1.960000 15.190000 -3.133626
Car 0.000000 2.000000 -2.740000 167.239184 188.940384 353.557010 258.115766 1.610000 1.660000 3.860000 -8.160000 2.030000 18.070000 -3.164165
Car 0.000000 2.000000 2.930000 259.076804 185.874484 400.397888 242.718584 1.590000 1.710000 3.900000 -8.320000 2.030000 22.750000 2.579395
Car 0.000000 2.000000 2.960000 364.257709 188.790679 429.671222 225.322497 1.430000 1.570000 2.430000 -8.540000 2.130000 30.560000 2.687501
Car 0.000000 2.000000 3.020000 382.581932 187.376955 470.254509 222.141812 1.480000 1.740000 3.770000 -8.020000 2.180000 33.420000 2.784478
Car 0.000000 0.000000 1.750000 476.132765 187.091675 509.944279 213.731978 1.550000 1.540000 3.060000 -6.790000 2.470000 45.190000 1.600861
DontCare -1.000000 -1.000000 -10.000000 520.560000 183.120000 547.380000 203.470000 -1.000000 -1.000000 -1.000000 -1000.000000 -1000.000000 -1000.000000 -9.214602
DontCare -1.000000 -1.000000 -10.000000 650.580000 176.000000 740.790000 198.930000 -1.000000 -1.000000 -1.000000 -1000.000000 -1000.000000 -1000.000000 -9.214602
DontCare -1.000000 -1.000000 -10.000000 615.650000 180.530000 640.520000 196.350000 -1.000000 -1.000000 -1.000000 -1000.000000 -1000.000000 -1000.000000 -9.214602
DontCare -1.000000 -1.000000 -10.000000 976.600000 146.890000 1240.000000 188.580000 -1.000000 -1.000000 -1.000000 -1000.000000 -1000.000000 -1000.000000 -9.214602
DontCare -1.000000 -1.000000 -10.000000 790.300000 155.950000 941.960000 187.290000 -1.000000 -1.000000 -1.000000 -1000.000000 -1000.000000 -1000.000000 -9.214602
