Car 0.190000 0.000000 2.190000 -83.488433 194.375344 188.660212 301.651378 1.470000 1.630000 4.110000 -9.000000 1.910000 12.770000 1.576075
Tram 0.000000 0.000000 -1.650000 688.199396 153.581162 726.533801 189.283415 3.330000 2.370000 23.290000 10.870000 1.530000 78.990000 -1.513247
Car 0.000000 0.000000 2.010000 196.367863 176.974825 326.182700 251.779023 1.800000 1.610000 3.830000 -8.770000 1.920000 19.500000 1.587359
Car 0.000000 1.000000 2.010000 297.842973 186.601089 385.685125 234.541592 1.450000 1.450000 3.400000 -8.560000 1.950000 24.600000 1.675137
Car 0.000000 1.000000 1.890000 350.176422 178.615043 428.148296 225.904619 1.750000 1.710000 4.310000 -8.400000 2.000000 29.420000 1.611880
Car 0.000000 0.000000 1.810000 431.567261 181.851275 480.848112 212.667853 1.530000 1.660000 4.010000 -7.760000 2.040000 39.050000 1.613836
Car 0.000000 2.000000 1.800000 459.344107 181.475685 500.508682 207.574176 1.480000 1.600000 3.900000 -7.420000 2.030000 44.230000 1.633788
DontCare -1.000000 -1.000000 -10.000000 519.910000 176.000000 552.550000 195.700000 -1.000000 -1.000000 -1.000000 -1000.000000 -1000.000000 -1000.000000 -9.214602
DontCare -1.000000 -1.000000 -10.000000 761.840000 165.010000 769.900000 184.710000 -1.000000 -1.000000 -1.000000 -1000.000000 -1000.000000 -1000.000000 -9.214602
DontCare -1.000000 -1.000000 -10.000000 817.470000 163.710000 833.940000 197.640000 -1.000000 -1.000000 -1.000000 -1000.000000 -1000.000000 -1000.000000 -9.214602
DontCare -1.000000 -1.000000 -10.000000 652.520000 169.530000 659.930000 178.230000 -1.000000 -1.000000 -1.000000 -1000.000000 -1000.000000 -1000.000000 -9.214602
