Cyclist 0.850000 0.000000 -1.420000 1123.311190 134.652098 1300.558126 450.653175 1.800000 0.560000 1.790000 4.590000 1.580000 4.880000 -0.665215
Pedestrian 0.000000 0.000000 2.770000 772.724921 148.472204 829.957560 299.217317 1.840000 0.720000 0.500000 2.900000 1.540000 9.180000 3.075983
Pedestrian 0.000000 0.000000 0.840000 1111.535676 160.846038 1182.540155 319.879389 1.690000 0.390000 0.510000 6.370000 1.560000 7.930000 1.516737
Pedestrian 0.000000 0.000000 -1.010000 80.398899 171.746559 150.587165 278.684705 1.700000 0.450000 1.060000 -7.720000 1.680000 12.000000 -1.581674
Pedestrian 0.000000 0.000000 0.510000 158.533628 167.259486 220.008454 282.208654 1.800000 0.700000 0.580000 -6.300000 1.710000 11.650000 0.014269
Person_sitting 0.000000 0.000000 0.660000 58.962906 203.040473 112.676601 256.035754 1.120000 0.640000 0.720000 -11.110000 1.800000 15.970000 0.052180
Cyclist 0.000000 0.000000 1.920000 427.226947 167.030731 465.829987 230.612248 1.830000 0.540000 1.730000 -4.400000 1.660000 21.660000 1.719588
Van 0.000000 0.000000 -1.300000 507.479310 155.986967 579.612586 211.488066 2.460000 2.030000 5.350000 -2.590000 1.710000 34.800000 -1.374288
Pedestrian 0.000000 1.000000 1.130000 799.717896 153.373670 855.530326 275.778242 1.870000 0.580000 0.800000 3.920000 1.570000 11.450000 1.459851
Cyclist 0.000000 0.000000 -0.660000 579.160899 172.679029 620.991099 214.552192 1.820000 0.590000 1.890000 0.060000 1.810000 32.170000 -0.658135
DontCare -1.000000 -1.000000 -10.000000 263.100000 177.300000 280.860000 238.400000 -1.000000 -1.000000 -1.000000 -1000.000000 -1000.000000 -1000.000000 -9.214602
DontCare -1.000000 -1.000000 -10.000000 341.370000 181.830000 372.710000 224.820000 -1.000000 -1.000000 -1.000000 -1000.000000 -1000.000000 -1000.000000 -9.214602
DontCare -1.000000 -1.000000 -10.000000 391.830000 163.710000 408.940000 204.760000 -1.000000 -1.000000 -1.000000 -1000.000000 -1000.000000 -1000.000000 -9.214602
DontCare -1.000000 -1.000000 -10.000000 484.330000 176.000000 510.500000 202.170000 -1.000000 -1.000000 -1.000000 -1000.000000 -1000.000000 -1000.000000 -9.214602
DontCare -1.000000 -1.000000 -10.000000 776.070000 174.710000 818.410000 258.450000 -1.000000 -1.000000 -1.000000 -1000.000000 -1000.000000 -1000.000000 -9.214602
DontCare -1.000000 -1.000000 -10.000000 767.020000 170.830000 784.130000 190.530000 -1.000000 -1.000000 -1.000000 -1000.000000 -1000.000000 -1000.000000 -9.214602
DontCare -1.000000 -1.000000 -10.000000 880.870000 191.530000 919.980000 268.800000 -1.000000 -1.000000 -1.000000 -1000.000000 -1000.000000 -1000.000000 -9.214602
