Car 0.000000 0.000000 -0.600000 186.686951 182.909343 320.655331 227.883772 1.350000 1.600000 3.860000 -11.570000 1.720000 24.650000 -1.038846
Van 0.000000 2.000000 2.440000 284.962338 167.837357 391.591135 211.258130 1.970000 1.770000 4.860000 -12.670000 1.740000 35.280000 2.095217
Pedestrian 0.000000 0.000000 -1.790000 866.967265 163.033387 899.077381 249.406395 1.650000 0.500000 0.500000 5.800000 1.460000 14.070000 -1.399000
Car 0.000000 1.000000 -0.830000 422.491065 177.360190 504.031709 211.984569 1.490000 1.530000 3.800000 -6.270000 1.710000 33.590000 -1.014539
Car 0.000000 1.000000 2.020000 516.694645 177.018136 561.289895 199.826459 1.490000 1.340000 4.250000 -4.380000 1.790000 50.170000 1.932918
Car 0.000000 1.000000 1.890000 611.119707 173.423249 643.946076 193.610007 1.720000 1.530000 4.550000 2.110000 1.770000 64.010000 1.922952
Car 0.000000 1.000000 -1.020000 561.864195 176.706308 616.153988 202.999724 1.490000 1.560000 3.650000 -0.720000 1.730000 43.430000 -1.036577
DontCare -1.000000 -1.000000 -10.000000 0.000000 177.940000 44.930000 204.110000 -1.000000 -1.000000 -1.000000 -1000.000000 -1000.000000 -1000.000000 -9.214602
DontCare -1.000000 -1.000000 -10.000000 56.750000 168.890000 149.540000 191.180000 -1.000000 -1.000000 -1.000000 -1000.000000 -1000.000000 -1000.000000 -9.214602
DontCare -1.000000 -1.000000 -10.000000 653.810000 172.120000 700.680000 190.530000 -1.000000 -1.000000 -1.000000 -1000.000000 -1000.000000 -1000.000000 -9.214602
DontCare -1.000000 -1.000000 -10.000000 743.080000 157.240000 835.880000 192.470000 -1.000000 -1.000000 -1.000000 -1000.000000 -1000.000000 -1000.000000 -9.214602
DontCare -1.000000 -1.000000 -10.000000 928.740000 165.650000 1205.900000 182.760000 -1.000000 -1.000000 -1.000000 -1000.000000 -1000.000000 -1000.000000 -9.214602
