Cyclist 0.000000 0.000000 -1.710000 788.879988 146.820167 818.203348 251.813039 1.800000 0.340000 1.690000 4.120000 1.220000 12.980000 -1.402647
Pedestrian 0.080000 0.000000 1.220000 857.904318 126.160420 1002.489461 392.330638 1.800000 0.770000 0.840000 2.850000 1.430000 5.250000 1.717343
Pedestrian 0.000000 1.000000 -1.270000 884.294522 149.506540 912.463829 209.667024 1.800000 0.670000 0.500000 9.450000 0.870000 21.560000 -0.856908
Pedestrian 0.000000 0.000000 2.020000 565.886029 155.304842 626.006838 277.468183 1.830000 0.550000 0.980000 0.360000 1.450000 11.150000 2.052276
Pedestrian 0.000000 1.000000 2.410000 495.805539 155.094567 568.142811 271.953628 1.920000 0.550000 1.160000 -0.760000 1.500000 12.220000 2.347887
Pedestrian 0.000000 0.000000 2.290000 516.996035 144.134422 588.483712 275.002829 1.970000 0.610000 1.000000 -0.330000 1.420000 11.220000 2.260597
Pedestrian 0.000000 1.000000 2.960000 843.874602 151.409057 893.599620 224.626828 1.730000 0.640000 1.040000 6.870000 1.040000 17.120000 3.341614
Pedestrian 0.000000 1.000000 2.550000 1058.063618 146.450114 1104.290441 229.106901 1.790000 0.650000 0.590000 11.020000 1.050000 15.640000 3.163809
Pedestrian 0.000000 1.000000 2.430000 1085.356176 138.022821 1142.341929 232.763069 1.890000 0.610000 0.720000 10.870000 1.040000 14.430000 3.075605
Pedestrian 0.000000 2.000000 2.540000 1082.696465 152.940792 1124.245293 230.742766 1.630000 0.400000 0.600000 11.080000 1.050000 15.020000 3.175572
Van 0.000000 1.000000 -1.580000 599.768905 160.585078 617.476263 180.628016 2.060000 1.820000 4.620000 0.950000 0.010000 74.980000 -1.567331
