Car 0.000000 1.000000 2.140000 38.740089 203.614016 196.623308 278.112883 1.510000 1.460000 3.630000 -11.560000 2.350000 17.940000 1.567593
Car 0.000000 0.000000 1.670000 480.504118 179.337722 519.335278 213.389614 1.780000 1.720000 4.000000 -5.630000 2.160000 40.520000 1.531940
Van 0.000000 1.000000 1.850000 414.396711 171.022244 462.632535 209.226800 2.870000 1.950000 6.580000 -13.060000 2.730000 57.540000 1.626809
Car 0.000000 0.000000 1.800000 329.179584 191.116642 404.659031 238.453192 1.470000 1.690000 3.740000 -8.110000 2.170000 25.820000 1.495660
Car 0.000000 1.000000 1.950000 247.757279 195.920048 332.922263 241.162435 1.480000 1.540000 4.070000 -11.680000 2.430000 27.740000 1.551478
Cyclist 0.000000 0.000000 1.980000 170.087541 184.379901 235.919462 269.186268 1.820000 0.590000 1.890000 -8.900000 2.100000 16.710000 1.490602
Pedestrian 0.000000 0.000000 -0.570000 453.902666 185.645779 465.505141 209.503543 1.750000 0.670000 0.580000 -10.710000 2.710000 53.840000 -0.766360
Car 0.800000 3.000000 0.020000 1086.465157 158.680907 1542.929370 304.364143 1.620000 1.640000 4.330000 9.920000 1.460000 10.140000 0.794432
Car 0.000000 1.000000 0.160000 257.176345 190.670545 324.546225 211.316832 1.430000 1.550000 4.370000 -23.090000 2.780000 53.480000 -0.247574
Car 0.000000 0.000000 1.880000 943.780887 170.620597 981.838594 190.342178 1.480000 1.610000 3.610000 27.910000 1.310000 56.000000 2.342361
DontCare -1.000000 -1.000000 -10.000000 530.260000 181.830000 548.670000 204.120000 -1.000000 -1.000000 -1.000000 -1000.000000 -1000.000000 -1000.000000 -9.214602
DontCare -1.000000 -1.000000 -10.000000 994.720000 165.010000 1014.420000 184.710000 -1.000000 -1.000000 -1.000000 -1000.000000 -1000.000000 -1000.000000 -9.214602
DontCare -1.000000 -1.000000 -10.000000 1071.700000 161.770000 1082.340000 182.760000 -1.000000 -1.000000 -1.000000 -1000.000000 -1000.000000 -1000.000000 -9.214602
