Car 0.000000 0.000000 -1.590000 576.943600 175.405219 624.082423 220.365642 1.560000 1.650000 3.690000 0.130000 1.660000 27.100000 -1.585203
Car 0.460000 0.000000 -1.360000 897.322746 183.106543 1286.170823 443.712230 1.410000 1.600000 4.090000 4.660000 1.520000 5.980000 -0.698031
Car 0.000000 1.000000 1.780000 405.961081 184.593116 463.415679 219.070240 1.370000 1.640000 3.920000 -7.200000 1.920000 31.980000 1.558552
Car 0.000000 0.000000 -0.970000 698.284075 170.542491 861.583425 242.890916 1.490000 1.590000 4.090000 4.520000 1.440000 16.790000 -0.707027
Car 0.000000 2.000000 -0.950000 659.820327 175.192307 776.123939 222.787359 1.400000 1.630000 4.050000 4.060000 1.480000 23.420000 -0.778350
Van 0.000000 1.000000 -0.940000 638.825711 166.039535 719.613141 203.986821 1.880000 1.820000 4.640000 4.210000 1.540000 38.070000 -0.829862
Car 0.000000 1.000000 1.840000 393.409507 177.419070 441.970106 206.817085 1.670000 1.680000 4.490000 -11.140000 1.960000 43.950000 1.591758
Car 0.000000 2.000000 1.820000 424.357795 175.350890 462.466123 199.840515 1.630000 1.580000 4.200000 -11.120000 1.810000 50.580000 1.603593
Car 0.000000 1.000000 1.760000 487.867080 178.203671 512.887891 193.261178 1.450000 1.650000 4.630000 -10.610000 2.010000 73.500000 1.616637
Car 0.000000 1.000000 1.840000 373.966390 178.052102 403.952098 199.528901 1.470000 1.290000 2.950000 -15.270000 1.850000 51.590000 1.552228
Car 0.000000 2.000000 1.410000 145.673944 179.711719 184.329423 204.113740 1.480000 1.590000 3.660000 -28.350000 1.940000 46.740000 0.864781
DontCare -1.000000 -1.000000 -10.000000 523.150000 157.890000 568.730000 189.880000 -1.000000 -1.000000 -1.000000 -1000.000000 -1000.000000 -1000.000000 -9.214602
