Car 0.000000 1.000000 1.760000 369.470062 184.912624 492.675445 276.559764 1.570000 1.600000 3.990000 -3.040000 1.850000 14.890000 1.558604
Car 0.000000 1.000000 1.690000 469.356279 185.108955 532.579468 237.571722 1.520000 1.540000 3.680000 -3.000000 1.950000 23.610000 1.563612
Van 0.000000 1.000000 1.660000 503.751624 164.124233 556.088584 218.355250 2.470000 1.980000 5.810000 -3.370000 2.070000 35.770000 1.566064
Car 0.600000 1.000000 2.170000 -301.228198 199.464346 183.603811 418.633701 1.450000 1.500000 3.700000 -5.490000 1.780000 7.120000 1.513152
Car 0.000000 1.000000 -0.190000 651.869314 179.155015 811.003559 240.520613 1.620000 1.650000 4.140000 3.770000 1.800000 20.050000 -0.004140
Car 0.000000 2.000000 -0.140000 644.003073 182.320614 774.034635 227.440769 1.550000 1.660000 4.470000 3.980000 1.900000 26.000000 0.011898
Car 0.000000 1.000000 -0.020000 621.729997 177.041969 712.191322 214.463825 1.690000 1.760000 4.120000 3.150000 1.890000 33.840000 0.072818
Van 0.000000 1.000000 1.650000 540.575873 174.715309 575.027795 206.476190 2.130000 1.910000 6.400000 -3.180000 2.270000 51.980000 1.588899
Misc 0.000000 2.000000 -0.340000 787.997117 195.182635 916.370316 269.196997 1.240000 0.420000 2.070000 4.640000 1.630000 12.450000 0.016745
Van 0.060000 0.000000 1.920000 58.663112 144.029221 424.381815 390.984742 1.950000 1.750000 4.630000 -3.030000 1.720000 8.020000 1.558772
DontCare -1.000000 -1.000000 -10.000000 612.410000 177.300000 631.460000 203.470000 -1.000000 -1.000000 -1.000000 -1000.000000 -1000.000000 -1000.000000 -9.214602
