Car 0.000000 0.000000 2.000000 186.746843 183.073524 495.446946 361.713690 1.540000 1.640000 4.080000 -2.330000 1.690000 8.610000 1.735715
Car 0.930000 0.000000 -2.090000 816.715471 200.483708 1844.978776 951.735478 1.460000 1.570000 3.580000 2.550000 1.660000 3.410000 -1.447908
Car 0.000000 1.000000 -1.890000 757.014203 181.294963 1014.479534 373.767218 1.580000 1.670000 3.430000 3.160000 1.690000 7.840000 -1.506857
Car 0.710000 1.000000 -2.570000 1136.574140 138.784322 1389.303725 234.112376 1.840000 1.940000 3.680000 14.650000 1.180000 15.950000 -1.827060
Van 0.090000 1.000000 -2.400000 1017.019089 132.592439 1233.760339 236.875146 2.040000 1.720000 3.790000 11.760000 1.250000 16.140000 -1.770320
Van 0.000000 1.000000 -2.200000 897.333008 144.111691 1083.988150 236.667490 1.860000 1.750000 4.110000 9.020000 1.280000 16.650000 -1.703519
Car 0.000000 2.000000 1.790000 415.727647 180.362090 517.943174 251.078467 1.510000 1.610000 3.570000 -2.890000 1.710000 17.620000 1.627429
Car 0.000000 2.000000 1.820000 472.269233 178.993600 557.584014 232.819737 1.500000 1.600000 4.170000 -2.400000 1.710000 22.780000 1.715032
Car 0.000000 2.000000 2.180000 833.703928 168.767840 922.864869 210.846106 1.520000 1.580000 3.280000 10.780000 1.370000 27.630000 2.551991
Car 0.000000 1.000000 2.240000 810.476430 169.162984 886.180259 207.922335 1.550000 1.470000 2.970000 10.500000 1.400000 30.270000 2.573891
Car 0.000000 0.000000 -1.680000 690.771993 176.623077 742.133857 219.284357 1.580000 1.680000 3.930000 4.710000 1.740000 29.080000 -1.519427
Car 0.000000 1.000000 1.770000 543.125029 174.099759 593.072883 209.925530 1.580000 1.540000 3.980000 -1.420000 1.640000 34.050000 1.728321
Van 0.000000 2.000000 1.690000 562.345461 167.706586 605.082760 205.792116 1.980000 1.790000 4.390000 -0.890000 1.710000 39.780000 1.667631
Car 0.000000 1.000000 3.010000 743.000055 165.806083 802.926168 192.143070 1.710000 1.670000 3.700000 11.270000 1.250000 47.860000 3.241265
Truck 0.000000 3.000000 -1.490000 650.080838 149.177629 696.196756 195.283291 3.520000 2.890000 10.810000 5.980000 1.710000 60.660000 -1.391735
DontCare -1.000000 -1.000000 -10.000000 614.350000 176.650000 624.350000 197.640000 -1.000000 -1.000000 -1.000000 -1000.000000 -1000.000000 -1000.000000 -9.214602
DontCare -1.000000 -1.000000 -10.000000 0.000000 197.350000 58.510000 221.580000 -1.000000 -1.000000 -1.000000 -1000.000000 -1000.000000 -1000.000000 -9.214602
DontCare -1.000000 -1.000000 -10.000000 207.470000 191.530000 235.580000 206.060000 -1.000000 -1.000000 -1.000000 -1000.000000 -1000.000000 -1000.000000 -9.214602
DontCare -1.000000 -1.000000 -10.000000 135.670000 188.940000 190.300000 210.580000 -1.000000 -1.000000 -1.000000 -1000.000000 -1000.000000 -1000.000000 -9.214602
