Car 0.980000 0.000000 2.330000 -2236.971548 136.643690 78.856651 1068.614857 1.740000 1.650000 4.180000 -4.280000 1.670000 3.520000 1.447473
Car 0.000000 0.000000 2.030000 219.659889 167.976992 443.023392 306.824125 1.640000 1.450000 3.480000 -3.270000 1.580000 10.350000 1.723982
Car 0.810000 0.000000 -2.110000 836.965386 174.182876 1588.229079 627.395555 1.610000 1.680000 4.040000 3.280000 1.620000 4.650000 -1.495675
Car 0.000000 1.000000 -1.770000 759.547622 180.033531 934.906558 323.914800 1.520000 1.580000 4.280000 3.520000 1.640000 10.070000 -1.433723
Car 0.000000 0.000000 1.920000 568.416225 174.161734 671.457206 232.964911 1.540000 1.640000 4.080000 0.890000 1.580000 21.190000 1.961976
Car 0.000000 2.000000 -1.540000 759.039763 178.411178 847.195117 259.272533 1.460000 1.570000 3.580000 4.650000 1.590000 15.240000 -1.243854
Van 0.000000 1.000000 -2.130000 1008.106013 140.778872 1123.661992 203.238730 2.040000 1.720000 3.790000 16.430000 0.990000 25.470000 -1.557096
Van 0.000000 0.000000 -1.990000 925.216100 146.189757 1023.504385 200.834113 1.860000 1.750000 4.110000 13.810000 0.950000 26.660000 -1.512053
Car 0.000000 2.000000 1.800000 653.536707 169.172642 706.460772 202.119364 1.500000 1.600000 4.170000 3.960000 1.330000 35.080000 1.912409
Truck 0.000000 3.000000 -1.450000 786.605629 139.094295 834.198586 180.390498 3.520000 2.890000 10.810000 19.280000 0.640000 67.040000 -1.169968
DontCare -1.000000 -1.000000 -10.000000 184.180000 185.060000 245.930000 206.700000 -1.000000 -1.000000 -1.000000 -1000.000000 -1000.000000 -1000.000000 -9.214602
DontCare -1.000000 -1.000000 -10.000000 479.160000 170.180000 585.540000 187.290000 -1.000000 -1.000000 -1.000000 -1000.000000 -1000.000000 -1000.000000 -9.214602
DontCare -1.000000 -1.000000 -10.000000 717.850000 154.660000 769.890000 190.530000 -1.000000 -1.000000 -1.000000 -1000.000000 -1000.000000 -1000.000000 -9.214602
DontCare -1.000000 -1.000000 -10.000000 867.280000 152.070000 934.200000 172.420000 -1.000000 -1.000000 -1.000000 -1000.000000 -1000.000000 -1000.000000 -9.214602
