Car 0.000000 0.000000 -1.570000 589.762610 179.722338 613.211005 202.378917 1.540000 1.630000 3.670000 -0.090000 2.050000 51.990000 -1.571731
Car 0.740000 0.000000 -2.060000 780.498750 201.344442 1364.015148 602.746328 1.400000 1.530000 3.560000 2.680000 1.650000 4.580000 -1.530569
Car 0.000000 1.000000 -1.860000 707.525051 183.652436 906.315757 328.504415 1.490000 1.600000 3.810000 2.840000 1.660000 9.610000 -1.572653
Car 0.000000 0.000000 1.640000 540.810769 182.334430 569.568397 206.186061 1.450000 1.590000 3.590000 -3.040000 2.090000 47.090000 1.575532
Car 0.000000 1.000000 -1.740000 668.834903 182.202489 742.169088 243.228355 1.480000 1.470000 3.700000 3.030000 1.760000 19.930000 -1.589123
Car 0.000000 2.000000 -1.710000 649.230414 177.296126 711.786866 230.788919 1.640000 1.640000 3.890000 2.790000 1.800000 24.410000 -1.596196
Car 0.000000 2.000000 -1.680000 634.395060 177.238868 671.589507 207.738587 1.500000 1.590000 3.790000 2.710000 1.740000 37.960000 -1.608730
Car 0.000000 1.000000 0.140000 425.147804 183.802991 477.687067 203.371789 1.520000 1.510000 3.940000 -12.190000 2.410000 57.920000 -0.067435
Car 0.000000 1.000000 0.310000 352.293376 185.182009 411.334792 205.510756 1.580000 1.560000 4.240000 -17.760000 2.580000 57.860000 0.012181
Pedestrian 0.000000 2.000000 -1.740000 710.331976 167.017737 731.376097 215.830941 1.820000 0.690000 0.680000 4.670000 1.600000 27.240000 -1.570212
DontCare -1.000000 -1.000000 -10.000000 522.500000 181.180000 545.430000 198.290000 -1.000000 -1.000000 -1.000000 -1000.000000 -1000.000000 -1000.000000 -9.214602
