Car 0.000000 0.000000 -1.560000 580.946007 176.066338 605.393514 199.207814 1.540000 1.630000 3.670000 -0.640000 1.770000 50.360000 -1.572708
Car 0.000000 0.000000 1.730000 428.303932 183.219831 513.560139 245.286324 1.450000 1.590000 3.590000 -3.120000 1.750000 19.250000 1.569319
Car 0.710000 0.000000 -2.120000 796.129056 186.126940 1389.897941 564.532849 1.480000 1.470000 3.700000 2.930000 1.600000 4.800000 -1.571956
Car 0.000000 1.000000 -1.870000 698.851500 176.217467 912.530384 339.547367 1.640000 1.640000 3.890000 2.710000 1.690000 9.280000 -1.585875
Car 0.000000 2.000000 -1.830000 676.614919 173.466981 785.131383 276.464539 1.690000 1.390000 2.650000 2.600000 1.700000 13.220000 -1.635807
Car 0.000000 1.000000 -1.710000 644.786387 178.164937 709.470932 230.809739 1.500000 1.590000 3.790000 2.530000 1.680000 22.860000 -1.599775
Car 0.000000 2.000000 -1.620000 627.336241 177.561912 659.953799 207.849765 1.490000 1.570000 4.070000 2.230000 1.750000 38.170000 -1.561643
Car 0.000000 2.000000 -1.670000 637.610221 177.020174 686.785668 221.044040 1.570000 1.590000 3.750000 2.450000 1.740000 27.970000 -1.582629
Car 0.000000 1.000000 0.240000 350.939266 183.833833 425.062501 210.493093 1.520000 1.510000 3.940000 -12.590000 2.180000 42.680000 -0.046850
Car 0.000000 1.000000 0.410000 251.559050 184.199636 334.914690 211.899393 1.580000 1.560000 4.240000 -18.160000 2.260000 42.600000 0.007036
Car 0.000000 2.000000 -1.650000 620.187239 176.696724 643.456459 196.643017 1.490000 1.550000 3.930000 2.190000 1.800000 56.660000 -1.611368
Pedestrian 0.000000 2.000000 -1.840000 770.948218 156.183842 813.568048 248.794408 1.820000 0.690000 0.680000 4.140000 1.490000 14.520000 -1.562246
DontCare -1.000000 -1.000000 -10.000000 210.060000 188.940000 253.690000 208.640000 -1.000000 -1.000000 -1.000000 -1000.000000 -1000.000000 -1000.000000 -9.214602
