Car 0.000000 0.000000 -1.580000 566.637743 182.222161 621.542973 227.848982 1.360000 1.690000 3.380000 -0.020000 1.690000 23.900000 -1.580837
Car 0.000000 0.000000 -1.960000 7.768365 161.026476 315.787444 354.478785 1.760000 1.740000 4.160000 -4.940000 1.650000 8.520000 -2.485443
Car 0.000000 2.000000 -1.960000 195.719710 163.597166 385.502914 296.350604 1.830000 1.640000 3.710000 -4.860000 1.700000 11.840000 -2.349502
Car 0.000000 2.000000 -2.210000 334.030810 183.195261 464.295059 246.550912 1.500000 1.580000 3.570000 -5.220000 1.800000 19.370000 -2.473235
Car 0.000000 2.000000 -2.220000 382.909725 170.821349 500.900352 234.336159 1.800000 1.630000 3.790000 -4.760000 1.740000 22.300000 -2.430297
Car 0.000000 2.000000 -2.250000 428.934855 182.851203 525.882738 221.695463 1.410000 1.620000 4.190000 -4.930000 1.840000 29.210000 -2.417202
Van 0.000000 3.000000 -1.720000 654.453772 153.556072 735.203793 229.146407 2.380000 2.080000 5.750000 3.340000 1.770000 25.610000 -1.590314
Car 0.000000 2.000000 -1.560000 576.104260 178.817191 610.218043 210.410580 1.520000 1.670000 3.610000 -0.330000 1.840000 37.200000 -1.568871
Truck 0.860000 3.000000 2.330000 -424.084461 97.256159 76.982243 285.366229 2.980000 2.460000 7.500000 -14.710000 1.780000 15.190000 1.560654
DontCare -1.000000 -1.000000 -10.000000 618.880000 165.650000 663.810000 202.170000 -1.000000 -1.000000 -1.000000 -1000.000000 -1000.000000 -1000.000000 -9.214602
DontCare -1.000000 -1.000000 -10.000000 536.730000 176.000000 579.070000 202.170000 -1.000000 -1.000000 -1.000000 -1000.000000 -1000.000000 -1000.000000 -9.214602
