Car 0.000000 0.000000 -1.590000 577.325580 174.233926 627.566238 221.965360 1.560000 1.650000 3.690000 0.220000 1.610000 25.540000 -1.581386
Car 0.000000 0.000000 1.940000 189.028081 191.891735 342.290445 268.343502 1.370000 1.640000 3.920000 -6.900000 1.840000 15.910000 1.530792
Car 0.000000 0.000000 -1.140000 769.432195 168.549558 1028.660366 303.275206 1.490000 1.590000 4.090000 4.580000 1.440000 9.910000 -0.707080
Car 0.000000 1.000000 -1.020000 689.227082 173.333851 848.629040 242.428686 1.400000 1.630000 4.050000 4.240000 1.410000 16.640000 -0.770502
Car 0.000000 2.000000 -0.990000 687.143391 173.901299 813.378671 230.711323 1.450000 1.580000 3.870000 4.520000 1.480000 20.400000 -0.771954
Car 0.000000 2.000000 -0.970000 686.712576 168.427818 791.779422 220.214830 1.610000 1.670000 3.650000 4.890000 1.470000 24.300000 -0.771418
Van 0.000000 1.000000 -0.970000 648.571171 161.205503 745.467302 208.038136 1.880000 1.820000 4.640000 4.340000 1.410000 31.290000 -0.832177
Car 0.000000 2.000000 -0.890000 643.167622 172.702798 717.195820 202.326678 1.490000 1.630000 4.160000 4.270000 1.480000 38.330000 -0.779056
Car 0.000000 2.000000 -0.810000 636.810341 172.220719 687.491120 192.707047 1.540000 1.720000 3.880000 4.590000 1.490000 56.170000 -0.728465
Car 0.000000 1.000000 1.870000 356.059474 175.824302 416.604493 210.697701 1.670000 1.680000 4.490000 -10.940000 1.830000 37.190000 1.583905
Van 0.000000 1.000000 1.750000 514.441901 159.661590 550.473505 191.717161 2.910000 2.180000 6.910000 -6.820000 1.710000 69.030000 1.651522
Car 0.000000 1.000000 1.850000 397.891541 176.993278 444.365071 205.767043 1.630000 1.580000 4.200000 -10.850000 1.890000 43.610000 1.606155
Car 0.000000 1.000000 1.800000 430.676086 179.480940 466.902834 199.975649 1.340000 1.570000 4.010000 -10.730000 1.820000 50.500000 1.590638
Car 0.000000 0.000000 1.790000 477.639681 176.531199 506.633479 193.042163 1.450000 1.650000 4.630000 -10.350000 1.800000 66.780000 1.636237
Car 0.000000 2.000000 1.890000 341.002823 177.717056 378.014211 202.490237 1.470000 1.290000 2.950000 -15.040000 1.780000 44.870000 1.566579
Car 0.000000 2.000000 1.480000 72.343252 179.784755 114.266937 208.527634 1.480000 1.590000 3.660000 -28.160000 1.880000 39.980000 0.866359
