Car 0.740000 0.000000 2.160000 -432.307251 198.345132 284.697630 551.707237 1.460000 1.500000 3.880000 -3.490000 1.710000 5.200000 1.568897
Car 0.690000 0.000000 -2.120000 826.245784 184.557688 1393.495558 539.731239 1.460000 1.550000 3.190000 3.090000 1.560000 4.690000 -1.537429
Van 0.000000 1.000000 1.880000 169.810922 143.928119 420.541052 324.932838 2.050000 1.790000 4.470000 -3.680000 1.720000 10.430000 1.540808
Car 0.000000 1.000000 -1.870000 715.743683 182.200304 943.903905 330.236386 1.440000 1.690000 4.450000 3.030000 1.590000 9.530000 -1.562164
Car 0.000000 2.000000 -1.600000 708.264120 180.250562 795.514142 256.437384 1.420000 1.660000 3.710000 3.580000 1.600000 15.810000 -1.377316
Van 0.000000 2.000000 -2.570000 -6.613272 136.051805 304.052738 243.062935 2.610000 2.210000 6.750000 -11.320000 1.710000 18.800000 -3.111982
Car 0.000000 2.000000 -1.390000 731.829481 166.054413 826.355843 233.052950 1.750000 1.840000 4.430000 5.570000 1.570000 21.240000 -1.133534
Van 0.000000 0.000000 -1.610000 600.275630 163.342531 634.424590 200.443638 1.980000 1.800000 4.540000 0.860000 1.470000 40.790000 -1.588920
Van 0.000000 2.000000 -0.350000 789.248305 147.495699 941.068235 203.819010 2.660000 2.130000 6.640000 12.810000 1.460000 35.140000 -0.000430
Car 0.000000 0.000000 -1.450000 472.602798 176.903557 514.020630 205.136950 1.480000 1.710000 4.650000 -6.040000 1.720000 40.840000 -1.596830
Car 0.000000 1.000000 -1.320000 413.807172 167.120021 464.500832 205.147087 2.040000 1.660000 4.620000 -9.140000 1.730000 41.040000 -1.539133
DontCare -1.000000 -1.000000 -10.000000 557.430000 169.530000 588.770000 191.170000 -1.000000 -1.000000 -1.000000 -1000.000000 -1000.000000 -1000.000000 -9.214602
DontCare -1.000000 -1.000000 -10.000000 631.170000 142.370000 696.150000 188.590000 -1.000000 -1.000000 -1.000000 -1000.000000 -1000.000000 -1000.000000 -9.214602
