Car 0.000000 1.000000 2.880000 704.877815 154.688138 852.623053 206.410787 1.730000 1.740000 4.710000 6.260000 1.120000 25.040000 3.124979
Car 0.340000 3.000000 -0.670000 1126.552720 139.060309 1276.933517 179.948016 1.570000 1.640000 4.560000 23.840000 0.270000 28.580000 0.025220
Car 0.910000 1.000000 -0.760000 1210.752038 132.826164 1380.139750 182.040529 1.620000 1.670000 4.170000 23.760000 0.300000 24.600000 0.008030
Car 0.000000 0.000000 -0.560000 993.080810 147.408676 1089.425904 176.349843 1.510000 1.640000 4.170000 23.450000 0.180000 38.490000 -0.012807
Car 0.000000 2.000000 -0.550000 970.334747 149.152170 1063.600611 176.494796 1.520000 1.600000 4.420000 23.560000 0.200000 40.970000 -0.028124
Car 0.000000 0.000000 1.650000 492.466436 175.049194 537.319670 210.194593 1.580000 1.760000 4.180000 -4.030000 1.690000 34.820000 1.534775
Car 0.000000 0.000000 1.640000 570.996484 171.077132 600.688033 194.052965 1.650000 1.880000 4.450000 -1.260000 1.520000 54.080000 1.616705
Car 0.000000 1.000000 -0.210000 752.583649 152.232356 838.359849 184.677670 1.900000 1.780000 4.720000 11.560000 0.690000 43.260000 0.051120
Car 0.000000 0.000000 -1.940000 873.279559 150.650546 914.734656 176.309308 1.800000 1.650000 3.550000 21.080000 0.240000 52.400000 -1.557521
Car 0.000000 1.000000 -1.990000 905.175446 151.823236 952.006511 175.165369 1.640000 1.700000 3.910000 23.690000 0.160000 52.650000 -1.567186
Car 0.000000 1.000000 1.440000 656.607974 168.172575 687.378566 189.607343 1.500000 1.710000 4.440000 4.990000 1.170000 52.740000 1.534334
DontCare -1.000000 -1.000000 -10.000000 547.730000 170.180000 574.550000 202.170000 -1.000000 -1.000000 -1.000000 -1000.000000 -1000.000000 -1000.000000 -9.214602
DontCare -1.000000 -1.000000 -10.000000 624.700000 170.180000 659.280000 190.530000 -1.000000 -1.000000 -1.000000 -1000.000000 -1000.000000 -1000.000000 -9.214602
