Car 0.000000 0.000000 -1.600000 552.180643 180.200089 600.434008 220.079470 1.360000 1.690000 3.380000 -0.790000 1.650000 26.980000 -1.629273
Car 0.000000 0.000000 1.230000 21.538855 188.272470 243.093482 309.914678 1.380000 1.550000 3.890000 -6.540000 1.640000 10.460000 0.671229
Car 0.000000 0.000000 -1.330000 283.055530 194.625678 476.715286 318.845112 1.300000 1.550000 3.510000 -2.450000 1.650000 9.920000 -1.572130
Car 0.000000 2.000000 -1.420000 406.908543 184.961204 520.432391 267.489775 1.430000 1.620000 3.760000 -2.400000 1.710000 14.940000 -1.579282
Car 0.000000 2.000000 0.930000 298.373683 176.116022 437.968147 236.916029 1.570000 1.670000 4.200000 -6.520000 1.670000 20.740000 0.625414
Van 0.000000 3.000000 -2.320000 481.943389 170.442410 538.404971 197.348963 1.870000 1.790000 4.030000 -6.730000 1.700000 52.120000 -2.448415
Truck 0.000000 3.000000 -1.850000 678.158736 20.571962 990.756102 337.670249 3.410000 2.570000 7.870000 3.270000 1.770000 11.700000 -1.577467
Pedestrian 0.090000 1.000000 -2.210000 997.930459 162.711627 1145.734519 395.343764 1.780000 0.780000 0.650000 4.190000 1.700000 5.850000 -1.588458
Car 0.000000 0.000000 -1.660000 633.010243 181.519356 688.179777 228.118295 1.450000 1.640000 3.700000 2.170000 1.770000 24.990000 -1.573383
Car 0.000000 2.000000 -1.660000 621.591681 180.872882 660.220096 212.896092 1.390000 1.540000 3.860000 1.910000 1.790000 34.250000 -1.604291
Truck 0.000000 3.000000 -1.630000 605.957138 144.032234 654.747063 206.301284 3.430000 2.550000 8.020000 1.600000 1.840000 43.780000 -1.593470
Car 0.000000 0.000000 2.010000 187.888535 178.186151 276.650491 214.950520 1.430000 1.730000 4.090000 -15.470000 1.670000 30.730000 1.543623
Car 0.000000 2.000000 -1.560000 554.562398 178.153399 587.992297 209.024054 1.520000 1.670000 3.610000 -1.500000 1.810000 37.980000 -1.599474
Car 0.850000 3.000000 2.330000 -210.045014 180.532269 17.409237 254.614938 1.440000 1.520000 3.660000 -15.130000 1.630000 16.240000 1.579971
DontCare -1.000000 -1.000000 -10.000000 0.000000 179.240000 35.230000 245.520000 -1.000000 -1.000000 -1.000000 -1000.000000 -1000.000000 -1000.000000 -9.214602
