Cyclist 0.000000 0.000000 -1.940000 826.309475 138.268197 885.107043 261.388116 1.800000 0.340000 1.690000 4.420000 1.180000 11.180000 -1.563510
Pedestrian 0.000000 0.000000 -1.090000 723.678610 153.935126 801.622477 288.609412 1.660000 0.610000 0.930000 2.560000 1.330000 9.260000 -0.820279
Cyclist 0.000000 0.000000 -1.030000 503.033952 162.154991 551.150805 219.390499 1.770000 0.600000 1.950000 -1.990000 1.200000 22.870000 -1.116795
Pedestrian 0.000000 0.000000 -0.920000 926.185399 135.010693 973.726287 243.345740 1.780000 0.640000 0.360000 6.330000 1.030000 11.980000 -0.433907
Pedestrian 0.000000 1.000000 1.610000 674.917814 153.811620 699.475564 208.569248 1.800000 0.770000 0.840000 3.270000 0.920000 23.720000 1.746995
Pedestrian 0.000000 2.000000 -0.800000 687.508405 157.475948 707.926060 202.170545 1.800000 0.670000 0.500000 4.300000 0.870000 28.890000 -0.652244
Pedestrian 0.000000 2.000000 -1.230000 705.273808 152.999520 724.346831 198.527604 1.800000 0.630000 0.470000 4.910000 0.710000 28.310000 -1.058271
Pedestrian 0.000000 1.000000 2.560000 690.169592 150.830572 723.749910 201.816619 1.920000 0.550000 1.160000 4.420000 0.800000 27.110000 2.721617
Pedestrian 0.000000 1.000000 2.760000 705.615610 146.807640 737.432191 201.333973 1.970000 0.610000 1.000000 4.780000 0.750000 25.940000 2.942227
DontCare -1.000000 -1.000000 -10.000000 586.960000 157.090000 607.000000 176.490000 -1.000000 -1.000000 -1.000000 -1000.000000 -1000.000000 -1000.000000 -9.214602
DontCare -1.000000 -1.000000 -10.000000 1011.500000 149.440000 1051.300000 192.430000 -1.000000 -1.000000 -1.000000 -1000.000000 -1000.000000 -1000.000000 -9.214602
