Car 0.820000 0.000000 2.280000 -327.799272 200.355846 45.326191 362.498835 1.550000 1.540000 3.060000 -8.480000 1.950000 8.990000 1.523786
Car 0.000000 0.000000 1.790000 387.208942 185.849259 464.003413 233.571485 1.330000 1.560000 3.490000 -5.250000 1.770000 22.810000 1.563778
Car 0.000000 1.000000 2.050000 -14.346987 194.407954 216.862952 293.496573 1.470000 1.720000 4.330000 -8.970000 1.950000 13.910000 1.477247
Car 0.000000 1.000000 1.910000 188.698946 192.205213 310.380568 250.923298 1.310000 1.600000 4.090000 -9.130000 1.890000 19.600000 1.474071
Car 0.000000 1.000000 2.130000 279.565098 185.597407 376.732740 229.672151 1.430000 1.580000 3.660000 -9.750000 1.930000 26.490000 1.777325
Car 0.000000 0.000000 -1.520000 649.851375 175.252048 681.287930 200.748304 1.370000 1.560000 3.540000 3.690000 1.510000 40.980000 -1.430198
DontCare -1.000000 -1.000000 -10.000000 626.650000 168.240000 656.050000 197.000000 -1.000000 -1.000000 -1.000000 -1000.000000 -1000.000000 -1000.000000 -9.214602
DontCare -1.000000 -1.000000 -10.000000 691.330000 168.890000 714.260000 192.470000 -1.000000 -1.000000 -1.000000 -1000.000000 -1000.000000 -1000.000000 -9.214602
DontCare -1.000000 -1.000000 -10.000000 730.790000 154.660000 752.430000 180.830000 -1.000000 -1.000000 -1.000000 -1000.000000 -1000.000000 -1000.000000 -9.214602
DontCare -1.000000 -1.000000 -10.000000 867.930000 149.480000 1015.710000 172.410000 -1.000000 -1.000000 -1.000000 -1000.000000 -1000.000000 -1000.000000 -9.214602
DontCare -1.000000 -1.000000 -10.000000 1088.500000 124.900000 1239.520000 181.470000 -1.000000 -1.000000 -1.000000 -1000.000000 -1000.000000 -1000.000000 -9.214602
