Car 0.000000 0.000000 -1.560000 571.284973 174.011279 604.787495 205.678273 1.540000 1.630000 3.670000 -0.590000 1.600000 37.060000 -1.575919
Car 0.000000 2.000000 -1.540000 584.111207 170.586683 613.464053 199.750954 1.770000 1.690000 4.320000 -0.170000 1.630000 45.970000 -1.543698
Pedestrian 0.000000 0.000000 1.060000 942.953133 154.292711 1043.296299 335.913239 1.640000 0.560000 0.780000 4.120000 1.470000 6.910000 1.597648
Car 0.000000 0.000000 -1.840000 697.891795 177.166793 878.753532 310.775954 1.490000 1.550000 3.930000 2.740000 1.560000 10.140000 -1.576086
Car 0.000000 1.000000 -1.700000 664.907380 176.349252 750.219480 257.703835 1.540000 1.480000 3.170000 2.470000 1.620000 15.400000 -1.540965
Car 0.000000 1.000000 -1.650000 636.211156 168.354251 676.758014 207.976540 1.740000 1.620000 4.130000 2.610000 1.540000 33.750000 -1.572820
Car 0.000000 0.000000 2.080000 -30.811515 202.984878 217.639884 311.695217 1.340000 1.620000 3.670000 -7.660000 1.910000 11.820000 1.504994
Car 0.000000 1.000000 1.980000 177.117963 186.649173 325.679653 261.697037 1.510000 1.580000 4.160000 -7.940000 1.880000 17.380000 1.551467
Car 0.000000 1.000000 1.880000 317.980002 181.188844 404.383794 229.772812 1.510000 1.650000 3.940000 -8.040000 1.820000 25.070000 1.569660
Car 0.000000 1.000000 -1.620000 625.990436 171.484776 647.021254 191.844030 1.600000 1.560000 3.450000 2.630000 1.490000 58.430000 -1.575019
