Car 0.000000 0.000000 -1.590000 576.962989 175.422097 624.458966 220.725304 1.560000 1.650000 3.690000 0.140000 1.660000 26.910000 -1.584798
Car 0.770000 0.000000 -1.440000 959.686429 185.632013 1405.639480 532.522362 1.410000 1.600000 4.090000 4.650000 1.530000 4.990000 -0.689857
Car 0.000000 1.000000 1.790000 390.115477 185.456339 453.334319 222.968023 1.370000 1.640000 3.920000 -7.160000 1.920000 29.650000 1.553052
Car 0.000000 0.000000 -0.990000 704.767653 170.376807 876.872055 247.911002 1.490000 1.590000 4.090000 4.530000 1.440000 15.800000 -0.710781
Car 0.000000 2.000000 -0.950000 662.245464 175.585358 783.996860 225.593613 1.400000 1.630000 4.050000 4.070000 1.490000 22.410000 -0.770343
Car 0.000000 2.000000 -0.930000 665.151625 170.629620 750.545663 211.509139 1.610000 1.670000 3.650000 4.640000 1.520000 30.290000 -0.777996
Van 0.000000 1.000000 -0.940000 639.934308 165.227700 722.877937 204.230007 1.880000 1.820000 4.640000 4.230000 1.510000 37.100000 -0.826474
Car 0.000000 2.000000 -0.860000 635.920877 174.139621 700.977185 199.750113 1.490000 1.630000 4.160000 4.120000 1.570000 44.210000 -0.767077
Car 0.000000 1.000000 1.840000 389.050993 176.715619 438.732580 206.695517 1.670000 1.680000 4.490000 -11.120000 1.910000 43.030000 1.587108
Van 0.000000 1.000000 1.750000 533.461285 162.715381 563.513297 189.352476 2.910000 2.180000 6.910000 -6.430000 1.800000 82.370000 1.672096
Car 0.000000 2.000000 1.820000 421.272359 175.539365 460.200367 200.565633 1.630000 1.580000 4.200000 -11.070000 1.820000 49.570000 1.600285
Car 0.000000 0.000000 1.760000 486.958082 177.793873 512.335589 193.040505 1.450000 1.650000 4.630000 -10.530000 1.960000 72.490000 1.615748
Car 0.000000 1.000000 1.850000 369.177163 178.156287 400.206739 200.092655 1.470000 1.290000 2.950000 -15.250000 1.850000 50.550000 1.557001
Car 0.000000 2.000000 1.420000 136.583288 179.247174 175.650920 204.154664 1.480000 1.590000 3.660000 -28.310000 1.900000 45.760000 0.865971
