Car 1.000000 0.000000 -2.570000 981.140000 219.530000 1241.000000 374.000000 1.540000 1.600000 3.520000 2.450000 1.730000 1.410000 -1.521421
Car 0.920000 0.000000 -1.010000 -994.281378 200.982408 284.524772 951.929618 1.540000 1.500000 3.480000 -2.490000 1.740000 3.400000 -1.642111
Car 0.000000 1.000000 1.860000 186.887069 197.592269 442.175027 366.571399 1.440000 1.630000 3.320000 -2.630000 1.780000 8.310000 1.553488
Car 0.010000 0.000000 -1.950000 714.767518 189.527373 961.601971 376.448692 1.550000 1.550000 3.270000 2.720000 1.770000 7.950000 -1.620346
Car 0.000000 1.000000 -1.760000 663.415229 187.948075 787.006085 289.029446 1.480000 1.600000 3.790000 2.400000 1.790000 13.030000 -1.577851
Car 0.000000 0.000000 1.720000 480.022786 185.361122 546.170045 239.057632 1.560000 1.550000 3.640000 -2.610000 2.000000 23.670000 1.610178
Car 0.000000 1.000000 1.660000 519.713995 174.521874 571.936864 225.700152 1.910000 1.660000 4.220000 -2.030000 1.980000 29.190000 1.590567
Car 0.000000 1.000000 1.680000 552.462819 176.375553 597.815228 216.888992 1.830000 1.690000 4.280000 -1.140000 2.010000 35.170000 1.647597
Car 0.000000 0.000000 1.820000 607.964852 182.593808 645.172042 205.950626 1.510000 1.630000 4.030000 1.710000 2.220000 50.610000 1.853775
DontCare -1.000000 -1.000000 -10.000000 657.050000 184.410000 663.170000 202.170000 -1.000000 -1.000000 -1.000000 -1000.000000 -1000.000000 -1000.000000 -9.214602
