Car 0.000000 1.000000 2.910000 691.553835 164.078216 823.151218 210.420929 1.730000 1.740000 4.710000 6.100000 1.400000 27.840000 3.125700
Car 0.000000 2.000000 -0.620000 1075.712549 143.698589 1208.797509 180.684537 1.570000 1.640000 4.560000 23.650000 0.330000 31.500000 0.024009
Car 0.490000 1.000000 -0.710000 1150.422562 139.491903 1297.915258 183.517950 1.620000 1.670000 4.170000 23.720000 0.390000 27.390000 0.003715
Car 0.890000 1.000000 -0.770000 1206.247087 139.110487 1377.363164 188.928441 1.650000 1.790000 4.200000 23.820000 0.530000 24.800000 -0.004755
Car 0.000000 0.000000 -0.490000 959.854355 149.917088 1048.430505 176.815660 1.510000 1.640000 4.170000 23.040000 0.220000 41.360000 0.018247
Car 0.000000 2.000000 -0.520000 943.882758 151.571717 1030.000389 177.091551 1.520000 1.600000 4.420000 23.360000 0.250000 43.840000 -0.030422
Car 0.000000 0.000000 1.640000 496.999153 176.701676 537.533930 209.206648 1.580000 1.760000 4.180000 -4.290000 1.790000 37.700000 1.526694
Car 0.000000 0.000000 1.660000 571.823320 172.997178 599.476743 193.569819 1.650000 1.880000 4.450000 -1.480000 1.660000 60.180000 1.635412
Car 0.000000 1.000000 -1.940000 855.138190 152.528718 894.076954 176.796021 1.800000 1.650000 3.550000 20.740000 0.290000 55.300000 -1.581190
Car 0.000000 1.000000 -1.960000 886.375326 154.054190 929.024414 176.114563 1.640000 1.700000 3.910000 23.390000 0.240000 55.600000 -1.561791
Car 0.000000 1.000000 1.450000 650.329504 169.906708 679.005189 190.223048 1.500000 1.710000 4.440000 4.670000 1.280000 55.520000 1.533916
DontCare -1.000000 -1.000000 -10.000000 549.020000 173.420000 574.540000 201.530000 -1.000000 -1.000000 -1.000000 -1000.000000 -1000.000000 -1000.000000 -9.214602
DontCare -1.000000 -1.000000 -10.000000 620.180000 174.060000 653.460000 191.170000 -1.000000 -1.000000 -1.000000 -1000.000000 -1000.000000 -1000.000000 -9.214602
