Car 0.000000 0.000000 -1.570000 560.709666 179.543125 616.956576 225.856658 1.360000 1.690000 3.380000 -0.160000 1.590000 23.370000 -1.576846
Car 0.080000 3.000000 -1.880000 -54.100577 151.364144 267.090570 396.798825 1.800000 1.630000 3.790000 -4.620000 1.640000 7.120000 -2.455585
Car 0.000000 1.000000 -2.070000 253.856869 182.368319 437.045105 269.775150 1.410000 1.620000 4.190000 -4.790000 1.620000 14.090000 -2.397700
Car 0.000000 2.000000 -2.190000 302.457040 180.031290 458.788755 250.749395 1.490000 1.660000 3.970000 -5.130000 1.680000 17.460000 -2.475772
Car 0.000000 2.000000 -2.180000 394.410466 177.180064 494.846025 220.804295 1.390000 1.620000 3.720000 -5.340000 1.550000 25.220000 -2.388655
Car 0.000000 2.000000 -2.320000 440.278383 175.756872 525.202058 212.647463 1.490000 1.660000 3.550000 -5.030000 1.620000 31.160000 -2.480044
Van 0.000000 3.000000 -1.910000 713.692053 112.797960 999.693477 340.542111 2.380000 2.080000 5.750000 3.480000 1.750000 10.430000 -1.587962
Car 0.000000 2.000000 -1.780000 698.644325 184.261682 806.800609 258.689013 1.470000 1.730000 4.220000 3.690000 1.770000 17.010000 -1.566379
Car 0.000000 0.000000 -1.660000 651.954667 182.138779 693.123902 214.277076 1.400000 1.660000 4.080000 3.440000 1.870000 34.660000 -1.561074
Van 0.000000 3.000000 -1.640000 632.382902 164.659334 663.241875 197.843613 2.420000 2.030000 5.490000 3.350000 1.820000 55.370000 -1.579572
Car 0.000000 2.000000 -1.570000 578.196161 175.982728 613.808712 208.731996 1.520000 1.670000 3.610000 -0.170000 1.680000 35.640000 -1.574770
Van 0.000000 3.000000 2.090000 17.788699 140.281179 245.439890 265.290519 2.140000 1.710000 4.520000 -8.860000 1.580000 14.630000 1.545469
Car 0.030000 3.000000 2.110000 -25.297695 169.802499 134.546988 235.075217 1.660000 1.540000 4.340000 -15.110000 1.580000 20.580000 1.476683
Car 0.000000 2.000000 2.020000 267.913170 177.269162 333.704670 205.426396 1.310000 1.520000 3.730000 -14.880000 1.540000 36.070000 1.628738
DontCare -1.000000 -1.000000 -10.000000 540.610000 172.120000 574.540000 201.520000 -1.000000 -1.000000 -1.000000 -1000.000000 -1000.000000 -1000.000000 -9.214602
