Car 0.000000 0.000000 -1.610000 507.732246 178.176711 702.581690 366.204058 1.560000 1.650000 3.690000 0.470000 1.630000 7.950000 -1.550949
Car 0.970000 0.000000 -1.580000 1030.187326 175.580606 1707.081149 741.476166 1.490000 1.630000 4.160000 4.380000 1.510000 3.920000 -0.739237
Car 0.000000 1.000000 -0.990000 701.434149 170.725355 825.768849 227.632078 1.540000 1.720000 3.880000 5.120000 1.480000 21.480000 -0.756005
Car 0.000000 2.000000 -0.930000 677.047793 173.961595 751.127445 209.866457 1.520000 1.490000 3.460000 5.200000 1.570000 32.390000 -0.770815
Car 0.000000 2.000000 -0.880000 658.503790 175.541909 725.208366 202.740986 1.390000 1.610000 3.650000 4.960000 1.540000 39.070000 -0.753724
Car 0.000000 0.000000 1.800000 473.999964 180.106456 516.705047 207.961492 1.450000 1.580000 3.420000 -5.850000 1.870000 40.250000 1.655669
Car 0.000000 0.000000 2.130000 12.974385 193.878300 208.100546 269.548411 1.340000 1.570000 4.010000 -10.260000 1.860000 15.910000 1.557234
Car 0.000000 1.000000 1.800000 562.590086 175.083686 590.433476 192.265756 1.520000 1.650000 4.100000 -2.540000 1.730000 66.560000 1.761857
Car 0.000000 0.000000 1.920000 340.107294 182.231398 414.769893 218.462696 1.450000 1.650000 4.630000 -9.850000 1.900000 32.450000 1.625295
Car 0.000000 1.000000 1.830000 392.308048 175.386676 442.389513 211.324505 1.810000 1.590000 3.930000 -9.740000 1.950000 38.590000 1.582767
Car 0.000000 1.000000 1.900000 449.464346 176.983011 493.384046 201.468313 1.560000 1.620000 4.190000 -8.830000 1.850000 48.900000 1.721352
Car 0.000000 1.000000 2.000000 508.359632 177.592707 548.617716 195.200036 1.420000 1.670000 4.530000 -6.430000 1.840000 61.900000 1.896494
Car 0.000000 1.000000 2.150000 221.415492 179.999008 299.911282 217.192343 1.470000 1.480000 3.210000 -14.370000 1.790000 30.860000 1.714207
Car 0.000000 2.000000 2.350000 211.000398 179.883297 294.030202 207.428407 1.470000 1.780000 4.340000 -20.230000 1.900000 42.040000 1.901498
