Car 0.000000 0.000000 -1.590000 581.926418 175.215402 625.082090 216.347827 1.560000 1.650000 3.690000 0.220000 1.660000 29.430000 -1.582525
Car 0.650000 0.000000 -1.450000 960.912074 163.160737 1353.824676 468.588433 1.500000 1.640000 3.990000 4.830000 1.450000 5.480000 -0.727564
Car 0.000000 1.000000 -1.250000 775.625842 178.313417 1049.476510 331.177291 1.400000 1.650000 4.180000 4.350000 1.480000 8.820000 -0.791809
Car 0.000000 1.000000 -1.130000 717.918748 169.513247 919.665342 281.093839 1.590000 1.650000 3.940000 4.150000 1.540000 12.270000 -0.803855
Car 0.000000 2.000000 -1.030000 698.398465 173.756837 869.453113 251.136994 1.480000 1.730000 4.060000 4.400000 1.500000 15.870000 -0.759541
Car 0.000000 2.000000 -0.900000 681.558520 168.848975 824.381645 235.732722 1.630000 1.610000 3.960000 4.400000 1.530000 19.450000 -0.677524
Car 0.000000 2.000000 -0.870000 670.094937 174.677480 776.688618 215.984403 1.410000 1.600000 4.090000 4.740000 1.480000 26.720000 -0.694431
Car 0.000000 0.000000 1.720000 484.737330 181.027675 516.867965 204.203913 1.380000 1.470000 3.620000 -6.430000 1.920000 46.060000 1.581296
Car 0.000000 1.000000 -0.810000 651.580824 173.264724 729.094202 203.573397 1.490000 1.590000 4.090000 4.700000 1.510000 37.430000 -0.685086
Car 0.000000 2.000000 -0.880000 638.652659 174.296365 701.875300 198.367887 1.400000 1.630000 4.050000 4.230000 1.490000 44.210000 -0.784611
Van 0.000000 2.000000 -0.920000 632.424441 169.044311 685.171162 193.110487 1.880000 1.820000 4.640000 4.520000 1.580000 58.700000 -0.843150
Car 0.000000 1.000000 1.760000 467.719439 175.687583 496.393768 195.238037 1.670000 1.680000 4.490000 -10.890000 1.930000 64.550000 1.592867
Car 0.000000 1.000000 1.760000 446.448252 177.167764 465.158125 192.280871 1.470000 1.290000 2.950000 -14.960000 1.910000 72.510000 1.556538
DontCare -1.000000 -1.000000 -10.000000 527.840000 175.360000 592.820000 188.920000 -1.000000 -1.000000 -1.000000 -1000.000000 -1000.000000 -1000.000000 -9.214602
