Car 0.000000 0.000000 -1.580000 572.393902 171.158577 632.570784 219.594110 1.360000 1.690000 3.380000 0.280000 1.310000 21.950000 -1.567244
Car 0.000000 0.000000 -2.160000 176.703011 175.949775 417.747250 290.951389 1.400000 1.600000 3.550000 -4.150000 1.450000 10.540000 -2.535097
Car 0.000000 2.000000 -2.110000 350.520468 168.255864 470.308584 230.644009 1.460000 1.490000 3.400000 -4.720000 1.350000 18.610000 -2.358389
Car 0.000000 2.000000 -2.220000 388.788249 168.942866 503.636970 220.919256 1.430000 1.620000 3.470000 -4.460000 1.320000 21.600000 -2.423620
Car 0.000000 2.000000 -2.250000 440.639657 167.644366 532.244462 203.762870 1.370000 1.550000 3.960000 -4.570000 1.170000 29.270000 -2.404882
Van 0.000000 3.000000 -2.270000 495.495236 149.205362 570.415476 188.870883 2.210000 1.820000 4.690000 -4.090000 0.890000 42.490000 -2.365962
Car 0.440000 3.000000 -2.130000 854.135756 186.145378 1305.343639 420.480762 1.410000 1.610000 3.710000 4.070000 1.560000 6.410000 -1.564281
Car 0.000000 1.000000 -1.890000 755.643156 179.325615 927.666876 282.228093 1.360000 1.590000 3.850000 4.010000 1.480000 11.710000 -1.560074
Car 0.000000 1.000000 -1.810000 714.961708 158.089356 828.558198 240.647135 1.720000 1.790000 3.940000 4.140000 1.410000 17.000000 -1.571121
Pedestrian 0.000000 2.000000 -1.740000 680.040048 164.915657 702.166105 205.156621 1.610000 0.740000 1.080000 3.790000 1.290000 29.420000 -1.611882
Car 0.000000 2.000000 -0.410000 779.244621 162.246921 895.627321 206.485910 1.700000 1.770000 4.060000 9.510000 1.290000 28.790000 -0.090961
Car 0.800000 3.000000 2.390000 -409.561020 176.433873 86.070706 333.579980 1.410000 1.580000 3.900000 -8.030000 1.460000 8.560000 1.636538
Car 0.000000 2.000000 2.300000 49.075152 170.641431 255.708700 255.366772 1.440000 1.580000 3.250000 -8.200000 1.400000 14.010000 1.770462
Car 0.000000 2.000000 -1.550000 587.785257 163.732071 624.141656 196.157629 1.520000 1.670000 3.610000 0.340000 1.090000 35.650000 -1.540463
Car 0.000000 2.000000 1.960000 196.900216 167.306367 317.856226 230.345165 1.450000 1.470000 3.520000 -8.350000 1.320000 18.380000 1.533577
Car 0.000000 2.000000 2.010000 273.791518 165.515846 372.687371 215.001236 1.400000 1.440000 3.450000 -8.220000 1.190000 22.190000 1.655236
Van 0.000000 3.000000 -0.510000 893.442568 141.853438 1070.542577 207.373041 2.510000 2.460000 5.850000 15.270000 1.320000 28.940000 -0.024483
