Car 0.930000 0.000000 -2.080000 862.626033 193.842745 1908.014600 867.882689 1.420000 1.660000 3.710000 2.930000 1.580000 3.610000 -1.398205
Car 0.000000 1.000000 -1.650000 833.356828 150.937786 1036.228471 335.679815 1.750000 1.840000 4.430000 4.460000 1.540000 9.230000 -1.199877
Van 0.000000 0.000000 -1.610000 538.584526 163.735276 588.620557 218.847598 1.980000 1.800000 4.540000 -1.380000 1.650000 28.260000 -1.658794
Van 0.000000 2.000000 -0.510000 816.088583 132.251947 1046.482181 218.818976 2.660000 2.130000 6.640000 10.820000 1.410000 23.490000 -0.078348
Car 0.000000 0.000000 -1.350000 344.670275 179.819521 419.681238 222.932056 1.480000 1.710000 4.650000 -8.200000 1.770000 27.910000 -1.635760
Car 0.000000 0.000000 -1.210000 252.367949 166.149390 344.014855 223.713002 2.040000 1.660000 4.620000 -11.420000 1.800000 27.900000 -1.598514
Car 0.000000 0.000000 -1.520000 469.789709 170.917792 509.755854 202.302015 1.420000 1.640000 3.950000 -5.230000 1.330000 34.690000 -1.669637
Car 0.000000 0.000000 -1.840000 691.070128 170.012055 760.288855 209.892504 1.510000 1.720000 4.500000 5.140000 1.400000 29.640000 -1.668293
Van 0.000000 0.000000 1.460000 619.872440 149.802885 653.415132 186.495628 2.750000 2.040000 6.050000 2.550000 1.020000 57.160000 1.504582
Car 0.000000 1.000000 -1.880000 741.698858 168.272950 814.057722 210.574242 1.640000 1.730000 4.430000 7.420000 1.460000 30.240000 -1.639383
Van 0.190000 1.000000 0.850000 1098.070031 136.708481 1257.887953 203.090471 2.530000 2.260000 5.420000 24.020000 1.150000 30.260000 1.520941
Truck 0.000000 1.000000 1.520000 575.554823 137.252750 610.220574 188.758749 3.570000 2.250000 7.970000 -0.870000 1.100000 54.060000 1.503908
Misc 0.000000 1.000000 2.020000 148.591850 196.731673 291.607304 229.962170 0.930000 2.390000 5.820000 -14.000000 1.930000 27.350000 1.546891
Car 0.000000 1.000000 -1.060000 96.259072 183.874311 211.746987 229.250200 1.530000 1.610000 4.730000 -16.940000 1.990000 27.880000 -1.605992
Car 0.050000 1.000000 -1.020000 -20.024080 188.551472 85.934547 229.757456 1.400000 1.560000 3.480000 -21.540000 2.040000 27.710000 -1.680768
Misc 0.000000 2.000000 2.080000 41.068620 187.795614 128.880649 226.233682 1.340000 1.600000 2.680000 -19.560000 1.940000 27.670000 1.464656
Misc 0.000000 2.000000 2.110000 28.316698 171.151784 82.678850 210.401543 2.020000 1.310000 2.250000 -28.910000 1.930000 38.320000 1.463666
