Car 0.000000 0.000000 2.160000 70.730950 182.401528 245.365740 249.475267 1.450000 1.590000 4.280000 -10.790000 1.720000 18.400000 1.629631
Car 0.000000 0.000000 -1.620000 685.120506 174.475600 721.951302 206.614296 1.430000 1.590000 4.210000 4.910000 1.510000 34.490000 -1.478590
Car 0.000000 0.000000 3.110000 795.527901 170.186266 842.021484 186.017183 1.410000 1.590000 4.010000 19.440000 1.170000 65.540000 3.398346
Pedestrian 0.000000 0.000000 -0.280000 554.225809 171.881531 564.767105 196.622991 1.720000 0.740000 0.560000 -3.040000 1.650000 50.600000 -0.340007
Car 0.000000 1.000000 3.040000 879.536383 165.360659 931.149819 183.758311 1.590000 1.640000 4.080000 26.550000 0.940000 63.730000 3.434735
Van 0.000000 1.000000 2.830000 1044.082615 159.440752 1104.538333 181.804210 1.830000 1.710000 3.920000 39.310000 0.730000 60.380000 3.407108
DontCare -1.000000 -1.000000 -10.000000 593.820000 168.560000 685.000000 186.000000 -1.000000 -1.000000 -1.000000 -1000.000000 -1000.000000 -1000.000000 -9.214602
DontCare -1.000000 -1.000000 -10.000000 265.850000 173.420000 322.100000 197.650000 -1.000000 -1.000000 -1.000000 -1000.000000 -1000.000000 -1000.000000 -9.214602
DontCare -1.000000 -1.000000 -10.000000 995.530000 165.650000 1026.550000 180.180000 -1.000000 -1.000000 -1.000000 -1000.000000 -1000.000000 -1000.000000 -9.214602
DontCare -1.000000 -1.000000 -10.000000 761.470000 171.930000 783.690000 192.440000 -1.000000 -1.000000 -1.000000 -1000.000000 -1000.000000 -1000.000000 -9.214602
