Car 0.520000 0.000000 2.410000 -162.972342 191.490952 113.770964 288.873007 1.430000 1.580000 3.660000 -10.860000 1.820000 13.260000 1.723778
Car 0.000000 0.000000 -1.550000 626.257264 177.766556 665.902039 212.472492 1.370000 1.560000 3.540000 2.080000 1.590000 30.830000 -1.482635
Car 0.000000 0.000000 -1.460000 582.629827 171.905380 624.064569 203.987677 1.610000 1.690000 4.260000 0.200000 1.560000 38.420000 -1.454794
Car 0.000000 2.000000 -1.550000 648.422240 172.159298 679.524269 200.423970 1.530000 1.630000 4.500000 3.640000 1.490000 41.380000 -1.462261
Car 0.000000 2.000000 -0.680000 928.724960 156.117791 1031.309270 191.122615 1.480000 1.600000 3.840000 16.700000 0.770000 31.660000 -0.194611
Car 0.000000 2.000000 -0.620000 893.509189 156.225220 982.333074 189.371365 1.550000 1.610000 3.640000 16.310000 0.770000 34.860000 -0.182384
DontCare -1.000000 -1.000000 -10.000000 1056.700000 141.400000 1240.040000 181.150000 -1.000000 -1.000000 -1.000000 -1000.000000 -1000.000000 -1000.000000 -9.214602
DontCare -1.000000 -1.000000 -10.000000 136.800000 188.940000 193.050000 211.230000 -1.000000 -1.000000 -1.000000 -1000.000000 -1000.000000 -1000.000000 -9.214602
DontCare -1.000000 -1.000000 -10.000000 215.390000 182.150000 292.010000 206.380000 -1.000000 -1.000000 -1.000000 -1000.000000 -1000.000000 -1000.000000 -9.214602
DontCare -1.000000 -1.000000 -10.000000 328.920000 177.300000 423.980000 198.620000 -1.000000 -1.000000 -1.000000 -1000.000000 -1000.000000 -1000.000000 -9.214602
DontCare -1.000000 -1.000000 -10.000000 730.630000 165.650000 749.040000 181.150000 -1.000000 -1.000000 -1.000000 -1000.000000 -1000.000000 -1000.000000 -9.214602
DontCare -1.000000 -1.000000 -10.000000 511.340000 175.360000 549.150000 187.940000 -1.000000 -1.000000 -1.000000 -1000.000000 -1000.000000 -1000.000000 -9.214602
