Car 0.860000 0.000000 -3.020000 -444.079354 182.234373 46.813489 359.651568 1.730000 1.690000 3.880000 -9.080000 1.870000 9.090000 -3.804848
Car 0.000000 1.000000 -3.060000 33.802321 184.016118 191.283072 264.711216 1.430000 1.570000 2.430000 -9.310000 1.670000 14.400000 -3.633930
Car 0.000000 2.000000 -3.060000 117.785454 180.648290 306.386383 250.226265 1.480000 1.740000 3.770000 -8.810000 1.680000 17.210000 -3.533131
Car 0.000000 0.000000 1.840000 366.562733 176.919941 427.165265 217.992517 1.550000 1.540000 3.060000 -8.030000 1.720000 29.060000 1.570403
Car 0.000000 2.000000 1.750000 393.401366 177.481480 448.743212 211.469719 1.470000 1.720000 4.330000 -8.330000 1.700000 34.020000 1.509869
Pedestrian 0.000000 0.000000 3.070000 300.447655 180.711058 326.606160 244.378881 1.560000 0.620000 0.580000 -6.990000 1.760000 18.180000 2.702937
Pedestrian 0.000000 2.000000 2.120000 301.810630 199.513064 324.540955 244.498652 1.140000 0.400000 0.390000 -7.240000 1.840000 18.780000 1.752041
DontCare -1.000000 -1.000000 -10.000000 1031.400000 136.540000 1239.020000 236.450000 -1.000000 -1.000000 -1.000000 -1000.000000 -1000.000000 -1000.000000 -9.214602
DontCare -1.000000 -1.000000 -10.000000 813.110000 150.130000 1025.580000 191.820000 -1.000000 -1.000000 -1.000000 -1000.000000 -1000.000000 -1000.000000 -9.214602
DontCare -1.000000 -1.000000 -10.000000 456.030000 176.330000 498.690000 196.680000 -1.000000 -1.000000 -1.000000 -1000.000000 -1000.000000 -1000.000000 -9.214602
DontCare -1.000000 -1.000000 -10.000000 556.940000 172.450000 583.110000 188.920000 -1.000000 -1.000000 -1.000000 -1000.000000 -1000.000000 -1000.000000 -9.214602
DontCare -1.000000 -1.000000 -10.000000 639.420000 168.560000 693.730000 191.820000 -1.000000 -1.000000 -1.000000 -1000.000000 -1000.000000 -1000.000000 -9.214602
DontCare -1.000000 -1.000000 -10.000000 352.710000 176.300000 384.740000 203.520000 -1.000000 -1.000000 -1.000000 -1000.000000 -1000.000000 -1000.000000 -9.214602
