Car 0.420000 0.000000 2.120000 -180.436093 191.828118 333.930987 444.114856 1.500000 1.600000 4.170000 -3.760000 1.730000 6.720000 1.609874
Car 0.000000 0.000000 1.840000 1031.588255 156.504940 1212.142828 261.092671 1.520000 1.580000 3.280000 9.120000 1.280000 12.110000 2.485480
Car 0.000000 1.000000 1.990000 939.416344 158.220275 1086.375819 242.980540 1.550000 1.470000 2.970000 8.690000 1.280000 14.650000 2.525385
Car 0.000000 1.000000 2.130000 889.213592 161.061983 1028.739213 229.362743 1.550000 1.430000 3.490000 9.160000 1.280000 17.880000 2.603442
Car 0.000000 2.000000 2.220000 849.477204 161.614583 980.924086 222.795859 1.620000 1.530000 3.650000 9.240000 1.320000 20.650000 2.640738
Car 0.000000 2.000000 2.250000 821.275084 169.318272 948.815581 218.277278 1.490000 1.650000 4.120000 9.540000 1.380000 23.680000 2.632979
Car 0.000000 0.000000 -1.740000 691.810571 174.396056 817.093318 277.217180 1.580000 1.680000 3.930000 2.940000 1.610000 13.150000 -1.520043
Car 0.000000 2.000000 -1.680000 676.710017 181.172615 752.580615 240.306920 1.360000 1.650000 3.800000 3.150000 1.600000 19.080000 -1.516382
Car 0.000000 0.000000 1.850000 388.010342 177.320462 500.362095 251.226740 1.580000 1.540000 3.980000 -3.440000 1.700000 17.720000 1.658254
Van 0.000000 2.000000 1.770000 449.510415 164.437199 534.253151 231.743045 1.980000 1.790000 4.390000 -3.230000 1.730000 23.470000 1.633237
Car 0.000000 2.000000 2.940000 737.453779 161.890822 828.010594 201.142993 1.710000 1.670000 3.700000 8.180000 1.230000 32.350000 3.187668
Car 0.000000 2.000000 1.680000 514.976752 176.845292 561.050690 213.220873 1.600000 1.660000 4.330000 -2.870000 1.800000 34.400000 1.596763
Car 0.000000 2.000000 0.060000 519.887271 176.375545 582.897411 198.495507 1.710000 1.740000 4.850000 -4.080000 1.990000 56.960000 -0.011507
Truck 0.000000 3.000000 -1.490000 608.281721 137.915367 669.999469 201.061635 3.520000 2.890000 10.810000 2.570000 1.570000 45.770000 -1.433909
