Pedestrian 0.000000 0.000000 -1.370000 271.657931 157.599607 303.737355 214.127804 1.820000 0.780000 0.940000 -9.940000 1.080000 23.300000 -1.773233
Pedestrian 0.000000 0.000000 -1.300000 383.613035 162.277603 406.201107 201.047662 1.760000 0.690000 1.210000 -9.190000 0.930000 32.700000 -1.573973
Pedestrian 0.000000 0.000000 2.260000 20.987499 147.721820 89.773782 249.227626 1.850000 0.660000 0.800000 -9.830000 1.250000 13.300000 1.623513
Pedestrian 0.000000 2.000000 -1.200000 275.899381 154.908105 294.057194 194.830739 1.930000 0.590000 0.700000 -15.110000 0.690000 34.540000 -1.612380
Car 0.000000 0.000000 -1.530000 555.922643 170.272721 579.944329 188.298909 1.440000 1.790000 3.960000 -2.480000 0.620000 58.460000 -1.572397
Car 0.000000 1.000000 -2.160000 946.336218 181.400584 1051.940617 228.550427 1.480000 1.560000 3.330000 13.750000 1.510000 23.970000 -1.639193
Car 0.000000 1.000000 -2.240000 1019.691865 183.614574 1137.778219 228.812680 1.400000 1.590000 3.350000 16.360000 1.510000 23.860000 -1.638959
Car 0.050000 2.000000 0.890000 1083.636711 184.053899 1212.636540 229.744423 1.440000 1.500000 3.800000 19.150000 1.570000 24.490000 1.553639
Pedestrian 0.000000 0.000000 2.120000 -16.206017 152.229502 39.612775 246.209486 1.720000 0.490000 0.730000 -10.680000 1.200000 13.330000 1.444528
Pedestrian 0.000000 0.000000 -1.210000 308.576927 154.450705 331.479446 197.115843 2.010000 0.760000 0.840000 -13.070000 0.780000 33.730000 -1.579675
Pedestrian 0.000000 1.000000 -1.170000 293.133782 158.935485 316.577137 196.403145 1.750000 0.650000 1.070000 -13.720000 0.740000 33.560000 -1.558087
Pedestrian 0.000000 0.000000 2.130000 98.195610 155.250589 142.678222 242.834327 1.760000 0.570000 0.500000 -9.410000 1.250000 14.460000 1.553090
Pedestrian 0.000000 1.000000 2.170000 55.767567 149.047968 103.742966 238.590332 1.900000 0.590000 0.610000 -10.870000 1.230000 15.310000 1.552598
Pedestrian 0.000000 0.000000 -2.570000 644.306197 162.515087 759.832403 310.986279 1.630000 0.550000 1.280000 1.620000 1.430000 8.400000 -2.379482
Pedestrian 0.000000 0.000000 -2.870000 834.942493 147.358968 934.686484 297.837425 1.850000 0.750000 1.040000 4.170000 1.440000 9.310000 -2.448889
Cyclist 0.000000 0.000000 1.720000 454.352022 165.153477 472.540784 206.950003 1.790000 0.510000 1.730000 -5.710000 1.130000 31.150000 1.538706
Pedestrian 0.000000 2.000000 2.090000 19.345532 156.677218 55.781801 233.679338 1.640000 0.460000 0.430000 -11.780000 1.130000 15.300000 1.433862
Pedestrian 0.340000 0.000000 2.230000 -42.452731 149.335215 9.928159 235.986458 1.800000 0.520000 0.690000 -12.710000 1.150000 15.040000 1.528369
Car 0.000000 0.000000 -1.630000 592.303598 171.772159 627.086244 199.521398 1.390000 1.640000 4.510000 0.720000 0.950000 37.700000 -1.610904
Pedestrian 0.000000 1.000000 0.620000 264.800599 155.229615 282.586372 190.421339 1.890000 0.800000 0.500000 -17.470000 0.530000 38.410000 0.193137
Pedestrian 0.000000 0.000000 -2.680000 209.945750 153.354961 224.359459 197.165745 1.900000 0.530000 0.350000 -16.450000 0.720000 30.930000 -3.168799
Pedestrian 0.000000 2.000000 2.490000 1109.836083 178.363879 1136.429100 214.235014 1.800000 0.800000 0.760000 26.810000 1.690000 35.880000 3.131715
DontCare -1.000000 -1.000000 -10.000000 177.430000 157.610000 211.440000 196.510000 -1.000000 -1.000000 -1.000000 -1000.000000 -1000.000000 -1000.000000 -9.214602
DontCare -1.000000 -1.000000 -10.000000 539.860000 167.280000 553.080000 180.500000 -1.000000 -1.000000 -1.000000 -1000.000000 -1000.000000 -1000.000000 -9.214602
