Car 0.000000 0.000000 -1.570000 534.513969 172.961340 630.459703 263.719855 1.560000 1.650000 3.690000 0.010000 1.560000 14.250000 -1.569298
Car 0.710000 0.000000 -1.480000 965.693477 164.551640 1345.670205 491.302952 1.480000 1.550000 3.560000 4.470000 1.440000 5.050000 -0.755451
Car 0.000000 1.000000 -1.220000 794.212283 177.047920 1064.713344 330.759112 1.450000 1.620000 3.880000 4.520000 1.510000 8.820000 -0.746425
Car 0.000000 2.000000 -0.990000 716.861870 166.707439 949.835413 274.757216 1.540000 1.730000 4.040000 4.340000 1.450000 12.190000 -0.647964
Car 0.000000 2.000000 -0.990000 715.534011 175.002446 879.182329 246.947012 1.380000 1.560000 3.800000 4.650000 1.430000 15.770000 -0.703262
Car 0.560000 0.000000 2.250000 -196.828890 180.341997 115.861359 292.987394 1.490000 1.610000 3.900000 -9.700000 1.630000 11.760000 1.560301
Car 0.000000 1.000000 1.960000 58.761963 173.693935 227.052360 250.976720 1.570000 1.710000 4.320000 -10.240000 1.590000 16.970000 1.417071
Van 0.000000 1.000000 1.670000 528.420446 172.090316 552.865401 191.968419 2.020000 1.990000 5.560000 -6.750000 1.940000 76.110000 1.581544
Pedestrian 0.000000 0.000000 -0.680000 667.539203 171.049804 695.602633 214.816990 1.640000 0.630000 0.860000 3.220000 1.570000 27.530000 -0.563566
Pedestrian 0.000000 3.000000 2.840000 -16.389583 165.320686 5.711002 241.669683 1.800000 0.440000 0.290000 -14.230000 1.620000 17.250000 2.150243
Pedestrian 0.000000 1.000000 2.720000 912.544963 160.952695 925.080765 201.781272 1.810000 0.510000 0.340000 14.290000 1.280000 32.240000 3.137217
Pedestrian 0.000000 2.000000 2.390000 913.145479 163.950358 920.989940 193.761381 1.800000 0.430000 0.200000 19.140000 1.260000 43.800000 2.801979
DontCare -1.000000 -1.000000 -10.000000 477.380000 179.240000 500.640000 194.740000 -1.000000 -1.000000 -1.000000 -1000.000000 -1000.000000 -1000.000000 -9.214602
