Van 1.000000 0.000000 2.320000 0.000000 0.000000 383.210000 374.000000 2.470000 1.980000 5.810000 -2.860000 1.710000 2.810000 1.525784
Car 0.050000 0.000000 -0.330000 705.426402 157.616103 1203.177901 359.426685 1.690000 1.760000 4.120000 3.510000 1.560000 7.170000 0.125244
Van 0.000000 1.000000 1.790000 308.850156 142.345139 521.005232 301.773679 2.130000 1.910000 6.400000 -2.530000 1.720000 12.860000 1.595747
Pedestrian 0.000000 1.000000 0.890000 1140.735869 149.462095 1187.343577 249.817977 1.620000 0.480000 0.370000 9.560000 1.240000 11.830000 1.569670
Pedestrian 0.000000 2.000000 -2.130000 1015.664547 147.219438 1065.271577 260.972985 1.720000 0.570000 0.320000 7.080000 1.330000 11.070000 -1.560994
Pedestrian 0.000000 1.000000 -1.780000 736.642477 164.261415 762.543421 219.965364 1.670000 0.700000 0.440000 4.710000 1.410000 21.850000 -1.567688
Car 0.000000 0.000000 -1.720000 654.828508 175.401892 712.556782 225.232779 1.570000 1.540000 3.220000 2.930000 1.660000 24.530000 -1.601118
Car 0.000000 2.000000 -1.700000 639.495381 174.056722 689.436812 219.860800 1.740000 1.600000 3.860000 2.650000 1.790000 29.470000 -1.610319
Pedestrian 0.000000 0.000000 0.600000 596.307728 167.480609 610.261741 191.928215 1.900000 0.420000 1.040000 -0.020000 1.480000 56.540000 0.599646
Pedestrian 0.000000 1.000000 0.740000 601.976464 168.943950 614.576306 192.714019 1.870000 0.500000 0.900000 0.370000 1.560000 57.250000 0.746463
Car 0.000000 0.000000 1.640000 547.115392 168.988512 567.243514 189.672354 1.860000 1.570000 3.830000 -4.350000 1.510000 66.800000 1.574972
