Car 0.000000 1.000000 -2.850000 321.876731 166.818140 459.357101 230.029751 1.860000 1.690000 3.690000 -6.160000 1.680000 22.110000 -3.121716
Car 0.000000 2.000000 -2.900000 362.245196 170.961193 484.464320 217.997864 1.680000 1.690000 4.070000 -6.330000 1.610000 26.630000 -3.133371
Car 0.000000 0.000000 -1.780000 776.455560 150.945623 830.447818 189.890284 2.040000 1.990000 4.820000 11.200000 0.890000 40.260000 -1.508669
Car 0.000000 2.000000 -2.940000 400.716815 173.573283 502.259335 208.136472 1.480000 1.560000 4.120000 -6.420000 1.510000 31.710000 -3.139760
Car 0.000000 2.000000 -2.960000 423.756419 165.683069 519.836965 200.574692 1.740000 1.750000 4.570000 -6.510000 1.380000 36.870000 -3.134765
DontCare -1.000000 -1.000000 -10.000000 744.210000 155.950000 766.500000 173.390000 -1.000000 -1.000000 -1.000000 -1000.000000 -1000.000000 -1000.000000 -9.214602
DontCare -1.000000 -1.000000 -10.000000 853.860000 147.220000 937.280000 186.000000 -1.000000 -1.000000 -1.000000 -1000.000000 -1000.000000 -1000.000000 -9.214602
DontCare -1.000000 -1.000000 -10.000000 533.660000 161.770000 580.200000 186.970000 -1.000000 -1.000000 -1.000000 -1000.000000 -1000.000000 -1000.000000 -9.214602
DontCare -1.000000 -1.000000 -10.000000 642.330000 157.890000 684.990000 178.240000 -1.000000 -1.000000 -1.000000 -1000.000000 -1000.000000 -1000.000000 -9.214602
DontCare -1.000000 -1.000000 -10.000000 620.010000 160.800000 629.680000 176.300000 -1.000000 -1.000000 -1.000000 -1000.000000 -1000.000000 -1000.000000 -9.214602
