Car 0.000000 0.000000 -1.510000 553.889051 182.393250 614.558640 229.169958 1.360000 1.690000 3.380000 -0.280000 1.690000 23.410000 -1.521960
Car 0.000000 0.000000 -2.000000 182.312170 187.312499 373.581567 288.962780 1.390000 1.620000 3.720000 -5.240000 1.670000 12.240000 -2.404497
Car 0.000000 1.000000 -2.220000 325.825371 180.538213 467.487766 247.471519 1.490000 1.660000 3.550000 -4.940000 1.700000 18.200000 -2.485043
Car 0.000000 1.000000 -2.600000 443.948527 175.916815 531.404602 212.548655 1.660000 1.630000 3.830000 -5.340000 1.810000 34.420000 -2.753915
Car 0.920000 3.000000 -2.260000 882.713270 196.002476 2021.593439 765.297696 1.470000 1.730000 4.220000 3.660000 1.670000 4.170000 -1.539644
Car 0.000000 0.000000 -1.730000 675.734152 183.002391 750.778071 236.783516 1.400000 1.660000 4.080000 3.470000 1.730000 21.590000 -1.570640
Van 0.000000 3.000000 -1.680000 638.814201 161.265440 682.553320 205.249277 2.420000 2.030000 5.490000 3.400000 1.780000 42.470000 -1.600114
Car 0.000000 2.000000 1.990000 153.622299 185.863455 287.613338 246.486386 1.320000 1.620000 3.540000 -9.220000 1.680000 18.290000 1.523077
Car 0.000000 2.000000 -1.560000 582.043915 177.414024 620.203882 212.694833 1.520000 1.670000 3.610000 0.130000 1.740000 33.370000 -1.556104
Car 0.000000 2.000000 2.200000 63.954729 182.136382 193.680084 228.294371 1.310000 1.520000 3.730000 -14.790000 1.630000 23.150000 1.631484
DontCare -1.000000 -1.000000 -10.000000 52.380000 178.270000 81.460000 199.590000 -1.000000 -1.000000 -1.000000 -1000.000000 -1000.000000 -1000.000000 -9.214602
