Car 0.000000 0.000000 1.660000 519.501652 181.171413 545.160954 204.094524 1.470000 1.430000 3.110000 -4.740000 2.050000 48.960000 1.563487
Car 0.000000 1.000000 2.040000 206.901114 178.093787 267.298892 209.214804 1.710000 1.440000 4.060000 -21.310000 2.030000 42.360000 1.573900
Car 0.000000 1.000000 2.000000 258.481822 181.110653 309.575634 205.289584 1.530000 1.670000 3.880000 -21.540000 2.110000 48.940000 1.585384
Car 0.000000 1.000000 2.540000 1000.118180 195.612142 1098.499129 230.073234 1.680000 1.390000 4.260000 22.990000 2.870000 37.010000 3.095850
Car 0.000000 1.000000 1.960000 301.774242 181.928109 343.961345 203.965461 1.530000 1.470000 4.050000 -20.850000 2.230000 53.810000 1.590338
Car 0.000000 1.000000 1.640000 541.239370 179.741025 563.025452 197.492300 1.410000 1.480000 4.930000 -4.400000 2.020000 61.690000 1.568796
Car 0.000000 0.000000 -1.550000 551.181544 178.970593 603.452119 231.191037 1.620000 1.630000 4.500000 -0.570000 1.850000 25.160000 -1.572651
Car 0.000000 1.000000 2.180000 129.892983 180.848942 211.535079 212.937642 1.460000 1.310000 4.150000 -21.310000 1.880000 36.000000 1.645525
Cyclist 0.000000 0.000000 -2.000000 865.367725 187.348688 891.261585 231.389910 1.640000 0.340000 1.580000 10.960000 2.220000 28.190000 -1.629194
Car 0.000000 0.000000 -0.710000 1095.807948 196.889245 1177.254181 228.995625 1.570000 1.800000 2.990000 28.030000 2.860000 37.790000 -0.071812
DontCare -1.000000 -1.000000 -10.000000 455.060000 177.300000 470.560000 187.940000 -1.000000 -1.000000 -1.000000 -1000.000000 -1000.000000 -1000.000000 -9.214602
DontCare -1.000000 -1.000000 -10.000000 491.930000 178.270000 516.160000 187.940000 -1.000000 -1.000000 -1.000000 -1000.000000 -1000.000000 -1000.000000 -9.214602
