Pedestrian 0.000000 0.000000 -1.740000 351.715641 177.871275 403.862673 284.162485 1.580000 0.670000 0.870000 -3.170000 1.660000 11.310000 -2.013271
Pedestrian 0.760000 0.000000 2.190000 -295.873865 160.519940 46.335478 593.202802 1.670000 0.620000 0.950000 -2.750000 1.620000 3.280000 1.492270
Pedestrian 0.220000 0.000000 0.590000 -59.417363 160.155145 85.012044 436.697326 1.690000 0.550000 0.490000 -3.380000 1.610000 4.690000 -0.034472
Pedestrian 0.000000 0.000000 1.100000 854.330651 143.398922 950.528608 321.462063 1.920000 0.640000 1.080000 3.820000 1.600000 8.330000 1.529969
Pedestrian 0.000000 0.000000 1.030000 915.298498 149.038434 1027.797814 318.221797 1.830000 0.770000 1.010000 4.610000 1.570000 8.320000 1.535975
Pedestrian 0.000000 0.000000 1.600000 211.534492 169.619895 298.077142 360.584750 1.630000 0.640000 0.920000 -2.790000 1.600000 6.700000 1.205421
DontCare -1.000000 -1.000000 -10.000000 0.000000 167.590000 121.260000 373.000000 -1.000000 -1.000000 -1.000000 -1000.000000 -1000.000000 -1000.000000 -9.214602
DontCare -1.000000 -1.000000 -10.000000 447.300000 177.300000 461.820000 226.760000 -1.000000 -1.000000 -1.000000 -1000.000000 -1000.000000 -1000.000000 -9.214602
DontCare -1.000000 -1.000000 -10.000000 467.680000 171.480000 481.240000 204.440000 -1.000000 -1.000000 -1.000000 -1000.000000 -1000.000000 -1000.000000 -9.214602
DontCare -1.000000 -1.000000 -10.000000 509.400000 177.300000 524.890000 202.500000 -1.000000 -1.000000 -1.000000 -1000.000000 -1000.000000 -1000.000000 -9.214602
DontCare -1.000000 -1.000000 -10.000000 596.730000 170.500000 612.230000 217.050000 -1.000000 -1.000000 -1.000000 -1000.000000 -1000.000000 -1000.000000 -9.214602
DontCare -1.000000 -1.000000 -10.000000 615.160000 174.390000 623.860000 197.650000 -1.000000 -1.000000 -1.000000 -1000.000000 -1000.000000 -1000.000000 -9.214602
