Car 0.950000 0.000000 2.360000 -935.340336 214.177787 37.442533 594.335403 1.450000 1.520000 3.620000 -5.620000 1.840000 5.000000 1.516288
Car 0.000000 0.000000 1.830000 218.313992 196.220968 436.686458 339.740388 1.460000 1.620000 4.040000 -3.150000 1.850000 10.060000 1.526549
Car 0.040000 1.000000 2.090000 -60.821594 201.628141 262.655391 360.067429 1.460000 1.580000 3.720000 -5.600000 1.900000 9.210000 1.543694
Cyclist 0.000000 1.000000 2.740000 846.708340 189.294317 1061.971186 365.963590 1.550000 0.570000 1.730000 3.650000 1.710000 6.760000 3.235087
Cyclist 0.430000 0.000000 3.000000 945.583686 191.212546 1226.270225 438.962271 1.550000 0.690000 1.630000 3.860000 1.700000 5.300000 3.629469
Car 0.000000 2.000000 1.680000 468.995797 187.056706 533.137560 241.106158 1.570000 1.600000 3.990000 -3.050000 2.080000 24.020000 1.553698
Car 0.000000 1.000000 1.650000 521.851769 187.808493 558.725857 220.688930 1.520000 1.540000 3.680000 -3.020000 2.320000 36.870000 1.568273
Van 0.000000 1.000000 1.620000 539.832295 174.642913 570.613403 209.389482 2.470000 1.980000 5.810000 -3.570000 2.610000 54.510000 1.554601
Car 0.000000 1.000000 -0.140000 638.801114 184.900270 745.958829 226.788619 1.620000 1.650000 4.140000 3.770000 2.120000 29.240000 -0.011774
Car 0.000000 2.000000 -0.100000 633.765904 184.895468 728.383539 218.014381 1.550000 1.660000 4.470000 3.910000 2.150000 35.240000 0.010501
Car 0.000000 1.000000 -0.000000 617.420134 183.065865 688.195985 212.646967 1.690000 1.760000 4.120000 3.050000 2.310000 42.950000 0.070894
Van 0.000000 1.000000 1.620000 561.215365 179.161077 583.086232 201.172287 2.130000 1.910000 6.400000 -3.360000 2.810000 74.860000 1.575146
Van 0.000000 1.000000 1.740000 392.124106 173.686156 507.167803 269.225228 1.950000 1.750000 4.630000 -3.130000 1.970000 17.090000 1.558859
