Car 0.000000 0.000000 -1.570000 569.833215 183.334822 622.979463 227.657978 1.360000 1.690000 3.380000 0.060000 1.740000 24.630000 -1.567564
Car 0.000000 0.000000 -1.850000 35.470413 185.432775 280.561326 343.698918 1.400000 1.570000 3.830000 -5.020000 1.580000 8.570000 -2.379886
Van 0.000000 3.000000 -2.000000 178.773192 117.124901 428.567278 298.884632 2.210000 1.820000 4.690000 -4.380000 1.530000 11.050000 -2.377382
Car 0.000000 2.000000 -2.290000 327.785388 184.469120 479.974257 246.983477 1.420000 1.610000 4.030000 -4.950000 1.750000 18.850000 -2.546801
Car 0.000000 2.000000 -2.320000 492.298638 170.788154 555.889550 202.406889 1.800000 1.630000 3.790000 -4.640000 1.680000 42.930000 -2.427665
Van 0.000000 3.000000 -1.670000 637.290002 164.074984 677.813885 203.676689 2.380000 2.080000 5.750000 3.470000 1.850000 46.260000 -1.595129
Car 0.000000 2.000000 -1.550000 581.277534 178.981063 615.962666 210.502001 1.520000 1.670000 3.610000 -0.050000 1.850000 37.320000 -1.551340
Van 0.000000 3.000000 -2.350000 367.840102 168.558119 513.464341 236.134990 1.850000 1.670000 4.420000 -4.650000 1.730000 21.660000 -2.561472
Car 0.930000 3.000000 2.310000 -617.255397 182.351835 31.253600 380.160098 1.450000 1.640000 4.440000 -8.240000 1.580000 7.780000 1.495896
Car 0.000000 2.000000 2.090000 27.528750 177.042720 230.503640 267.577553 1.500000 1.540000 3.740000 -8.600000 1.590000 14.020000 1.539779
Truck 0.000000 3.000000 1.960000 240.709390 141.743454 355.111350 208.556002 2.980000 2.460000 7.500000 -14.750000 1.590000 35.930000 1.570457
DontCare -1.000000 -1.000000 -10.000000 994.740000 179.430000 1004.260000 208.860000 -1.000000 -1.000000 -1.000000 -1000.000000 -1000.000000 -1000.000000 -9.214602
DontCare -1.000000 -1.000000 -10.000000 1190.600000 176.030000 1234.440000 215.500000 -1.000000 -1.000000 -1.000000 -1000.000000 -1000.000000 -1000.000000 -9.214602
DontCare -1.000000 -1.000000 -10.000000 1070.200000 181.180000 1194.370000 202.500000 -1.000000 -1.000000 -1.000000 -1000.000000 -1000.000000 -1000.000000 -9.214602
DontCare -1.000000 -1.000000 -10.000000 981.940000 167.590000 1078.940000 207.340000 -1.000000 -1.000000 -1.000000 -1000.000000 -1000.000000 -1000.000000 -9.214602
