Car 0.910000 0.000000 2.230000 -876.661257 214.151763 270.738133 803.756689 1.420000 1.460000 3.630000 -2.910000 1.740000 3.810000 1.577738
Car 0.000000 1.000000 1.890000 165.679322 193.039486 452.123108 362.354138 1.430000 1.660000 4.190000 -2.740000 1.730000 8.700000 1.584891
Car 0.000000 0.000000 -1.750000 779.704894 175.908460 1001.322462 368.258890 1.580000 1.710000 3.750000 3.280000 1.620000 8.000000 -1.360903
Car 0.000000 1.000000 1.770000 431.789438 173.295537 519.581293 246.179952 1.700000 1.500000 3.340000 -2.870000 1.710000 18.550000 1.616500
Car 0.000000 2.000000 1.280000 463.670045 180.523791 547.842574 232.105599 1.480000 1.710000 3.930000 -2.990000 1.750000 23.480000 1.153339
Car 0.000000 0.000000 -0.440000 669.107090 162.497654 736.108369 184.661969 1.600000 1.750000 4.630000 7.380000 0.850000 53.610000 -0.303199
Car 0.000000 2.000000 -1.410000 779.446482 177.078998 916.821280 283.181630 1.510000 1.580000 3.310000 4.620000 1.590000 12.240000 -1.049082
Car 0.000000 2.000000 -1.200000 838.666483 165.507552 967.874103 245.638839 1.610000 1.600000 3.110000 7.100000 1.460000 16.160000 -0.786032
Car 0.000000 1.000000 -3.100000 742.591446 164.332911 874.181223 213.918410 1.790000 1.690000 4.720000 8.060000 1.480000 27.600000 -2.815872
Car 0.110000 0.000000 -1.020000 1096.287398 163.885421 1238.294737 223.146240 1.570000 1.650000 3.350000 16.270000 1.330000 20.460000 -0.348187
Car 0.000000 0.000000 2.250000 998.897217 164.498516 1107.910942 200.970308 1.430000 1.700000 3.950000 18.750000 1.100000 29.730000 2.812671
