Car 0.990000 0.000000 -2.340000 873.302870 -115.779964 5121.435745 2561.243656 1.740000 1.600000 3.860000 2.750000 1.550000 2.450000 -1.496973
Car 0.030000 1.000000 -1.890000 724.386381 144.131108 1022.621499 385.682935 1.830000 1.690000 4.440000 2.830000 1.610000 7.710000 -1.538212
Car 0.000000 2.000000 -1.740000 700.602116 176.318338 821.483855 281.167964 1.610000 1.620000 3.780000 3.070000 1.680000 13.140000 -1.510479
Pedestrian 0.000000 1.000000 0.500000 679.569911 164.727971 709.590701 216.606985 1.900000 0.420000 1.040000 3.640000 1.600000 26.900000 0.634499
Pedestrian 0.000000 1.000000 0.690000 690.050279 166.244742 716.718220 216.160176 1.870000 0.500000 0.900000 4.050000 1.620000 27.530000 0.836065
Car 0.000000 0.000000 1.680000 506.881182 174.801932 543.924235 210.510638 1.860000 1.570000 3.830000 -4.110000 1.970000 39.710000 1.576867
Pedestrian 0.000000 0.000000 -0.090000 615.238336 172.570580 631.061330 201.226422 1.780000 0.530000 0.950000 1.320000 1.760000 45.110000 -0.060747
Car 0.000000 1.000000 1.870000 316.320328 185.915367 431.482496 260.364501 1.500000 1.460000 3.700000 -4.950000 1.840000 17.050000 1.587445
Car 0.960000 0.000000 2.370000 -1267.682186 201.194427 95.373034 727.217632 1.570000 1.600000 4.240000 -5.010000 1.830000 4.530000 1.534330
Car 0.000000 1.000000 2.060000 33.009622 184.075952 317.739913 338.577232 1.650000 1.610000 3.730000 -5.090000 1.830000 9.850000 1.583041
Pedestrian 0.000000 2.000000 1.810000 424.298487 182.532054 439.847467 218.420447 1.540000 0.570000 0.410000 -7.220000 1.960000 31.280000 1.583154
