Car 0.100000 1.000000 0.870000 1080.237848 184.313480 1220.246545 234.406829 1.570000 1.710000 3.940000 19.180000 1.710000 24.460000 1.534993
Car 0.000000 1.000000 -2.270000 1018.294367 184.454957 1139.702511 232.301030 1.470000 1.620000 3.360000 16.300000 1.610000 23.760000 -1.668714
Car 0.000000 1.000000 -2.150000 939.114821 182.200858 1051.728247 233.631151 1.620000 1.720000 3.580000 13.750000 1.680000 24.230000 -1.633837
Car 0.000000 1.000000 -1.640000 593.061127 172.724201 625.878256 202.647165 1.490000 1.530000 3.180000 0.720000 1.100000 36.830000 -1.620453
Cyclist 0.000000 0.000000 1.140000 544.780722 162.842166 630.839892 278.394844 1.750000 0.830000 1.700000 0.170000 1.480000 11.650000 1.154591
Cyclist 0.000000 0.000000 1.020000 602.555856 156.496604 698.696600 267.027372 1.830000 0.890000 1.940000 1.270000 1.430000 12.770000 1.119126
Cyclist 0.000000 0.000000 1.730000 422.454551 168.141903 452.666710 219.375086 1.730000 0.730000 1.760000 -5.340000 1.310000 24.770000 1.517666
Pedestrian 0.000000 1.000000 -1.610000 170.426539 149.081530 190.831351 196.546347 1.990000 0.730000 0.530000 -17.530000 0.670000 30.060000 -2.137950
Pedestrian 0.000000 0.000000 2.220000 -14.019881 144.745475 76.212080 246.994563 1.880000 0.710000 1.280000 -10.540000 1.220000 13.640000 1.562111
Pedestrian 0.000000 0.000000 2.000000 198.900132 154.629450 234.539774 214.356468 1.910000 0.660000 0.990000 -12.180000 1.080000 23.120000 1.515130
Pedestrian 0.000000 0.000000 1.930000 168.801412 150.534018 205.779919 211.585001 1.930000 0.730000 0.960000 -13.000000 0.980000 22.880000 1.413305
Pedestrian 0.000000 1.000000 0.480000 666.316205 149.866898 780.070679 316.501574 1.890000 0.870000 1.090000 1.940000 1.540000 8.700000 0.699399
Pedestrian 0.000000 0.000000 0.570000 714.546416 150.139646 818.762992 306.303660 1.890000 0.880000 1.000000 2.590000 1.520000 9.220000 0.843853
Pedestrian 0.000000 1.000000 0.360000 778.788984 140.492826 906.900670 321.623948 1.890000 0.880000 1.130000 3.200000 1.470000 8.080000 0.737088
Pedestrian 0.000000 0.000000 0.350000 793.484335 146.439513 928.319337 350.274230 1.840000 0.790000 1.030000 3.020000 1.530000 7.020000 0.756266
DontCare -1.000000 -1.000000 -10.000000 337.530000 156.770000 361.390000 179.680000 -1.000000 -1.000000 -1.000000 -1000.000000 -1000.000000 -1000.000000 -9.214602
DontCare -1.000000 -1.000000 -10.000000 543.130000 169.200000 554.560000 178.720000 -1.000000 -1.000000 -1.000000 -1000.000000 -1000.000000 -1000.000000 -9.214602
