Car 0.620000 0.000000 -2.420000 -328.647017 167.891412 138.315909 331.573604 1.900000 1.780000 4.250000 -8.300000 1.840000 9.280000 -3.149711
Car 0.000000 0.000000 0.260000 327.231789 178.183568 435.996477 219.131695 1.520000 1.640000 3.700000 -8.270000 1.730000 27.880000 -0.028361
Cyclist 0.000000 0.000000 -2.100000 980.210050 146.911957 1052.975192 238.129227 1.820000 0.510000 1.850000 9.070000 1.300000 15.320000 -1.565457
Cyclist 0.000000 0.000000 -1.900000 891.338669 154.938819 929.684691 219.778558 1.620000 0.430000 1.700000 8.330000 1.170000 18.890000 -1.484677
Cyclist 0.000000 2.000000 -1.710000 862.710441 162.700757 883.513836 212.908332 1.620000 0.440000 1.790000 9.300000 1.290000 24.200000 -1.343103
Car 0.000000 1.000000 1.600000 844.821193 161.037289 868.639697 180.067940 1.510000 1.700000 4.450000 20.930000 0.570000 59.630000 1.937563
DontCare -1.000000 -1.000000 -10.000000 547.240000 166.620000 577.290000 177.260000 -1.000000 -1.000000 -1.000000 -1000.000000 -1000.000000 -1000.000000 -9.214602
DontCare -1.000000 -1.000000 -10.000000 595.760000 173.420000 616.110000 188.910000 -1.000000 -1.000000 -1.000000 -1000.000000 -1000.000000 -1000.000000 -9.214602
DontCare -1.000000 -1.000000 -10.000000 747.130000 154.010000 845.100000 179.210000 -1.000000 -1.000000 -1.000000 -1000.000000 -1000.000000 -1000.000000 -9.214602
DontCare -1.000000 -1.000000 -10.000000 1153.700000 152.070000 1201.220000 173.390000 -1.000000 -1.000000 -1.000000 -1000.000000 -1000.000000 -1000.000000 -9.214602
DontCare -1.000000 -1.000000 -10.000000 968.360000 153.040000 1000.350000 167.560000 -1.000000 -1.000000 -1.000000 -1000.000000 -1000.000000 -1000.000000 -9.214602
