Car 0.000000 1.000000 -1.950000 876.806476 172.985456 1075.583154 292.524652 1.550000 1.570000 3.640000 5.930000 1.550000 11.250000 -1.464899
Car 0.310000 3.000000 -2.190000 1008.019959 179.156474 1288.628742 288.518522 1.330000 1.470000 3.830000 8.260000 1.440000 10.930000 -1.542849
Van 0.430000 3.000000 0.660000 -100.379950 158.792246 101.264948 232.041807 2.540000 1.750000 5.700000 -21.320000 2.050000 25.970000 -0.027384
Van 0.000000 2.000000 0.560000 0.234499 162.493552 166.166198 224.035244 2.540000 1.720000 5.700000 -21.880000 2.110000 30.800000 -0.057665
Van 0.000000 2.000000 0.490000 96.094832 173.697457 206.185254 218.239695 2.110000 1.780000 4.200000 -21.840000 2.150000 35.240000 -0.064815
Misc 0.000000 0.000000 2.750000 461.568161 158.957671 531.027163 197.691048 2.920000 1.730000 5.090000 -8.360000 1.870000 56.440000 2.602947
DontCare -1.000000 -1.000000 -10.000000 217.340000 170.500000 256.120000 206.370000 -1.000000 -1.000000 -1.000000 -1000.000000 -1000.000000 -1000.000000 -9.214602
DontCare -1.000000 -1.000000 -10.000000 331.830000 172.450000 465.700000 188.920000 -1.000000 -1.000000 -1.000000 -1000.000000 -1000.000000 -1000.000000 -9.214602
DontCare -1.000000 -1.000000 -10.000000 597.700000 168.560000 710.230000 182.120000 -1.000000 -1.000000 -1.000000 -1000.000000 -1000.000000 -1000.000000 -9.214602
DontCare -1.000000 -1.000000 -10.000000 759.740000 161.770000 880.030000 181.150000 -1.000000 -1.000000 -1.000000 -1000.000000 -1000.000000 -1000.000000 -9.214602
DontCare -1.000000 -1.000000 -10.000000 744.020000 166.360000 750.140000 183.230000 -1.000000 -1.000000 -1.000000 -1000.000000 -1000.000000 -1000.000000 -9.214602
