Cyclist 0.000000 0.000000 -1.900000 815.549163 142.193717 869.303772 263.710276 1.800000 0.340000 1.690000 4.260000 1.230000 11.320000 -1.540068
Pedestrian 0.000000 0.000000 -1.010000 690.885685 158.589405 763.859436 280.875070 1.660000 0.610000 0.930000 2.250000 1.360000 10.140000 -0.791644
Misc 0.140000 0.000000 2.000000 81.961867 143.500510 289.952596 406.473879 1.830000 0.680000 1.810000 -2.840000 1.570000 5.830000 1.546697
Cyclist 0.000000 0.000000 -1.090000 487.800749 163.664369 532.892012 220.175396 1.770000 0.600000 1.950000 -2.570000 1.240000 23.160000 -1.200515
Pedestrian 0.000000 0.000000 -0.870000 889.724468 140.715205 931.285484 238.071420 1.780000 0.640000 0.360000 6.230000 1.050000 13.290000 -0.431644
Pedestrian 0.000000 2.000000 1.720000 668.139266 154.109972 693.373175 205.336774 1.800000 0.770000 0.840000 3.230000 0.870000 25.350000 1.846733
Pedestrian 0.000000 2.000000 -0.890000 672.796800 158.832148 692.795741 202.300788 1.800000 0.670000 0.500000 3.780000 0.900000 29.690000 -0.763366
Pedestrian 0.000000 1.000000 -1.180000 688.873131 154.307542 707.566561 198.483074 1.800000 0.630000 0.470000 4.360000 0.730000 29.170000 -1.031630
Pedestrian 0.000000 1.000000 2.550000 691.106613 152.076501 722.972058 200.488720 1.920000 0.550000 1.160000 4.630000 0.790000 28.530000 2.710883
Pedestrian 0.000000 1.000000 2.820000 706.349845 148.231400 736.238879 200.028598 1.970000 0.610000 1.000000 4.990000 0.740000 27.260000 3.001048
DontCare -1.000000 -1.000000 -10.000000 564.170000 161.550000 601.420000 179.680000 -1.000000 -1.000000 -1.000000 -1000.000000 -1000.000000 -1000.000000 -9.214602
DontCare -1.000000 -1.000000 -10.000000 983.960000 155.810000 1033.640000 200.710000 -1.000000 -1.000000 -1.000000 -1000.000000 -1000.000000 -1000.000000 -9.214602
