Car 0.000000 0.000000 -1.570000 568.413903 177.910971 622.265503 222.007978 1.360000 1.690000 3.380000 0.030000 1.540000 24.330000 -1.568767
Van 0.920000 3.000000 -1.610000 -833.672629 -70.787000 53.312202 801.043026 2.210000 1.820000 4.690000 -4.380000 1.590000 4.040000 -2.435756
Car 0.000000 1.000000 -2.180000 152.943183 183.145949 393.972061 289.226673 1.420000 1.610000 4.030000 -5.060000 1.610000 11.740000 -2.586946
Car 0.000000 2.000000 -2.260000 368.288993 167.215591 500.793931 230.180584 1.760000 1.740000 4.160000 -4.950000 1.600000 22.130000 -2.480056
Car 0.000000 2.000000 -2.140000 410.061357 164.642066 507.053554 220.798853 1.830000 1.640000 3.710000 -4.900000 1.560000 25.420000 -2.330426
Car 0.000000 2.000000 -2.300000 464.760648 165.908346 540.370466 204.070696 1.800000 1.630000 3.790000 -4.880000 1.470000 35.880000 -2.435179
Van 0.000000 3.000000 -1.680000 637.997391 156.643052 686.638512 203.832165 2.380000 2.080000 5.750000 3.250000 1.560000 39.290000 -1.597470
Car 0.000000 2.000000 -1.550000 576.716457 173.637973 611.520851 204.711263 1.520000 1.670000 3.610000 -0.280000 1.560000 37.200000 -1.557527
Van 0.000000 3.000000 -2.260000 252.779367 157.704945 463.622866 262.432988 1.850000 1.670000 4.420000 -4.700000 1.580000 14.640000 -2.570644
Truck 0.000000 3.000000 2.040000 133.759212 135.167104 297.073650 221.054621 2.980000 2.460000 7.500000 -14.830000 1.670000 28.790000 1.564338
DontCare -1.000000 -1.000000 -10.000000 544.330000 169.530000 583.110000 187.940000 -1.000000 -1.000000 -1.000000 -1000.000000 -1000.000000 -1000.000000 -9.214602
DontCare -1.000000 -1.000000 -10.000000 1201.200000 175.360000 1239.970000 199.590000 -1.000000 -1.000000 -1.000000 -1000.000000 -1000.000000 -1000.000000 -9.214602
