Car 0.000000 0.000000 -1.550000 557.983976 176.381906 614.809789 222.297432 1.360000 1.690000 3.380000 -0.210000 1.480000 23.330000 -1.559001
Car 0.000000 0.000000 -1.990000 153.059775 181.994833 382.045731 301.681084 1.410000 1.620000 4.190000 -4.780000 1.570000 10.810000 -2.406334
Car 0.000000 2.000000 -2.130000 232.716214 176.116900 421.908307 264.832035 1.490000 1.660000 3.970000 -5.130000 1.560000 14.130000 -2.478259
Car 0.000000 2.000000 -2.160000 363.465532 177.474480 478.148128 228.256855 1.390000 1.620000 3.720000 -5.320000 1.540000 21.940000 -2.397888
Car 0.000000 2.000000 -2.300000 420.834980 173.156045 515.283396 214.362767 1.490000 1.660000 3.550000 -5.020000 1.500000 27.860000 -2.478274
Van 0.410000 3.000000 -2.030000 751.585020 57.656190 1299.820751 462.273595 2.380000 2.080000 5.750000 3.490000 1.700000 7.120000 -1.574248
Car 0.000000 2.000000 -1.830000 718.366409 181.148227 863.839321 275.296217 1.470000 1.730000 4.220000 3.720000 1.650000 13.750000 -1.565780
Car 0.000000 0.000000 -1.680000 655.067812 178.093042 702.358842 213.296563 1.400000 1.660000 4.080000 3.410000 1.640000 31.340000 -1.571620
Van 0.000000 3.000000 -1.640000 633.186543 160.461753 665.957199 195.842900 2.420000 2.030000 5.490000 3.300000 1.570000 52.100000 -1.576745
Car 0.000000 2.000000 -1.550000 577.524941 172.472124 614.497309 205.442869 1.520000 1.670000 3.610000 -0.140000 1.500000 35.080000 -1.553991
Van 0.450000 3.000000 2.190000 -186.194867 124.789162 160.643277 294.074714 2.140000 1.710000 4.520000 -8.820000 1.530000 11.410000 1.531937
Car 0.000000 1.000000 2.130000 64.923819 177.966469 175.330951 222.344674 1.280000 1.400000 3.130000 -14.840000 1.450000 22.750000 1.552004
Car 0.000000 2.000000 2.060000 230.381421 174.780706 306.811719 205.724143 1.310000 1.520000 3.730000 -14.880000 1.400000 32.690000 1.632843
DontCare -1.000000 -1.000000 -10.000000 525.890000 168.560000 570.500000 198.610000 -1.000000 -1.000000 -1.000000 -1000.000000 -1000.000000 -1000.000000 -9.214602
