Car 1.000000 0.000000 2.470000 -5411.489647 263.382960 96.492880 2354.494754 1.140000 1.680000 3.850000 -3.470000 1.700000 2.520000 1.527314
Car 0.990000 0.000000 -2.310000 846.341555 193.663761 5461.813054 2704.223178 1.430000 1.680000 4.390000 2.790000 1.570000 2.690000 -1.506356
Car 0.230000 3.000000 -0.620000 931.070944 172.340561 1285.474025 272.259953 1.480000 1.750000 4.470000 8.250000 1.470000 11.560000 -0.000160
Car 0.000000 0.000000 1.830000 346.402348 181.565981 469.607690 261.097419 1.460000 1.500000 3.880000 -3.730000 1.670000 15.630000 1.595738
Car 0.000000 0.000000 -1.780000 683.007586 179.791525 784.278200 258.453350 1.460000 1.550000 3.190000 2.990000 1.620000 15.280000 -1.586761
Van 0.000000 2.000000 1.740000 408.233129 159.824345 500.994046 238.942814 2.050000 1.790000 4.470000 -3.880000 1.710000 20.940000 1.556787
Car 0.000000 2.000000 -1.720000 657.746578 177.451929 739.507335 236.711088 1.440000 1.690000 4.450000 2.830000 1.580000 20.110000 -1.580192
Van 0.000000 2.000000 -2.740000 215.345174 150.015202 404.179698 217.172620 2.610000 2.210000 6.750000 -11.540000 1.720000 29.230000 -3.116015
Van 0.000000 0.000000 -1.570000 599.618648 165.100621 626.061966 194.197559 1.980000 1.800000 4.540000 0.730000 1.450000 51.380000 -1.555793
Van 0.000000 2.000000 -0.270000 742.990515 150.623660 856.485088 193.547940 2.660000 2.130000 6.640000 12.460000 1.280000 45.790000 -0.004321
DontCare -1.000000 -1.000000 -10.000000 564.710000 167.590000 582.150000 186.000000 -1.000000 -1.000000 -1.000000 -1000.000000 -1000.000000 -1000.000000 -9.214602
DontCare -1.000000 -1.000000 -10.000000 656.890000 156.920000 677.240000 178.240000 -1.000000 -1.000000 -1.000000 -1000.000000 -1000.000000 -1000.000000 -9.214602
