Car 0.910000 0.000000 2.280000 -932.635802 198.684730 174.027920 715.119298 1.490000 1.520000 3.350000 -3.640000 1.690000 3.950000 1.535422
Car 0.840000 0.000000 -2.170000 845.960910 185.409643 1662.067603 629.352219 1.530000 1.650000 4.370000 3.530000 1.650000 4.820000 -1.537881
Car 0.000000 0.000000 1.890000 211.254324 168.392885 421.407542 303.143970 1.740000 1.650000 4.180000 -3.860000 1.680000 11.410000 1.563786
Car 0.000000 0.000000 1.930000 434.306178 174.376617 541.295501 246.984499 1.640000 1.450000 3.480000 -2.490000 1.680000 18.230000 1.794252
Car 0.000000 1.000000 -1.770000 745.734627 176.494633 891.312137 292.363018 1.610000 1.680000 4.040000 3.810000 1.680000 12.250000 -1.468464
Car 0.000000 1.000000 -1.640000 734.981459 179.131053 810.467831 252.515625 1.520000 1.580000 4.280000 4.330000 1.690000 17.570000 -1.398372
Car 0.000000 0.000000 1.910000 617.124373 177.327774 691.502490 219.783091 1.540000 1.640000 4.080000 2.340000 1.730000 28.830000 1.990988
Van 0.000000 1.000000 -2.010000 965.097219 151.984066 1045.232214 200.496396 2.040000 1.720000 3.790000 18.070000 1.160000 32.290000 -1.499804
Van 0.000000 1.000000 -1.890000 901.912824 152.188972 971.006017 195.010649 1.860000 1.750000 4.110000 15.540000 0.960000 33.480000 -1.455435
Truck 0.000000 3.000000 -1.450000 801.416935 141.259367 847.258903 180.730161 3.520000 2.890000 10.810000 21.410000 0.700000 69.870000 -1.152658
DontCare -1.000000 -1.000000 -10.000000 701.090000 162.710000 790.160000 196.850000 -1.000000 -1.000000 -1.000000 -1000.000000 -1000.000000 -1000.000000 -9.214602
