Car 0.000000 0.000000 -1.590000 562.863625 188.196788 641.319150 254.674776 1.360000 1.690000 3.380000 0.310000 1.760000 17.230000 -1.572010
Car 0.000000 1.000000 2.070000 133.864907 180.969878 266.362672 241.546337 1.590000 1.720000 3.860000 -11.490000 1.850000 21.390000 1.577063
Cyclist 0.000000 3.000000 2.730000 889.559893 170.507306 1035.093248 275.345558 1.680000 0.860000 2.010000 6.320000 1.640000 12.060000 3.212699
Van 0.000000 3.000000 -1.700000 671.241903 153.982875 754.632816 237.748293 2.120000 1.860000 4.410000 3.280000 1.640000 20.490000 -1.541269
Pedestrian 0.000000 0.000000 0.100000 395.676712 165.007429 434.767887 264.415201 1.870000 0.640000 0.650000 -3.270000 1.720000 13.930000 -0.130570
Van 0.000000 3.000000 1.930000 292.683095 172.663058 367.111898 215.596487 1.710000 1.560000 4.120000 -11.360000 1.700000 30.800000 1.576649
Car 0.000000 2.000000 -2.200000 380.739178 175.282638 492.835466 230.739454 1.590000 1.630000 3.640000 -5.000000 1.670000 22.660000 -2.417173
Car 0.000000 2.000000 -2.320000 426.508948 182.038945 526.305218 220.379974 1.390000 1.610000 4.090000 -4.910000 1.780000 28.940000 -2.488061
Car 0.000000 2.000000 -2.340000 471.908062 179.363824 543.752173 211.369363 1.500000 1.570000 3.540000 -4.660000 1.840000 36.230000 -2.467920
Car 0.000000 2.000000 -2.380000 509.521917 177.240030 562.992953 198.630258 1.400000 1.600000 3.550000 -4.590000 1.710000 49.660000 -2.472167
Car 0.000000 2.000000 -1.690000 659.489027 179.597275 706.766358 213.899671 1.360000 1.630000 4.020000 3.610000 1.670000 31.410000 -1.575571
Car 0.000000 2.000000 -1.550000 566.607536 181.320831 610.208188 221.428324 1.520000 1.670000 3.610000 -0.350000 1.890000 29.920000 -1.561697
Car 0.000000 2.000000 1.970000 310.747012 176.367836 372.426640 203.764447 1.470000 1.770000 4.250000 -14.830000 1.680000 41.440000 1.626334
DontCare -1.000000 -1.000000 -10.000000 567.620000 165.650000 600.580000 183.090000 -1.000000 -1.000000 -1.000000 -1000.000000 -1000.000000 -1000.000000 -9.214602
DontCare -1.000000 -1.000000 -10.000000 648.150000 170.500000 671.410000 185.030000 -1.000000 -1.000000 -1.000000 -1000.000000 -1000.000000 -1000.000000 -9.214602
DontCare -1.000000 -1.000000 -10.000000 622.930000 163.710000 648.130000 178.240000 -1.000000 -1.000000 -1.000000 -1000.000000 -1000.000000 -1000.000000 -9.214602
