Van 0.900000 0.000000 1.060000 -261.959496 183.269289 4.963623 290.130981 1.980000 1.840000 4.890000 -15.070000 2.220000 15.230000 0.279882
Car 0.000000 1.000000 -1.830000 819.657522 175.256657 929.024503 250.685417 1.550000 1.570000 3.640000 6.510000 1.610000 16.840000 -1.461116
Car 0.000000 2.000000 -1.970000 914.026801 178.801859 1051.924157 246.425198 1.330000 1.470000 3.830000 8.830000 1.480000 16.510000 -1.478880
Van 0.050000 3.000000 0.640000 -23.082875 179.998995 145.755817 236.244701 1.980000 1.850000 4.820000 -19.610000 2.250000 26.570000 0.004191
Car 0.530000 3.000000 0.700000 -113.749009 188.220339 67.914264 251.031640 1.760000 1.560000 4.010000 -18.180000 2.230000 21.390000 -0.004453
Van 0.000000 2.000000 0.570000 77.087378 164.672528 227.674430 222.783953 2.540000 1.750000 5.700000 -20.010000 2.180000 32.460000 0.017572
Van 0.000000 2.000000 0.470000 134.032847 166.950033 264.083700 217.339220 2.540000 1.720000 5.700000 -20.680000 2.240000 37.330000 -0.035892
Misc 0.000000 0.000000 2.740000 503.572839 163.494610 565.642148 198.194006 2.920000 1.730000 5.090000 -6.020000 2.130000 62.690000 2.644265
DontCare -1.000000 -1.000000 -10.000000 257.120000 178.270000 328.890000 208.320000 -1.000000 -1.000000 -1.000000 -1000.000000 -1000.000000 -1000.000000 -9.214602
DontCare -1.000000 -1.000000 -10.000000 354.150000 178.270000 491.900000 192.800000 -1.000000 -1.000000 -1.000000 -1000.000000 -1000.000000 -1000.000000 -9.214602
DontCare -1.000000 -1.000000 -10.000000 647.590000 173.720000 712.380000 185.330000 -1.000000 -1.000000 -1.000000 -1000.000000 -1000.000000 -1000.000000 -9.214602
DontCare -1.000000 -1.000000 -10.000000 731.270000 172.750000 748.860000 182.690000 -1.000000 -1.000000 -1.000000 -1000.000000 -1000.000000 -1000.000000 -9.214602
DontCare -1.000000 -1.000000 -10.000000 780.120000 170.500000 816.960000 182.110000 -1.000000 -1.000000 -1.000000 -1000.000000 -1000.000000 -1000.000000 -9.214602
