Car 0.490000 0.000000 2.120000 -198.464253 207.158695 310.165326 456.133256 1.420000 1.670000 3.800000 -3.890000 1.820000 6.550000 1.584083
Car 0.000000 0.000000 1.200000 811.500201 164.004721 1021.081367 276.873350 1.500000 1.710000 4.440000 5.180000 1.380000 11.840000 1.612410
Car 0.000000 1.000000 1.900000 272.278789 186.000310 444.900767 293.899478 1.540000 1.630000 3.590000 -3.690000 1.800000 12.570000 1.614465
Car 0.000000 1.000000 1.780000 418.486118 187.574162 507.401784 250.955298 1.420000 1.460000 3.630000 -3.250000 1.840000 18.860000 1.609354
Car 0.000000 1.000000 1.700000 462.091087 184.316443 531.812343 233.928878 1.430000 1.660000 4.190000 -3.150000 1.840000 23.860000 1.568739
Car 0.000000 0.000000 -1.500000 650.305841 177.467615 713.981667 231.634798 1.580000 1.710000 3.750000 2.900000 1.740000 23.390000 -1.376645
Car 0.000000 2.000000 -0.300000 781.216941 165.303793 999.942333 236.683550 1.490000 1.570000 4.260000 6.570000 1.330000 16.030000 0.088974
Car 0.000000 1.000000 -1.240000 670.858988 178.773599 739.609220 221.710945 1.510000 1.580000 3.310000 4.200000 1.750000 27.710000 -1.089575
Car 0.000000 1.000000 -1.020000 710.718893 173.776640 781.146195 212.874919 1.610000 1.600000 3.110000 6.450000 1.650000 31.470000 -0.817843
DontCare -1.000000 -1.000000 -10.000000 520.070000 180.210000 567.590000 208.320000 -1.000000 -1.000000 -1.000000 -1000.000000 -1000.000000 -1000.000000 -9.214602
DontCare -1.000000 -1.000000 -10.000000 750.040000 162.740000 781.060000 173.380000 -1.000000 -1.000000 -1.000000 -1000.000000 -1000.000000 -1000.000000 -9.214602
