Pedestrian 0.000000 0.000000 0.340000 311.126039 168.930653 352.794733 255.885795 1.720000 0.740000 0.560000 -5.150000 1.640000 14.640000 0.001744
Cyclist 0.550000 1.000000 2.850000 1097.434622 161.756360 1312.941633 300.906239 1.600000 0.880000 1.930000 7.860000 1.470000 9.090000 3.562959
Car 0.810000 0.000000 2.410000 -430.418884 184.401030 87.349740 366.316189 1.590000 1.640000 4.080000 -8.210000 1.760000 8.670000 1.651846
Car 0.000000 0.000000 2.470000 442.808220 176.902755 579.440591 224.044799 1.460000 1.640000 4.630000 -2.830000 1.610000 24.940000 2.357011
Van 0.000000 0.000000 2.750000 748.722858 162.437013 848.062886 205.026094 1.830000 1.710000 3.920000 8.830000 1.380000 32.090000 3.018518
Truck 0.690000 1.000000 2.600000 1102.956879 122.651906 1485.906273 202.282967 3.010000 2.600000 11.840000 28.090000 1.110000 29.800000 3.355868
Car 0.000000 0.000000 -1.480000 697.762984 174.302118 723.698923 194.976229 1.490000 1.590000 3.460000 8.090000 1.600000 54.130000 -1.331643
Car 0.000000 0.000000 -1.430000 404.333235 178.719986 448.469730 210.627578 1.500000 1.620000 3.670000 -8.740000 1.810000 36.520000 -1.664903
Car 0.000000 2.000000 1.810000 556.619937 177.422832 584.535086 196.389991 1.450000 1.300000 4.040000 -2.640000 1.830000 58.280000 1.764732
Car 0.000000 2.000000 1.920000 512.317153 177.398195 544.954461 196.771394 1.500000 1.440000 3.690000 -6.080000 1.880000 58.750000 1.816878
DontCare -1.000000 -1.000000 -10.000000 589.940000 174.390000 679.180000 185.030000 -1.000000 -1.000000 -1.000000 -1000.000000 -1000.000000 -1000.000000 -9.214602
