Pedestrian 0.000000 0.000000 -1.380000 318.461077 159.359082 341.166817 200.412548 1.820000 0.780000 0.940000 -11.880000 0.880000 31.870000 -1.736809
Pedestrian 0.000000 2.000000 -1.340000 421.031481 164.205480 437.789472 194.484464 1.760000 0.690000 1.210000 -9.820000 0.810000 41.700000 -1.571278
Pedestrian 0.000000 1.000000 -1.430000 317.228188 156.466816 329.579767 188.968465 1.930000 0.590000 0.700000 -16.350000 0.500000 42.390000 -1.798122
Car 0.000000 1.000000 -2.160000 946.475919 181.400936 1052.135013 228.571762 1.480000 1.560000 3.330000 13.750000 1.510000 23.960000 -1.639013
Car 0.000000 1.000000 -2.240000 1019.977925 183.614597 1138.087604 228.812258 1.400000 1.590000 3.350000 16.370000 1.510000 23.860000 -1.638674
Car 0.050000 2.000000 0.890000 1084.103112 184.055287 1213.201617 229.765531 1.440000 1.500000 3.800000 19.160000 1.570000 24.480000 1.554090
Pedestrian 0.000000 1.000000 -1.240000 340.530104 154.632178 358.655505 189.361301 2.010000 0.760000 0.840000 -14.400000 0.510000 41.340000 -1.575187
Pedestrian 0.000000 0.000000 -1.990000 314.825726 166.782236 365.148539 247.391344 1.630000 0.550000 1.280000 -5.120000 1.350000 14.950000 -2.319955
Pedestrian 0.000000 0.000000 -2.290000 408.586920 158.699217 468.141084 248.848430 1.850000 0.750000 1.040000 -3.070000 1.400000 15.120000 -2.490319
Cyclist 0.000000 0.000000 -1.730000 559.118326 159.424050 598.608037 238.894056 1.800000 0.690000 2.030000 -0.160000 1.320000 17.070000 -1.739373
Car 0.000000 1.000000 -1.630000 592.300848 171.769693 627.092508 199.526766 1.390000 1.640000 4.510000 0.720000 0.950000 37.690000 -1.610899
Pedestrian 0.000000 0.000000 1.850000 283.471096 156.086761 304.983748 197.386655 1.890000 0.800000 0.500000 -13.830000 0.770000 32.650000 1.449330
Pedestrian 0.000000 0.000000 -2.680000 209.945750 153.354961 224.359459 197.165745 1.900000 0.530000 0.350000 -16.450000 0.720000 30.930000 -3.168799
Pedestrian 0.000000 1.000000 2.660000 950.837217 172.667489 974.163161 209.079459 1.800000 0.800000 0.760000 18.390000 1.410000 35.350000 3.139697
DontCare -1.000000 -1.000000 -10.000000 177.840000 163.460000 214.130000 199.750000 -1.000000 -1.000000 -1.000000 -1000.000000 -1000.000000 -1000.000000 -9.214602
DontCare -1.000000 -1.000000 -10.000000 542.520000 170.590000 555.070000 178.210000 -1.000000 -1.000000 -1.000000 -1000.000000 -1000.000000 -1000.000000 -9.214602
DontCare -1.000000 -1.000000 -10.000000 505.820000 175.460000 515.050000 192.020000 -1.000000 -1.000000 -1.000000 -1000.000000 -1000.000000 -1000.000000 -9.214602
