Pedestrian 0.130000 0.000000 0.590000 612.698803 137.570693 757.411713 403.675891 1.720000 0.490000 0.930000 1.040000 1.440000 5.070000 0.792322
Pedestrian 0.180000 0.000000 0.680000 524.658434 122.352279 673.976907 421.891755 1.790000 0.650000 0.760000 0.440000 1.440000 4.720000 0.772952
Pedestrian 0.000000 0.000000 -2.860000 419.369763 153.656031 536.220379 339.049943 1.640000 0.560000 0.940000 -0.690000 1.400000 6.610000 -2.964011
Pedestrian 0.000000 0.000000 1.240000 539.593051 144.591207 570.867053 227.527462 1.680000 0.450000 0.750000 -0.550000 0.950000 14.750000 1.202729
Pedestrian 0.000000 1.000000 1.450000 508.454349 133.810604 534.800415 208.599620 1.950000 0.630000 0.740000 -1.730000 0.730000 18.860000 1.358527
Pedestrian 0.000000 1.000000 1.390000 534.221684 142.382757 559.600490 207.736546 1.710000 0.600000 0.520000 -1.050000 0.710000 18.820000 1.334266
Pedestrian 0.000000 0.000000 1.270000 583.524072 145.842113 607.164420 207.251862 1.590000 0.460000 0.670000 0.240000 0.690000 18.690000 1.282840
Cyclist 0.000000 1.000000 2.340000 484.990176 142.963176 519.169826 185.450766 1.740000 0.570000 1.440000 -3.800000 0.200000 29.700000 2.212745
DontCare -1.000000 -1.000000 -10.000000 236.170000 144.340000 361.390000 215.060000 -1.000000 -1.000000 -1.000000 -1000.000000 -1000.000000 -1000.000000 -9.214602
DontCare -1.000000 -1.000000 -10.000000 401.600000 146.250000 433.110000 186.370000 -1.000000 -1.000000 -1.000000 -1000.000000 -1000.000000 -1000.000000 -9.214602
DontCare -1.000000 -1.000000 -10.000000 450.370000 144.340000 487.620000 188.280000 -1.000000 -1.000000 -1.000000 -1000.000000 -1000.000000 -1000.000000 -9.214602
DontCare -1.000000 -1.000000 -10.000000 762.110000 118.520000 1222.000000 156.730000 -1.000000 -1.000000 -1.000000 -1000.000000 -1000.000000 -1000.000000 -9.214602
