Car 0.000000 0.000000 1.670000 512.527467 182.011065 541.425574 207.474052 1.470000 1.430000 3.110000 -4.570000 2.050000 44.330000 1.567272
Car 0.000000 1.000000 2.060000 188.682282 177.655409 253.791158 210.322212 1.710000 1.440000 4.060000 -21.180000 1.990000 40.400000 1.577135
Car 0.000000 1.000000 2.010000 245.523993 181.136698 299.491639 206.334573 1.530000 1.670000 3.880000 -21.430000 2.090000 47.040000 1.582524
Car 0.000000 1.000000 2.510000 1023.689607 196.710792 1128.651787 233.306454 1.680000 1.390000 4.260000 23.040000 2.860000 34.960000 3.092703
Car 0.000000 1.000000 1.980000 291.871315 181.985790 336.772990 204.891491 1.530000 1.470000 4.050000 -20.690000 2.210000 51.870000 1.600458
Car 0.000000 1.000000 1.650000 539.390218 179.410333 562.615556 197.842383 1.410000 1.480000 4.930000 -4.310000 1.970000 59.420000 1.577592
Car 0.000000 0.000000 -1.550000 553.196336 179.178707 604.937499 230.894829 1.620000 1.630000 4.500000 -0.520000 1.860000 25.400000 -1.570470
Car 0.000000 1.000000 2.200000 102.196706 180.890256 191.251000 214.983903 1.460000 1.310000 4.150000 -21.220000 1.860000 34.010000 1.642168
Cyclist 0.000000 0.000000 -2.010000 875.982090 187.829334 903.257962 233.445826 1.640000 0.340000 1.580000 11.040000 2.220000 27.260000 -1.625200
Car 0.000000 0.000000 -0.730000 1125.688565 197.466927 1213.468659 231.489343 1.570000 1.800000 2.990000 28.150000 2.820000 35.720000 -0.062573
DontCare -1.000000 -1.000000 -10.000000 458.940000 177.300000 469.580000 187.940000 -1.000000 -1.000000 -1.000000 -1000.000000 -1000.000000 -1000.000000 -9.214602
DontCare -1.000000 -1.000000 -10.000000 495.810000 180.210000 505.480000 187.940000 -1.000000 -1.000000 -1.000000 -1000.000000 -1000.000000 -1000.000000 -9.214602
