Car 0.000000 0.000000 -1.590000 579.561639 176.200787 623.661500 218.371150 1.560000 1.650000 3.690000 0.150000 1.700000 28.840000 -1.584799
Car 0.760000 0.000000 -1.490000 905.888189 155.187970 1337.313792 570.674630 1.590000 1.650000 3.940000 4.070000 1.520000 4.730000 -0.779462
Car 0.000000 1.000000 -1.220000 772.682857 175.758642 1068.928467 341.999910 1.480000 1.730000 4.060000 4.300000 1.520000 8.510000 -0.752131
Car 0.000000 1.000000 -1.060000 727.999525 165.853769 946.363600 282.757334 1.630000 1.610000 3.960000 4.350000 1.530000 11.960000 -0.711162
Car 0.000000 2.000000 -1.000000 720.741725 176.683520 874.987057 254.542942 1.490000 1.630000 3.360000 4.620000 1.580000 15.690000 -0.713638
Car 0.000000 2.000000 -0.930000 690.791015 175.657635 835.735752 234.881110 1.410000 1.600000 4.090000 4.650000 1.490000 19.280000 -0.693337
Car 0.000000 1.000000 1.700000 508.047653 179.085001 532.917984 195.643602 1.370000 1.640000 3.920000 -7.290000 1.930000 63.150000 1.585069
Car 0.000000 0.000000 1.800000 411.211524 184.053184 468.444280 220.963952 1.380000 1.470000 3.620000 -6.490000 1.870000 29.900000 1.586259
Car 0.000000 1.000000 -0.840000 659.168877 173.587282 755.082408 212.015897 1.490000 1.590000 4.090000 4.570000 1.520000 29.960000 -0.688630
Car 0.000000 2.000000 -0.900000 643.457738 174.206129 719.173076 203.547092 1.400000 1.630000 4.050000 4.160000 1.470000 36.620000 -0.786886
Van 0.000000 2.000000 -0.920000 632.346672 168.475323 692.689375 196.135852 1.880000 1.820000 4.640000 4.290000 1.580000 51.370000 -0.836682
Car 0.000000 2.000000 1.780000 445.988017 176.407425 479.655510 198.667179 1.670000 1.680000 4.490000 -11.090000 1.960000 57.110000 1.588200
Car 0.000000 1.000000 1.790000 425.145400 177.641555 446.992501 194.511981 1.470000 1.290000 2.950000 -15.180000 1.910000 65.190000 1.561219
DontCare -1.000000 -1.000000 -10.000000 480.290000 177.300000 509.370000 193.770000 -1.000000 -1.000000 -1.000000 -1000.000000 -1000.000000 -1000.000000 -9.214602
DontCare -1.000000 -1.000000 -10.000000 554.030000 174.390000 567.580000 184.060000 -1.000000 -1.000000 -1.000000 -1000.000000 -1000.000000 -1000.000000 -9.214602
