Cyclist 0.000000 1.000000 -0.500000 1070.795304 141.399749 1188.825720 246.853121 1.800000 0.340000 1.690000 9.650000 1.130000 12.370000 0.162497
Pedestrian 0.000000 0.000000 -2.060000 953.344185 148.164062 986.346504 213.027807 1.800000 0.670000 0.500000 10.750000 0.900000 19.870000 -1.564080
Pedestrian 0.680000 0.000000 2.520000 -250.083753 113.850325 119.205577 649.981171 1.830000 0.550000 0.980000 -2.230000 1.600000 2.960000 1.874340
Pedestrian 0.770000 1.000000 2.550000 -316.569688 87.603857 47.773730 599.513492 1.970000 0.610000 1.000000 -2.850000 1.610000 3.280000 1.834634
Pedestrian 0.000000 0.000000 3.080000 681.548279 159.754597 737.571085 252.397247 1.730000 0.640000 1.040000 2.490000 1.340000 13.580000 3.261344
Cyclist 0.000000 0.000000 2.940000 833.947615 153.710804 920.157119 233.051326 1.710000 0.490000 1.720000 6.490000 1.130000 15.640000 3.333337
Cyclist 0.280000 1.000000 2.740000 1116.654553 142.251853 1228.216071 227.049652 1.790000 0.600000 1.810000 12.870000 0.980000 15.470000 3.433911
Pedestrian 0.000000 1.000000 2.600000 995.632762 142.628780 1057.341232 260.029372 1.790000 0.650000 0.590000 7.100000 1.210000 11.110000 3.168649
Pedestrian 0.000000 1.000000 2.180000 1018.589651 129.498438 1097.420127 271.789876 1.890000 0.610000 0.720000 6.760000 1.210000 9.800000 2.783845
Pedestrian 0.000000 2.000000 2.560000 1014.144147 151.933512 1071.062280 263.482733 1.630000 0.400000 0.600000 7.000000 1.210000 10.530000 3.146687
Van 0.000000 0.000000 -1.560000 585.585156 160.454577 604.632959 181.774175 2.060000 1.820000 4.620000 -0.390000 0.120000 70.630000 -1.565522
DontCare -1.000000 -1.000000 -10.000000 557.470000 165.380000 572.730000 177.770000 -1.000000 -1.000000 -1.000000 -1000.000000 -1000.000000 -1000.000000 -9.214602
