Car 0.000000 0.000000 -1.580000 581.404883 177.876404 623.537274 218.369807 1.560000 1.650000 3.690000 0.190000 1.780000 30.100000 -1.573688
Car 0.810000 0.000000 2.350000 -288.907394 195.347181 48.034650 310.267314 1.400000 1.540000 3.670000 -10.610000 1.810000 11.370000 1.599165
Car 0.000000 1.000000 2.120000 26.824131 183.884938 224.234365 263.778576 1.560000 1.700000 4.410000 -10.570000 1.850000 16.910000 1.561348
Car 0.000000 0.000000 -1.100000 745.085773 171.705144 927.503490 271.548773 1.530000 1.570000 3.540000 4.590000 1.510000 12.840000 -0.756680
Car 0.000000 2.000000 -1.010000 719.138570 174.133100 883.023141 249.575963 1.500000 1.640000 3.990000 4.890000 1.530000 16.340000 -0.719217
Car 0.000000 2.000000 -1.040000 676.444280 178.854788 810.145057 237.235686 1.400000 1.650000 4.180000 4.240000 1.580000 19.830000 -0.829354
Car 0.000000 1.000000 -0.990000 664.068149 172.254072 777.316554 226.436645 1.590000 1.650000 3.940000 4.110000 1.570000 23.170000 -0.814442
Car 0.000000 2.000000 -0.950000 663.625427 175.411398 767.205390 218.900028 1.480000 1.730000 4.060000 4.470000 1.580000 26.840000 -0.784972
Car 0.000000 2.000000 -0.840000 654.436130 173.800116 746.952948 215.114522 1.630000 1.610000 3.960000 4.360000 1.670000 30.440000 -0.697735
Car 0.000000 0.000000 1.690000 527.254255 180.252007 547.197556 195.343052 1.380000 1.470000 3.620000 -6.480000 2.110000 69.600000 1.597164
Car 0.000000 2.000000 -0.860000 635.838241 175.414433 687.047171 194.656555 1.400000 1.630000 4.050000 4.460000 1.600000 55.030000 -0.779130
Van 0.000000 2.000000 -0.890000 629.428450 172.020147 674.711660 192.220420 1.880000 1.820000 4.640000 4.600000 1.800000 69.470000 -0.823881
Car 0.000000 0.000000 1.730000 490.923110 177.880253 514.059218 194.619338 1.670000 1.680000 4.490000 -10.710000 2.210000 75.600000 1.589270
DontCare -1.000000 -1.000000 -10.000000 473.500000 176.330000 487.060000 189.890000 -1.000000 -1.000000 -1.000000 -1000.000000 -1000.000000 -1000.000000 -9.214602
