Car 0.000000 0.000000 -1.600000 569.221462 182.846645 624.545421 228.964391 1.360000 1.690000 3.380000 0.040000 1.710000 23.730000 -1.598314
Car 0.750000 3.000000 -1.740000 -336.926132 146.456560 117.499045 541.503387 1.760000 1.740000 4.160000 -4.850000 1.640000 5.160000 -2.494439
Car 0.000000 2.000000 -1.820000 49.012124 159.753254 291.517981 363.608188 1.830000 1.640000 3.710000 -4.760000 1.710000 8.380000 -2.336572
Car 0.000000 1.000000 -2.170000 279.457383 182.745958 435.939188 261.111498 1.500000 1.580000 3.570000 -5.150000 1.740000 15.960000 -2.482134
Car 0.000000 2.000000 -2.190000 346.667347 169.993032 484.318934 246.166989 1.800000 1.630000 3.790000 -4.670000 1.730000 18.900000 -2.432238
Car 0.000000 2.000000 -2.230000 409.441622 183.800981 517.989743 228.302395 1.410000 1.620000 4.190000 -4.810000 1.830000 25.840000 -2.414039
Car 0.000000 2.000000 -2.360000 485.413048 179.037582 547.775478 205.704906 1.490000 1.660000 3.550000 -5.070000 1.870000 42.870000 -2.477718
Van 0.000000 3.000000 -1.750000 663.937511 152.385244 762.647695 241.346516 2.380000 2.080000 5.750000 3.470000 1.830000 22.200000 -1.594948
Car 0.000000 0.000000 -1.600000 643.672420 181.373281 670.800646 204.960127 1.400000 1.660000 4.080000 3.500000 1.970000 46.400000 -1.524712
Car 0.000000 2.000000 -1.600000 578.960679 178.620781 612.953288 210.182922 1.520000 1.670000 3.610000 -0.260000 1.830000 37.250000 -1.606980
Van 0.000000 3.000000 1.880000 300.363309 166.939079 390.126848 230.995808 2.140000 1.710000 4.520000 -9.050000 1.940000 26.380000 1.549519
