Car 0.390000 1.000000 -2.470000 -221.055218 166.220299 223.533322 348.731633 1.860000 1.690000 3.690000 -6.230000 1.790000 8.240000 -3.117373
Car 0.000000 2.000000 -2.670000 70.790411 179.309562 352.086253 281.542194 1.680000 1.690000 4.070000 -6.440000 1.800000 12.820000 -3.135518
Car 0.000000 1.000000 -1.930000 851.380825 157.610896 954.974606 218.870992 2.040000 1.990000 4.820000 11.070000 1.530000 26.470000 -1.533895
Car 0.000000 2.000000 -2.020000 919.763220 171.780190 1010.198229 214.327091 1.490000 1.560000 3.880000 13.760000 1.450000 27.220000 -1.551954
Car 0.000000 2.000000 -2.800000 227.460629 184.960484 419.320560 248.808938 1.480000 1.560000 4.120000 -6.490000 1.790000 17.820000 -3.149267
Car 0.000000 2.000000 -2.850000 283.224841 181.335958 424.963309 237.094549 1.510000 1.590000 3.500000 -6.750000 1.760000 20.630000 -3.166214
Car 0.000000 2.000000 -2.860000 302.478316 174.142583 464.032845 231.347302 1.740000 1.750000 4.570000 -6.600000 1.780000 22.860000 -3.141071
Car 0.000000 2.000000 0.310000 389.211393 175.064920 499.723103 219.437862 1.720000 1.680000 4.020000 -6.140000 1.810000 29.110000 0.102123
Car 0.000000 2.000000 -0.040000 642.112586 171.344288 714.206327 196.849369 1.480000 1.860000 4.180000 4.520000 1.390000 42.930000 0.064901
DontCare -1.000000 -1.000000 -10.000000 499.700000 172.450000 567.590000 194.740000 -1.000000 -1.000000 -1.000000 -1000.000000 -1000.000000 -1000.000000 -9.214602
DontCare -1.000000 -1.000000 -10.000000 1005.200000 164.680000 1077.940000 194.730000 -1.000000 -1.000000 -1.000000 -1000.000000 -1000.000000 -1000.000000 -9.214602
