Car 0.000000 0.000000 -1.590000 579.437890 176.448704 623.718198 218.825882 1.560000 1.650000 3.690000 0.150000 1.710000 28.730000 -1.584779
Car 0.970000 0.000000 -1.610000 1008.645138 144.548439 1765.448287 810.265795 1.590000 1.650000 3.940000 4.060000 1.520000 3.690000 -0.776896
Car 0.010000 0.000000 -1.270000 796.585952 177.604144 1127.533503 377.138185 1.480000 1.730000 4.060000 4.290000 1.540000 7.460000 -0.748115
Car 0.000000 1.000000 -1.090000 740.971164 165.022327 978.333030 295.810942 1.630000 1.610000 3.960000 4.360000 1.530000 10.890000 -0.709177
Car 0.000000 2.000000 -1.020000 729.167064 176.934260 893.771303 261.316520 1.490000 1.630000 3.360000 4.620000 1.580000 14.620000 -0.713925
Car 0.000000 2.000000 -0.940000 695.186930 176.163803 848.171705 239.345581 1.410000 1.600000 4.090000 4.640000 1.500000 18.220000 -0.690635
Car 0.000000 1.000000 1.700000 503.816216 179.097707 529.717122 196.343064 1.370000 1.640000 3.920000 -7.300000 1.910000 60.710000 1.580331
Car 0.000000 0.000000 1.820000 393.570219 184.429469 457.627034 224.660147 1.380000 1.470000 3.620000 -6.490000 1.850000 27.620000 1.589212
Car 0.000000 1.000000 -0.850000 660.367464 173.846134 759.359984 213.815222 1.490000 1.590000 4.090000 4.540000 1.530000 28.910000 -0.694233
Car 0.000000 2.000000 -0.900000 644.177886 174.626115 722.077895 204.896699 1.400000 1.630000 4.050000 4.150000 1.490000 35.610000 -0.783983
Van 0.000000 2.000000 -0.920000 632.230085 168.379598 693.843380 196.644831 1.880000 1.820000 4.640000 4.250000 1.580000 50.320000 -0.835741
Car 0.000000 1.000000 1.790000 442.164305 176.469870 477.016231 199.163439 1.670000 1.680000 4.490000 -11.130000 1.960000 56.080000 1.594079
Car 0.000000 1.000000 1.790000 421.658482 177.827907 443.889734 194.990977 1.470000 1.290000 2.950000 -15.220000 1.920000 64.140000 1.557016
