Car 0.980000 0.000000 2.350000 -1876.003285 207.293999 106.780552 1007.959713 1.580000 1.760000 4.180000 -4.360000 1.860000 3.760000 1.490844
Car 0.750000 0.000000 -0.710000 1101.485031 101.584843 1518.855933 233.358622 1.900000 1.780000 4.720000 11.290000 0.870000 11.450000 0.068362
Car 0.000000 1.000000 1.840000 331.712617 191.799637 463.094283 271.452031 1.420000 1.670000 3.800000 -3.970000 1.880000 15.690000 1.592174
Car 0.000000 0.000000 1.980000 94.295854 190.126386 388.411704 345.701314 1.550000 1.710000 4.500000 -4.150000 1.840000 9.950000 1.584852
Car 0.000000 1.000000 1.360000 728.796982 172.564437 817.507214 229.677280 1.500000 1.710000 4.440000 5.140000 1.490000 21.190000 1.597971
Car 0.000000 1.000000 1.800000 424.682415 182.993915 508.371430 240.496015 1.540000 1.630000 3.590000 -3.750000 1.870000 21.810000 1.629725
Car 0.000000 1.000000 1.720000 484.970056 185.662725 537.903041 226.387770 1.420000 1.460000 3.630000 -3.290000 1.950000 28.150000 1.603654
Car 0.000000 1.000000 1.670000 504.100580 184.145260 550.708918 218.837615 1.430000 1.660000 4.190000 -3.240000 1.980000 33.200000 1.572718
Car 0.000000 0.000000 -1.490000 637.771719 178.728714 683.449670 216.623533 1.580000 1.710000 3.750000 2.840000 1.860000 32.690000 -1.403341
Car 0.000000 2.000000 -0.160000 720.288048 170.851773 850.481541 214.980407 1.490000 1.570000 4.260000 6.560000 1.420000 25.340000 0.093318
Car 0.000000 1.000000 -1.200000 655.383721 180.153891 708.491869 211.938277 1.510000 1.580000 3.310000 4.220000 1.900000 36.950000 -1.086284
Car 0.000000 2.000000 -0.990000 685.478763 177.997215 740.315168 208.196458 1.610000 1.600000 3.110000 6.330000 1.910000 40.730000 -0.835820
Car 0.000000 2.000000 -0.520000 680.157270 171.618420 725.055045 184.980750 1.380000 1.600000 4.490000 10.290000 1.250000 76.100000 -0.385598
Car 0.000000 0.000000 -0.280000 563.397153 174.102255 602.035827 186.727532 1.290000 1.470000 3.770000 -2.330000 1.420000 75.250000 -0.310954
