Car 0.000000 0.000000 -1.590000 576.598708 175.357565 622.733541 219.354857 1.560000 1.650000 3.690000 0.090000 1.660000 27.650000 -1.586745
Car 0.620000 0.000000 -1.430000 954.379088 174.120200 1340.963118 472.124971 1.490000 1.630000 3.360000 4.590000 1.500000 5.340000 -0.719987
Car 0.000000 1.000000 -1.180000 794.731147 177.654609 1078.606184 325.123731 1.410000 1.600000 4.090000 4.670000 1.480000 8.950000 -0.699075
Car 0.000000 1.000000 1.760000 441.908677 182.590507 487.127455 210.333094 1.370000 1.640000 3.920000 -7.300000 1.920000 38.970000 1.574822
Car 0.620000 0.000000 2.220000 -307.229666 202.376092 143.851702 389.055224 1.380000 1.470000 3.620000 -6.380000 1.770000 7.750000 1.531257
Car 0.000000 0.000000 -0.930000 683.324878 170.926511 824.121889 231.255404 1.490000 1.590000 4.090000 4.490000 1.440000 19.750000 -0.706458
Car 0.000000 2.000000 -0.940000 653.618608 174.436804 756.879879 216.059742 1.400000 1.630000 4.050000 4.040000 1.460000 26.430000 -0.788317
Van 0.000000 1.000000 -0.930000 634.657457 166.753280 709.886392 201.762979 1.880000 1.820000 4.640000 4.100000 1.550000 41.070000 -0.830500
Car 0.000000 1.000000 1.820000 406.840143 176.258721 450.812325 203.537547 1.670000 1.680000 4.490000 -11.230000 1.900000 46.990000 1.585413
Car 0.000000 2.000000 1.810000 433.506223 175.086512 468.856105 198.121952 1.630000 1.580000 4.200000 -11.240000 1.800000 53.590000 1.603256
Car 0.000000 1.000000 1.760000 490.638260 177.178140 514.664976 191.567894 1.450000 1.650000 4.630000 -10.820000 1.920000 76.470000 1.619440
Car 0.000000 1.000000 1.830000 386.699696 177.762009 414.482248 197.954574 1.470000 1.290000 2.950000 -15.350000 1.850000 54.730000 1.556558
