Car 0.000000 0.000000 -1.590000 581.433428 174.536444 624.967995 215.938221 1.560000 1.650000 3.690000 0.210000 1.630000 29.190000 -1.582806
Car 0.510000 0.000000 -1.440000 879.774060 183.421085 1262.282271 480.166187 1.400000 1.650000 4.180000 4.300000 1.510000 5.610000 -0.786030
Car 0.000000 1.000000 -1.240000 761.399358 166.948023 1020.604168 329.963354 1.590000 1.650000 3.940000 4.150000 1.530000 9.030000 -0.809209
Car 0.000000 2.000000 -1.090000 719.642031 173.951940 928.739250 274.468955 1.480000 1.730000 4.060000 4.360000 1.500000 12.690000 -0.759058
Car 0.000000 2.000000 -0.960000 695.756431 167.947769 862.871863 249.881633 1.630000 1.610000 3.960000 4.370000 1.530000 16.240000 -0.697138
Car 0.000000 2.000000 -0.940000 695.983099 175.596447 819.224356 235.029727 1.490000 1.630000 3.360000 4.610000 1.570000 19.960000 -0.713018
Car 0.000000 2.000000 -0.890000 676.964955 174.339761 797.329534 221.703179 1.410000 1.600000 4.090000 4.690000 1.460000 23.520000 -0.693177
Car 0.000000 1.000000 1.660000 523.431734 176.925788 543.422821 191.090969 1.370000 1.640000 3.920000 -7.190000 1.790000 72.880000 1.561663
Car 0.000000 0.000000 1.750000 460.592392 181.012583 500.631400 208.539851 1.380000 1.470000 3.620000 -6.460000 1.840000 39.070000 1.586138
Car 0.000000 1.000000 -0.820000 655.206042 172.236853 739.849508 205.547795 1.490000 1.590000 4.090000 4.680000 1.460000 34.180000 -0.683924
Car 0.000000 2.000000 -0.890000 640.722686 173.734358 708.719635 199.778040 1.400000 1.630000 4.050000 4.210000 1.450000 40.930000 -0.787502
Van 0.000000 2.000000 -0.920000 632.377713 168.819726 688.130567 194.304629 1.880000 1.820000 4.640000 4.420000 1.580000 55.560000 -0.840614
Car 0.000000 2.000000 1.770000 458.987592 175.944992 489.736095 196.584434 1.670000 1.680000 4.490000 -10.970000 1.940000 61.320000 1.592975
Car 0.000000 1.000000 1.770000 437.637040 175.729626 457.528887 191.478988 1.470000 1.290000 2.950000 -15.080000 1.750000 69.370000 1.555945
