Car 0.000000 0.000000 -1.020000 383.202730 187.435737 506.018962 242.766023 1.350000 1.600000 3.860000 -4.150000 1.810000 20.790000 -1.217026
Car 0.000000 0.000000 -1.170000 598.550336 176.039667 663.877520 211.799056 1.490000 1.530000 3.800000 1.510000 1.640000 32.470000 -1.123529
Van 0.040000 3.000000 2.480000 -33.227081 174.334115 204.135247 263.282001 1.910000 1.540000 4.850000 -12.350000 1.950000 18.120000 1.881752
Van 0.400000 0.000000 -0.660000 -263.991389 119.547081 340.682238 398.412747 2.080000 2.050000 4.960000 -5.080000 1.680000 8.060000 -1.222382
Car 0.000000 2.000000 2.020000 406.051708 180.672726 470.212070 217.522518 1.640000 1.430000 3.920000 -7.780000 2.040000 35.060000 1.801633
Van 0.000000 0.000000 1.710000 542.232520 171.947796 572.271688 198.805189 2.300000 1.870000 5.700000 -4.160000 2.220000 64.700000 1.645792
Car 0.000000 2.000000 -1.270000 631.065047 173.379186 675.395271 199.950536 1.490000 1.560000 3.650000 3.090000 1.520000 42.520000 -1.197456
Car 0.000000 0.000000 -1.480000 688.211058 173.455276 709.180195 190.960657 1.440000 1.460000 3.160000 8.050000 1.490000 61.170000 -1.349151
DontCare -1.000000 -1.000000 -10.000000 718.990000 167.590000 754.860000 186.000000 -1.000000 -1.000000 -1.000000 -1000.000000 -1000.000000 -1000.000000 -9.214602
DontCare -1.000000 -1.000000 -10.000000 796.290000 148.510000 1240.000000 176.540000 -1.000000 -1.000000 -1.000000 -1000.000000 -1000.000000 -1000.000000 -9.214602
