Car 0.000000 0.000000 -1.580000 581.336284 177.849776 623.216857 218.098074 1.560000 1.650000 3.690000 0.180000 1.780000 30.270000 -1.574054
Car 0.150000 0.000000 2.230000 -61.745463 192.636404 158.440836 277.396783 1.400000 1.540000 3.670000 -10.640000 1.850000 14.640000 1.601529
Car 0.000000 1.000000 2.040000 132.995587 182.926223 280.295315 248.133029 1.560000 1.700000 4.410000 -10.560000 1.870000 20.160000 1.557487
Car 0.000000 0.000000 -1.030000 715.567035 173.352620 864.587182 250.304753 1.530000 1.570000 3.540000 4.580000 1.540000 16.150000 -0.753664
Car 0.000000 2.000000 -0.970000 700.648482 175.619234 839.281166 237.630955 1.500000 1.640000 3.990000 4.890000 1.580000 19.560000 -0.725021
Car 0.000000 2.000000 -0.990000 666.550947 178.954044 784.916922 228.353206 1.400000 1.650000 4.180000 4.260000 1.610000 23.040000 -0.807169
Car 0.000000 2.000000 -0.960000 657.656154 175.705080 758.290792 223.070189 1.590000 1.650000 3.940000 4.140000 1.700000 26.450000 -0.804738
Car 0.000000 2.000000 -0.940000 658.218001 175.822066 750.713311 214.285452 1.480000 1.730000 4.060000 4.490000 1.610000 30.130000 -0.792068
Car 0.000000 2.000000 -0.840000 649.757438 174.521356 733.009879 211.647549 1.630000 1.610000 3.960000 4.340000 1.710000 33.750000 -0.712109
Car 0.000000 0.000000 1.680000 534.607810 180.318324 552.345504 193.981034 1.380000 1.470000 3.620000 -6.530000 2.190000 76.700000 1.595068
Van 0.000000 2.000000 -0.880000 628.647270 172.776054 672.137890 192.044709 1.880000 1.820000 4.640000 4.620000 1.870000 72.710000 -0.816545
Car 0.000000 0.000000 1.730000 495.948722 178.389501 518.097844 194.447912 1.670000 1.680000 4.490000 -10.700000 2.290000 78.860000 1.595140
DontCare -1.000000 -1.000000 -10.000000 914.990000 166.140000 960.570000 189.400000 -1.000000 -1.000000 -1.000000 -1000.000000 -1000.000000 -1000.000000 -9.214602
DontCare -1.000000 -1.000000 -10.000000 477.380000 179.720000 491.900000 191.330000 -1.000000 -1.000000 -1.000000 -1000.000000 -1000.000000 -1000.000000 -9.214602
DontCare -1.000000 -1.000000 -10.000000 566.650000 176.810000 577.290000 189.390000 -1.000000 -1.000000 -1.000000 -1000.000000 -1000.000000 -1000.000000 -9.214602
