Car 0.000000 0.000000 -1.580000 575.185716 178.271315 641.583955 242.221000 1.560000 1.650000 3.690000 0.470000 1.720000 19.770000 -1.556231
Car 0.000000 0.000000 -1.210000 801.818355 174.949837 1030.585492 318.459464 1.520000 1.490000 3.460000 4.580000 1.550000 9.420000 -0.757454
Car 0.000000 1.000000 -1.020000 700.726116 178.205073 855.898353 250.356187 1.390000 1.610000 3.650000 4.290000 1.520000 16.010000 -0.758193
Car 0.120000 0.000000 2.170000 -80.790589 182.273674 242.747658 324.625255 1.610000 1.700000 3.970000 -6.730000 1.770000 10.430000 1.596968
Car 0.000000 3.000000 2.150000 -17.557507 177.929291 188.252233 276.557959 1.810000 1.590000 3.930000 -10.450000 1.930000 15.420000 1.554404
Car 0.000000 1.000000 1.830000 400.316680 182.298857 484.082988 226.747527 1.450000 1.840000 4.590000 -5.630000 1.830000 26.870000 1.623461
Car 0.000000 1.000000 1.820000 554.365210 173.828807 588.937945 199.477991 1.760000 1.580000 3.680000 -2.200000 1.830000 51.620000 1.777407
Car 0.000000 0.000000 2.060000 264.605828 181.711346 369.350092 231.182080 1.560000 1.620000 4.190000 -9.810000 1.900000 25.710000 1.695487
Car 0.000000 2.000000 1.980000 420.617000 182.060408 485.407069 211.608773 1.420000 1.670000 4.530000 -7.800000 1.940000 38.550000 1.780361
Car 0.000000 1.000000 -1.340000 663.883425 174.654901 688.657552 191.974286 1.470000 1.460000 3.160000 6.350000 1.630000 63.330000 -1.240066
Car 0.000000 2.000000 2.190000 119.565038 184.343026 251.300063 233.246006 1.450000 1.500000 4.530000 -13.920000 1.880000 24.820000 1.678874
