Car 0.000000 1.000000 2.930000 682.397598 166.304892 806.748973 210.286784 1.730000 1.740000 4.710000 5.880000 1.470000 29.280000 3.128184
Car 0.000000 1.000000 -0.600000 1051.922288 146.234070 1177.133520 181.425307 1.570000 1.640000 4.560000 23.530000 0.380000 33.050000 0.018702
Car 0.210000 1.000000 -0.680000 1118.000155 144.168626 1255.329093 185.748884 1.620000 1.670000 4.170000 23.550000 0.500000 28.950000 0.002901
Car 0.650000 1.000000 -0.740000 1170.732022 143.146896 1328.882526 189.936211 1.650000 1.790000 4.200000 23.760000 0.600000 26.350000 -0.006242
Car 0.000000 1.000000 -0.480000 941.158934 152.857426 1025.508750 178.717906 1.510000 1.640000 4.170000 22.680000 0.340000 42.960000 0.005743
Car 0.000000 2.000000 -0.510000 927.838931 154.248336 1010.318420 178.891492 1.520000 1.600000 4.420000 23.050000 0.370000 45.390000 -0.040115
Car 0.000000 0.000000 1.640000 495.835112 178.157338 534.982114 209.678500 1.580000 1.760000 4.180000 -4.560000 1.880000 39.010000 1.523635
Car 0.000000 2.000000 -1.900000 844.886448 155.291865 881.141894 178.925032 1.800000 1.650000 3.550000 20.360000 0.460000 56.740000 -1.555481
DontCare -1.000000 -1.000000 -10.000000 886.450000 154.470000 915.900000 175.550000 -1.000000 -1.000000 -1.000000 -1000.000000 -1000.000000 -1000.000000 -9.214602
DontCare -1.000000 -1.000000 -10.000000 547.520000 173.300000 677.770000 190.890000 -1.000000 -1.000000 -1.000000 -1000.000000 -1000.000000 -1000.000000 -9.214602
