Pedestrian 0.000000 0.000000 -1.850000 192.948995 166.442226 259.662643 302.711928 1.720000 0.570000 0.990000 -4.600000 1.540000 9.480000 -2.301764
Pedestrian 0.000000 0.000000 -1.790000 125.630706 150.759312 198.882374 308.847537 1.900000 0.610000 1.110000 -5.230000 1.540000 9.110000 -2.311153
Pedestrian 0.000000 0.000000 1.200000 291.176538 154.426932 395.176669 335.703879 1.790000 0.790000 0.960000 -2.340000 1.530000 7.600000 0.901316
Cyclist 0.000000 3.000000 1.890000 952.384480 174.138884 1032.156602 285.141912 1.700000 0.600000 1.700000 6.870000 1.600000 11.610000 2.424317
Cyclist 0.000000 3.000000 1.760000 1141.624382 181.619250 1183.913757 244.683349 1.700000 0.600000 1.700000 16.180000 1.730000 19.860000 2.443642
Pedestrian 0.000000 1.000000 1.370000 700.676402 169.063212 716.840568 210.027931 1.960000 0.690000 0.500000 5.520000 1.410000 34.090000 1.530531
Pedestrian 0.000000 1.000000 -2.040000 715.669967 175.177060 734.468995 210.704324 1.650000 0.580000 0.800000 6.170000 1.400000 33.300000 -1.856792
Cyclist 0.000000 1.000000 -0.570000 957.577989 174.619787 1004.005902 216.452766 1.830000 0.690000 1.710000 17.160000 1.570000 31.330000 -0.068911
Pedestrian 0.000000 1.000000 0.090000 1092.111711 174.458883 1114.745371 217.705566 1.770000 0.730000 0.700000 21.270000 1.520000 29.440000 0.715659
Pedestrian 0.000000 1.000000 3.050000 1123.481588 182.491426 1152.055169 226.596080 1.760000 0.770000 0.870000 22.220000 1.840000 28.820000 3.706801
DontCare -1.000000 -1.000000 -10.000000 126.200000 174.460000 135.720000 199.280000 -1.000000 -1.000000 -1.000000 -1000.000000 -1000.000000 -1000.000000 -9.214602
