Car 0.000000 0.000000 1.840000 274.115162 185.961399 474.379844 330.412339 1.630000 1.600000 3.730000 -2.650000 1.850000 10.360000 1.589578
Car 1.000000 0.000000 -2.260000 896.846006 236.286177 3949.530174 2507.737150 1.450000 1.500000 3.260000 2.560000 1.800000 2.280000 -1.416815
Car 0.000000 0.000000 -1.880000 701.371338 191.458915 909.592339 369.142349 1.590000 1.490000 3.340000 2.540000 1.850000 8.490000 -1.589300
Car 0.000000 1.000000 -1.760000 650.434923 192.806426 763.844968 290.774356 1.540000 1.600000 3.520000 2.210000 1.970000 13.850000 -1.601767
Car 0.000000 2.000000 -1.420000 402.785615 187.828073 502.541913 271.300039 1.540000 1.500000 3.480000 -2.820000 1.900000 15.700000 -1.597723
Car 0.000000 2.000000 1.720000 446.367721 190.900183 523.187915 248.263996 1.440000 1.630000 3.320000 -3.040000 2.000000 20.820000 1.575011
Car 0.000000 2.000000 -1.770000 639.880669 186.503227 714.040373 248.008440 1.550000 1.550000 3.270000 2.320000 1.970000 20.630000 -1.658013
Car 0.000000 2.000000 -1.690000 623.320817 189.230556 679.546891 237.232113 1.480000 1.600000 3.790000 1.880000 2.100000 25.490000 -1.616379
Car 0.000000 1.000000 1.690000 512.453763 187.405480 553.232675 221.962992 1.560000 1.550000 3.640000 -3.300000 2.320000 35.960000 1.598488
Car 0.000000 1.000000 1.650000 531.820738 178.344744 567.351591 213.871932 1.910000 1.660000 4.220000 -2.930000 2.240000 41.560000 1.579616
Car 0.000000 1.000000 1.670000 550.234886 182.179685 582.937957 212.197177 1.830000 1.690000 4.280000 -2.310000 2.470000 47.520000 1.621427
DontCare -1.000000 -1.000000 -10.000000 600.190000 187.520000 634.610000 202.150000 -1.000000 -1.000000 -1.000000 -1000.000000 -1000.000000 -1000.000000 -9.214602
