Car 0.000000 0.000000 -1.610000 569.119347 184.931115 648.953881 251.921107 1.360000 1.690000 3.380000 0.440000 1.670000 16.960000 -1.584062
Car 0.000000 1.000000 2.000000 219.926465 182.066458 320.112384 231.926691 1.590000 1.720000 3.860000 -11.470000 1.940000 25.660000 1.579644
Cyclist 0.000000 3.000000 2.840000 824.007573 172.052024 926.040165 248.582387 1.680000 0.860000 2.010000 6.450000 1.660000 16.340000 3.215961
Van 0.000000 3.000000 -1.660000 662.461389 158.851853 726.415567 226.685973 2.120000 1.860000 4.410000 3.290000 1.680000 24.790000 -1.528056
Pedestrian 0.000000 0.000000 0.050000 448.863628 167.708786 476.952659 243.109805 1.870000 0.640000 0.650000 -3.230000 1.740000 18.250000 -0.125172
Van 0.000000 3.000000 1.880000 350.093453 175.466840 406.757507 210.843180 1.710000 1.560000 4.120000 -11.380000 1.850000 37.250000 1.583502
Car 0.000000 2.000000 -2.200000 417.300575 177.927173 510.979904 224.379927 1.590000 1.630000 3.640000 -5.000000 1.790000 26.940000 -2.383510
Car 0.000000 2.000000 -2.380000 449.523177 182.161392 538.560379 215.197765 1.390000 1.610000 4.090000 -4.880000 1.840000 33.230000 -2.525813
Car 0.000000 2.000000 -2.400000 486.514429 180.923757 552.073140 209.450866 1.500000 1.570000 3.540000 -4.620000 1.970000 40.560000 -2.513417
Car 0.000000 2.000000 -2.340000 519.207434 179.221811 567.581132 198.985662 1.400000 1.600000 3.550000 -4.500000 1.890000 54.020000 -2.423111
Car 0.000000 2.000000 -1.550000 566.299609 181.924061 610.701212 222.867558 1.520000 1.670000 3.610000 -0.330000 1.910000 29.400000 -1.561224
Car 0.000000 2.000000 1.940000 338.448564 177.711175 392.099165 202.548140 1.470000 1.770000 4.250000 -14.930000 1.790000 45.720000 1.624364
DontCare -1.000000 -1.000000 -10.000000 629.350000 167.730000 648.140000 184.440000 -1.000000 -1.000000 -1.000000 -1000.000000 -1000.000000 -1000.000000 -9.214602
