Car 0.830000 0.000000 -2.360000 -497.892096 201.624947 51.050661 367.081156 1.520000 1.550000 4.020000 -8.160000 1.860000 7.750000 -3.171162
Car 0.000000 1.000000 -2.720000 187.712361 174.716668 376.054101 249.293352 1.900000 1.780000 4.250000 -8.210000 1.950000 19.360000 -3.121083
Car 0.000000 0.000000 0.190000 412.010352 179.598723 489.060448 209.486252 1.520000 1.640000 3.700000 -7.840000 1.880000 37.920000 -0.013878
Misc 0.000000 2.000000 0.630000 -8.463700 194.216461 135.259145 286.205243 1.520000 0.790000 1.900000 -8.960000 1.900000 12.510000 0.008466
Cyclist 0.000000 0.000000 -1.950000 866.575837 155.680294 906.622572 218.493455 1.820000 0.510000 1.850000 8.830000 1.320000 21.830000 -1.565630
Cyclist 0.000000 0.000000 -1.880000 818.378685 165.696744 844.781673 212.524365 1.620000 0.430000 1.700000 8.400000 1.370000 25.810000 -1.565356
Cyclist 0.000000 3.000000 -1.840000 796.494862 166.450890 817.647428 205.213381 1.620000 0.440000 1.790000 8.960000 1.350000 31.050000 -1.559065
DontCare -1.000000 -1.000000 -10.000000 604.350000 177.100000 627.310000 193.810000 -1.000000 -1.000000 -1.000000 -1000.000000 -1000.000000 -1000.000000 -9.214602
DontCare -1.000000 -1.000000 -10.000000 932.480000 158.350000 1120.020000 191.720000 -1.000000 -1.000000 -1.000000 -1000.000000 -1000.000000 -1000.000000 -9.214602
DontCare -1.000000 -1.000000 -10.000000 732.480000 168.770000 795.020000 188.600000 -1.000000 -1.000000 -1.000000 -1000.000000 -1000.000000 -1000.000000 -9.214602
