Pedestrian 0.220000 0.000000 2.220000 -78.901893 188.010668 24.942452 366.306902 1.620000 0.450000 0.630000 -5.620000 1.770000 6.930000 1.538608
Car 0.740000 0.000000 -2.060000 796.287672 185.116694 1411.378314 592.110321 1.510000 1.620000 3.730000 2.880000 1.620000 4.700000 -1.510247
Car 0.000000 0.000000 1.910000 126.917388 193.802091 401.431362 363.058609 1.440000 1.510000 3.770000 -3.240000 1.740000 8.510000 1.546217
Car 0.000000 1.000000 1.830000 297.243805 204.565437 456.752945 288.826472 1.140000 1.680000 3.850000 -3.550000 1.800000 13.140000 1.566132
Car 0.000000 0.000000 -1.770000 675.899818 182.628009 808.557591 277.855574 1.430000 1.680000 4.390000 2.750000 1.640000 13.480000 -1.568756
Car 0.000000 0.000000 1.740000 457.912064 180.059074 519.194465 224.451522 1.460000 1.500000 3.880000 -3.860000 1.740000 26.320000 1.594382
Car 0.000000 1.000000 -1.690000 646.752931 179.428461 698.688451 223.314841 1.460000 1.550000 3.190000 2.700000 1.710000 26.090000 -1.586879
Van 0.000000 2.000000 1.660000 476.524025 165.789081 528.495777 216.146629 2.050000 1.790000 4.470000 -4.140000 1.760000 31.640000 1.529892
Car 0.000000 2.000000 -1.670000 635.565254 179.214054 683.910693 216.417114 1.440000 1.690000 4.450000 2.550000 1.730000 30.930000 -1.587742
Van 0.000000 2.000000 -2.840000 321.541456 156.317225 455.887875 204.943564 2.610000 2.210000 6.750000 -11.640000 1.720000 39.890000 -3.123919
Van 0.000000 0.000000 -1.540000 594.686209 169.373509 617.707621 193.334745 1.980000 1.800000 4.540000 0.220000 1.690000 61.920000 -1.536447
Van 0.000000 2.000000 -0.210000 712.997107 158.723947 803.230698 193.282395 2.660000 2.130000 6.640000 12.060000 1.570000 56.600000 -0.000065
DontCare -1.000000 -1.000000 -10.000000 561.650000 171.900000 581.480000 188.610000 -1.000000 -1.000000 -1.000000 -1000.000000 -1000.000000 -1000.000000 -9.214602
