Car 0.000000 0.000000 -1.570000 567.925572 180.294009 625.730173 228.022986 1.360000 1.690000 3.380000 0.110000 1.610000 22.780000 -1.565171
Car 0.430000 3.000000 -1.930000 -156.614610 190.361469 253.294945 444.159005 1.400000 1.600000 3.550000 -4.180000 1.580000 5.860000 -2.549603
Car 0.000000 1.000000 -2.050000 256.507001 179.920920 414.138263 268.640333 1.460000 1.490000 3.400000 -4.860000 1.610000 13.850000 -2.387479
Car 0.000000 2.000000 -2.160000 321.691905 178.755927 465.721042 248.294843 1.430000 1.620000 3.470000 -4.630000 1.580000 16.880000 -2.427705
Car 0.000000 2.000000 -2.240000 404.231609 177.832786 513.410436 222.258324 1.370000 1.550000 3.960000 -4.710000 1.550000 24.550000 -2.429550
Van 0.000000 3.000000 -2.260000 471.894126 160.114794 555.799706 204.973653 2.210000 1.820000 4.690000 -4.600000 1.580000 37.820000 -2.381034
Car 0.230000 3.000000 -2.060000 827.814790 192.470992 1211.682949 402.718587 1.360000 1.590000 3.850000 3.920000 1.600000 6.970000 -1.547679
Car 0.000000 1.000000 -1.890000 746.311816 170.225350 923.484994 290.456007 1.720000 1.790000 3.940000 4.070000 1.680000 12.290000 -1.570204
Pedestrian 0.000000 2.000000 -1.710000 686.355819 176.580682 711.418362 224.059876 1.610000 0.740000 1.080000 3.570000 1.740000 25.090000 -1.568661
Car 0.000000 2.000000 -0.470000 806.488527 174.062252 946.978486 227.164965 1.700000 1.770000 4.060000 9.380000 1.740000 24.230000 -0.100643
Car 0.730000 3.000000 2.440000 -308.608076 180.949585 84.621069 323.632141 1.440000 1.580000 3.250000 -8.310000 1.560000 9.190000 1.704845
Car 0.000000 2.000000 -1.550000 581.563801 175.555289 617.344081 207.732218 1.520000 1.670000 3.610000 0.010000 1.660000 36.210000 -1.549724
Car 0.000000 2.000000 2.080000 19.948034 174.847117 218.519626 264.436948 1.450000 1.470000 3.520000 -8.490000 1.490000 13.550000 1.520274
Car 0.000000 2.000000 2.010000 185.479329 176.267288 314.132170 239.845310 1.400000 1.440000 3.450000 -8.250000 1.490000 17.800000 1.575990
Van 0.000000 3.000000 -0.580000 935.170613 151.693658 1150.616044 230.076279 2.510000 2.460000 5.850000 14.970000 1.830000 24.420000 -0.030060
Car 0.000000 2.000000 1.960000 259.664672 172.901192 333.695639 208.106681 1.580000 1.730000 4.220000 -14.380000 1.580000 34.500000 1.565085
