Car 0.000000 0.000000 -1.590000 577.265251 175.910257 629.397313 225.708219 1.560000 1.650000 3.690000 0.260000 1.670000 24.680000 -1.579466
Car 0.380000 0.000000 2.150000 -181.343008 204.427195 191.764796 358.131820 1.370000 1.640000 3.920000 -6.760000 1.860000 9.250000 1.518894
Car 0.010000 0.000000 -1.260000 840.762999 167.592526 1190.448057 376.064537 1.490000 1.590000 4.090000 4.610000 1.450000 7.060000 -0.681537
Car 0.000000 0.000000 -1.080000 706.334945 175.245347 893.032730 261.691052 1.400000 1.630000 4.050000 4.220000 1.450000 13.800000 -0.783233
Car 0.000000 2.000000 -1.020000 701.974343 174.057436 847.525741 241.407019 1.450000 1.580000 3.870000 4.560000 1.480000 17.510000 -0.765236
Car 0.000000 2.000000 -0.990000 697.513801 168.904005 815.477183 228.004333 1.610000 1.670000 3.650000 4.910000 1.500000 21.520000 -0.765680
Van 0.000000 1.000000 -0.990000 654.943230 162.953423 760.656881 215.002704 1.880000 1.820000 4.640000 4.420000 1.520000 28.390000 -0.835551
Car 0.000000 2.000000 -0.900000 647.500268 175.010647 726.979538 207.344355 1.490000 1.630000 4.160000 4.350000 1.600000 35.560000 -0.778276
Car 0.000000 2.000000 -0.820000 638.968738 174.970958 692.079367 196.716773 1.540000 1.720000 3.880000 4.640000 1.700000 53.410000 -0.733342
Car 0.000000 0.000000 1.890000 334.330462 176.657556 402.332835 214.863170 1.670000 1.680000 4.490000 -10.870000 1.860000 34.240000 1.582598
Van 0.000000 1.000000 1.750000 503.316329 160.747534 543.318204 196.419503 2.910000 2.180000 6.910000 -6.890000 1.920000 62.380000 1.639994
Car 0.000000 1.000000 1.860000 383.274859 179.954072 433.873953 211.139431 1.630000 1.580000 4.200000 -10.820000 2.050000 40.800000 1.600771
Car 0.000000 1.000000 1.810000 421.062894 183.631388 460.106032 205.758901 1.340000 1.570000 4.010000 -10.640000 2.080000 47.680000 1.590443
Car 0.000000 0.000000 1.840000 471.576385 178.644137 504.229632 196.089014 1.450000 1.650000 4.630000 -10.260000 1.980000 63.950000 1.680918
Car 0.000000 2.000000 1.920000 324.064569 180.024040 365.146944 206.702660 1.470000 1.290000 2.950000 -14.920000 1.900000 42.030000 1.578892
Car 0.000000 1.000000 1.510000 33.769261 181.582591 77.423666 212.834276 1.480000 1.590000 3.660000 -28.070000 1.950000 37.140000 0.862804
