Van 0.000000 0.000000 -1.530000 496.987031 160.476835 586.619421 255.610016 1.980000 1.800000 4.540000 -1.010000 1.720000 17.300000 -1.588315
Van 0.590000 0.000000 -0.770000 1002.778308 90.295563 1504.719775 266.317170 2.660000 2.130000 6.640000 10.930000 1.410000 12.080000 -0.034539
Car 0.000000 0.000000 -1.190000 160.681241 186.987623 323.166484 263.750254 1.480000 1.710000 4.650000 -8.000000 1.860000 17.150000 -1.626468
Car 0.000000 1.000000 -1.000000 10.388326 167.674929 212.381321 265.860906 2.040000 1.660000 4.620000 -11.150000 1.930000 17.300000 -1.572505
Car 0.000000 0.000000 -1.430000 417.200839 174.317784 487.351650 221.590551 1.420000 1.640000 3.950000 -4.620000 1.470000 23.810000 -1.621655
Car 0.000000 0.000000 -1.920000 748.642301 173.983106 875.041424 241.961011 1.510000 1.720000 4.500000 5.440000 1.540000 18.400000 -1.632537
Car 0.000000 0.000000 -1.570000 595.008955 164.338616 634.525722 201.686308 1.700000 1.800000 4.500000 0.760000 1.310000 35.110000 -1.548357
Van 0.000000 0.000000 1.440000 644.294589 148.481357 687.856008 194.781810 2.750000 2.040000 6.050000 3.980000 1.300000 45.920000 1.526456
Car 0.000000 1.000000 -1.970000 829.507999 166.061010 963.579581 236.747231 1.640000 1.730000 4.430000 7.810000 1.480000 18.960000 -1.579260
Car 0.000000 2.000000 -2.110000 925.335825 173.974076 1094.999295 235.233372 1.380000 1.800000 4.490000 10.540000 1.410000 18.600000 -1.594451
Truck 0.000000 1.000000 1.520000 588.967765 132.386310 632.345130 198.426409 3.570000 2.250000 7.970000 0.420000 1.380000 43.030000 1.529760
Misc 0.560000 1.000000 2.280000 -188.879583 211.812034 135.670432 276.174218 0.930000 2.390000 5.820000 -13.800000 2.000000 16.920000 1.595817
Car 0.920000 1.000000 -0.800000 -260.219528 193.829945 7.991112 274.281847 1.530000 1.610000 4.730000 -16.750000 2.100000 17.320000 -1.568669
