Car 0.870000 1.000000 -2.280000 -697.207504 153.028967 61.308685 442.003159 1.860000 1.690000 3.690000 -6.200000 1.730000 5.520000 -3.123354
Car 0.120000 1.000000 -2.560000 -84.174077 169.139069 289.236552 300.240418 1.680000 1.690000 4.070000 -6.430000 1.630000 10.120000 -3.126026
Car 0.000000 1.000000 -1.960000 878.185771 148.519395 999.688948 217.697553 2.040000 1.990000 4.820000 11.100000 1.320000 23.730000 -1.522473
Car 0.000000 2.000000 -2.050000 954.378339 163.946385 1060.350561 211.756564 1.490000 1.560000 3.880000 13.810000 1.210000 24.450000 -1.535845
Car 0.000000 2.000000 -2.750000 155.236266 178.869531 387.672157 254.409152 1.480000 1.560000 4.120000 -6.460000 1.610000 15.070000 -3.154972
Car 0.000000 2.000000 -2.810000 231.390629 174.489203 398.730309 238.671051 1.510000 1.590000 3.500000 -6.720000 1.550000 17.860000 -3.169875
Car 0.000000 2.000000 -2.830000 261.367315 164.319530 447.413052 229.564035 1.740000 1.750000 4.570000 -6.530000 1.510000 20.120000 -3.143827
Car 0.000000 2.000000 0.330000 368.566923 164.415836 490.726706 213.183968 1.720000 1.680000 4.020000 -6.080000 1.420000 26.490000 0.104387
Car 0.000000 2.000000 -0.050000 645.114968 162.949236 722.212989 190.216560 1.480000 1.860000 4.180000 4.560000 0.940000 40.220000 0.062894
DontCare -1.000000 -1.000000 -10.000000 494.980000 159.400000 567.940000 185.480000 -1.000000 -1.000000 -1.000000 -1000.000000 -1000.000000 -1000.000000 -9.214602
DontCare -1.000000 -1.000000 -10.000000 1058.500000 164.600000 1122.080000 184.430000 -1.000000 -1.000000 -1.000000 -1000.000000 -1000.000000 -1000.000000 -9.214602
