Pedestrian 0.000000 0.000000 0.320000 331.023836 168.720470 369.137185 249.876452 1.720000 0.740000 0.560000 -5.150000 1.630000 15.660000 0.002278
Cyclist 0.170000 1.000000 2.880000 1047.583399 161.554354 1230.295072 284.039565 1.600000 0.880000 1.930000 7.860000 1.450000 10.200000 3.536548
Car 0.000000 1.000000 2.260000 256.229762 174.621363 413.960489 242.583858 1.590000 1.640000 4.080000 -6.650000 1.640000 19.190000 1.926416
Car 0.000000 0.000000 2.580000 606.502213 172.907495 720.502733 209.565973 1.460000 1.640000 4.630000 2.780000 1.460000 30.520000 2.670837
Van 0.000000 1.000000 2.860000 885.215552 159.166235 986.310801 200.391387 1.830000 1.710000 3.920000 15.390000 1.220000 33.170000 3.294413
Car 0.000000 2.000000 -1.270000 668.202415 172.889996 708.734189 197.217030 1.490000 1.590000 3.460000 5.550000 1.490000 46.100000 -1.150186
Car 0.000000 2.000000 -0.630000 353.409036 177.837696 442.589251 213.134011 1.500000 1.620000 3.670000 -9.190000 1.740000 33.150000 -0.900433
Car 0.000000 0.000000 1.810000 557.772554 176.274994 585.077386 194.735503 1.450000 1.300000 4.040000 -2.640000 1.740000 59.560000 1.765704
Car 0.000000 0.000000 1.920000 514.779057 176.843310 546.740999 195.775045 1.500000 1.440000 3.690000 -6.040000 1.840000 59.960000 1.819605
DontCare -1.000000 -1.000000 -10.000000 0.000000 179.190000 45.880000 207.360000 -1.000000 -1.000000 -1.000000 -1000.000000 -1000.000000 -1000.000000 -9.214602
DontCare -1.000000 -1.000000 -10.000000 582.480000 166.690000 624.190000 189.650000 -1.000000 -1.000000 -1.000000 -1000.000000 -1000.000000 -1000.000000 -9.214602
