Car 0.000000 0.000000 -0.750000 192.936559 186.232875 353.381715 245.008182 1.350000 1.600000 3.860000 -8.510000 1.750000 19.610000 -1.159437
Car 0.000000 0.000000 -0.980000 441.299455 176.919322 529.267112 218.104151 1.490000 1.530000 3.800000 -4.360000 1.660000 28.550000 -1.131544
Car 0.610000 0.000000 2.670000 -150.202474 184.781734 80.523810 254.100828 1.490000 1.340000 4.250000 -15.770000 1.830000 18.490000 1.963829
Car 0.000000 1.000000 2.200000 337.523672 173.104498 427.450329 213.302945 1.720000 1.530000 4.550000 -9.890000 1.730000 33.300000 1.911301
Van 0.000000 2.000000 1.940000 509.082642 168.430240 556.466351 197.808662 1.910000 1.540000 4.850000 -4.720000 1.620000 49.450000 1.844838
Car 0.000000 0.000000 -1.160000 570.361709 174.107935 623.539595 202.766060 1.490000 1.560000 3.650000 -0.170000 1.560000 39.670000 -1.164285
Car 0.000000 0.000000 -1.320000 693.132813 171.588328 718.741890 188.525903 1.440000 1.460000 3.160000 8.920000 1.330000 63.080000 -1.179524
DontCare -1.000000 -1.000000 -10.000000 656.440000 171.900000 687.730000 181.320000 -1.000000 -1.000000 -1.000000 -1000.000000 -1000.000000 -1000.000000 -9.214602
DontCare -1.000000 -1.000000 -10.000000 744.980000 166.690000 771.060000 187.560000 -1.000000 -1.000000 -1.000000 -1000.000000 -1000.000000 -1000.000000 -9.214602
DontCare -1.000000 -1.000000 -10.000000 813.730000 156.270000 1240.000000 182.350000 -1.000000 -1.000000 -1.000000 -1000.000000 -1000.000000 -1000.000000 -9.214602
