Car 0.000000 0.000000 2.060000 -15.598273 202.724943 266.658073 347.728396 1.450000 1.520000 3.620000 -5.750000 1.930000 9.810000 1.529837
Car 0.000000 0.000000 1.760000 353.962195 189.945930 478.877689 277.037257 1.460000 1.620000 4.040000 -3.350000 1.860000 14.940000 1.539418
Car 0.000000 1.000000 1.930000 198.579777 195.011244 361.329051 287.656170 1.460000 1.580000 3.720000 -5.780000 1.950000 14.150000 1.542204
Cyclist 0.000000 1.000000 3.020000 751.974892 177.707553 864.306475 276.386430 1.550000 0.570000 1.730000 3.690000 1.630000 11.810000 3.322837
Car 0.560000 0.000000 2.480000 1079.559940 149.354213 1378.880882 251.602997 1.730000 1.550000 4.000000 11.540000 1.330000 13.100000 3.202171
Cyclist 0.000000 0.000000 -3.120000 778.651778 176.954205 901.369656 292.233280 1.550000 0.690000 1.630000 3.780000 1.610000 10.360000 -2.770144
Car 0.000000 2.000000 1.660000 486.808639 182.381275 535.808328 224.277534 1.570000 1.600000 3.990000 -3.540000 1.990000 29.970000 1.542427
Car 0.000000 0.000000 1.610000 549.857883 181.859847 567.004456 197.963330 1.520000 1.540000 3.680000 -4.610000 2.440000 72.040000 1.546095
Car 0.000000 1.000000 -0.120000 623.305662 179.071819 714.155438 214.464986 1.620000 1.650000 4.140000 3.230000 1.920000 34.210000 -0.025862
Car 0.000000 1.000000 0.010000 604.673172 178.635797 667.826804 204.838541 1.690000 1.760000 4.120000 2.260000 2.080000 47.970000 0.057078
Van 0.000000 1.000000 1.710000 437.903628 172.923204 518.458441 242.198727 1.950000 1.750000 4.630000 -3.520000 1.950000 22.640000 1.555758
DontCare -1.000000 -1.000000 -10.000000 743.940000 162.520000 759.610000 195.900000 -1.000000 -1.000000 -1.000000 -1000.000000 -1000.000000 -1000.000000 -9.214602
