Pedestrian 0.000000 0.000000 -2.200000 416.797750 180.807884 462.603706 250.964467 1.580000 0.670000 0.870000 -3.510000 1.770000 16.910000 -2.404663
Pedestrian 0.000000 0.000000 1.820000 232.318982 168.726546 311.959305 316.120051 1.700000 0.700000 0.690000 -3.580000 1.650000 8.710000 1.430028
Pedestrian 0.000000 0.000000 1.580000 362.593666 174.745002 405.064215 281.704048 1.670000 0.620000 0.950000 -3.210000 1.700000 11.820000 1.314822
Pedestrian 0.000000 0.000000 0.340000 303.476909 173.605045 347.328544 281.006811 1.690000 0.550000 0.490000 -4.100000 1.700000 11.630000 0.001067
Pedestrian 0.000000 0.000000 1.360000 692.600590 166.897431 727.600028 250.009314 1.920000 0.640000 1.080000 2.860000 1.780000 17.220000 1.524584
Pedestrian 0.000000 0.000000 1.300000 712.761729 169.073584 754.860524 248.043496 1.830000 0.770000 1.010000 3.430000 1.740000 17.250000 1.496280
DontCare -1.000000 -1.000000 -10.000000 482.480000 180.230000 501.270000 205.270000 -1.000000 -1.000000 -1.000000 -1000.000000 -1000.000000 -1000.000000 -9.214602
DontCare -1.000000 -1.000000 -10.000000 553.310000 180.230000 565.850000 213.600000 -1.000000 -1.000000 -1.000000 -1000.000000 -1000.000000 -1000.000000 -9.214602
DontCare -1.000000 -1.000000 -10.000000 566.850000 179.190000 576.270000 205.270000 -1.000000 -1.000000 -1.000000 -1000.000000 -1000.000000 -1000.000000 -9.214602
DontCare -1.000000 -1.000000 -10.000000 503.310000 181.270000 543.980000 197.980000 -1.000000 -1.000000 -1.000000 -1000.000000 -1000.000000 -1000.000000 -9.214602
