Car 0.000000 0.000000 -1.600000 573.547162 180.776135 638.327752 243.654550 1.560000 1.650000 3.690000 0.360000 1.800000 20.220000 -1.582198
Car 0.040000 0.000000 -1.370000 865.621124 167.547696 1179.787216 384.851270 1.540000 1.720000 3.880000 4.700000 1.500000 7.090000 -0.784606
Car 0.000000 0.000000 -1.040000 707.338972 178.766662 834.137600 247.290682 1.520000 1.490000 3.460000 4.570000 1.680000 18.060000 -0.792157
Car 0.000000 1.000000 -0.930000 667.555821 180.814658 771.502306 226.041191 1.390000 1.610000 3.650000 4.280000 1.680000 24.660000 -0.758151
Car 0.000000 0.000000 2.000000 171.028540 186.565438 343.837376 281.966301 1.600000 1.600000 3.770000 -6.400000 1.910000 14.540000 1.585355
Car 0.000000 1.000000 1.860000 428.383150 181.742940 494.462869 222.571832 1.610000 1.700000 3.970000 -5.890000 2.020000 31.410000 1.674633
Car 0.000000 1.000000 2.130000 54.963397 193.015951 244.845670 266.781232 1.450000 1.650000 4.630000 -10.560000 2.010000 17.790000 1.594306
Car 0.000000 2.000000 1.980000 223.022927 180.146642 325.318070 240.748714 1.810000 1.590000 3.930000 -10.540000 2.070000 23.990000 1.566038
Car 0.000000 0.000000 1.770000 526.556589 180.804760 566.100775 203.358857 1.450000 1.840000 4.590000 -3.890000 2.030000 50.460000 1.693061
Car 0.000000 0.000000 1.970000 357.583759 182.725772 426.733148 218.832679 1.560000 1.620000 4.190000 -9.840000 2.060000 34.540000 1.692465
Car 0.000000 2.000000 2.000000 453.579385 183.070397 507.028989 207.037915 1.420000 1.670000 4.530000 -7.910000 2.120000 47.200000 1.833958
Car 0.820000 1.000000 2.420000 -189.459143 191.052265 20.436921 267.933854 1.470000 1.480000 3.210000 -14.950000 1.920000 16.260000 1.676551
Car 0.390000 1.000000 2.550000 -75.762134 184.507957 89.065743 231.054053 1.470000 1.780000 4.340000 -21.290000 1.930000 26.290000 1.869304
Car 0.000000 1.000000 -1.400000 631.441592 177.955513 655.736837 196.623138 1.470000 1.460000 3.160000 3.300000 1.900000 59.450000 -1.344548
Car 0.000000 2.000000 2.070000 253.550548 182.602907 336.905727 217.769902 1.450000 1.500000 4.530000 -13.940000 1.930000 33.370000 1.674294
