Car 0.000000 1.000000 -0.640000 182.230708 186.498239 325.284404 235.998273 1.350000 1.600000 3.860000 -10.690000 1.820000 22.900000 -1.076747
Van 0.000000 2.000000 2.630000 47.124319 169.486187 219.890268 231.143070 1.970000 1.770000 4.860000 -16.220000 1.860000 25.610000 2.065421
Pedestrian 0.000000 0.000000 -1.890000 930.538627 159.338528 978.651419 278.208092 1.650000 0.500000 0.500000 5.390000 1.460000 10.300000 -1.407886
Car 0.000000 1.000000 -0.860000 417.571484 179.153499 503.506595 216.545905 1.490000 1.530000 3.800000 -5.950000 1.780000 31.460000 -1.046921
Car 0.000000 2.000000 2.230000 413.587811 179.728130 481.844533 208.949497 1.490000 1.340000 4.250000 -8.430000 1.890000 40.030000 2.022441
Car 0.000000 1.000000 1.940000 552.016146 173.890945 592.841566 197.609996 1.720000 1.530000 4.550000 -2.300000 1.800000 54.930000 1.898153
Van 0.000000 1.000000 1.690000 617.863639 172.877631 639.728720 193.116725 1.910000 1.540000 4.850000 2.390000 1.910000 70.610000 1.723835
Car 0.000000 0.000000 -1.060000 561.353844 176.815485 615.695340 203.951271 1.490000 1.560000 3.650000 -0.710000 1.730000 42.170000 -1.076835
Car 0.000000 1.000000 -1.270000 723.820233 174.229075 749.226105 190.045506 1.440000 1.460000 3.160000 12.410000 1.570000 67.730000 -1.088783
DontCare -1.000000 -1.000000 -10.000000 860.600000 160.440000 1240.000000 177.150000 -1.000000 -1.000000 -1.000000 -1000.000000 -1000.000000 -1000.000000 -9.214602
DontCare -1.000000 -1.000000 -10.000000 14.770000 175.020000 30.440000 212.560000 -1.000000 -1.000000 -1.000000 -1000.000000 -1000.000000 -1000.000000 -9.214602
DontCare -1.000000 -1.000000 -10.000000 655.400000 170.850000 674.190000 191.720000 -1.000000 -1.000000 -1.000000 -1000.000000 -1000.000000 -1000.000000 -9.214602
DontCare -1.000000 -1.000000 -10.000000 752.270000 170.850000 815.850000 188.600000 -1.000000 -1.000000 -1.000000 -1000.000000 -1000.000000 -1000.000000 -9.214602
