Car 0.000000 0.000000 1.880000 148.553760 186.450955 421.342329 363.580701 1.570000 1.600000 3.990000 -3.070000 1.770000 8.720000 1.541487
Car 0.000000 1.000000 1.740000 399.397729 186.708193 500.346950 265.057303 1.520000 1.540000 3.680000 -3.050000 1.870000 16.500000 1.557215
Van 0.000000 1.000000 1.690000 464.471967 158.608924 539.331557 232.279291 2.470000 1.980000 5.810000 -3.420000 1.990000 27.100000 1.564464
Car 0.000000 2.000000 2.020000 62.842765 201.579007 284.394190 337.101772 1.550000 1.440000 3.130000 -5.640000 2.030000 10.520000 1.527874
Car 0.000000 1.000000 -0.280000 668.092062 173.459002 904.089107 263.019921 1.620000 1.650000 4.140000 3.750000 1.630000 13.920000 -0.016851
Car 0.000000 2.000000 -0.190000 654.179690 179.915427 827.538943 239.455964 1.550000 1.660000 4.470000 3.980000 1.750000 19.830000 0.008074
Car 0.000000 1.000000 -0.040000 619.256828 175.917639 730.040853 221.650253 1.690000 1.760000 4.120000 2.950000 1.810000 27.810000 0.065682
Van 0.000000 1.000000 1.670000 517.553242 172.327152 563.847283 212.978673 2.130000 1.910000 6.400000 -3.340000 2.100000 41.020000 1.588756
Misc 0.160000 1.000000 -0.610000 952.660217 199.536856 1222.897900 348.463820 1.240000 0.420000 2.070000 4.620000 1.480000 6.320000 0.021238
Misc 0.000000 1.000000 -0.460000 881.423605 195.942645 1031.378762 305.833644 1.240000 0.520000 1.520000 4.550000 1.520000 8.540000 0.029532
Misc 0.000000 2.000000 -0.420000 840.255719 185.490325 995.461740 290.961355 1.360000 0.440000 1.870000 4.550000 1.530000 9.600000 0.022598
Car 0.000000 2.000000 -1.660000 616.318506 177.983146 644.970006 204.433765 1.570000 1.540000 3.220000 1.760000 1.900000 45.110000 -1.621004
Van 1.000000 0.000000 2.480000 0.000000 83.890000 263.250000 374.000000 1.950000 1.750000 4.630000 -2.990000 1.650000 2.010000 1.501055
