Car 0.000000 0.000000 -1.580000 577.268759 176.887226 628.326237 218.546938 1.360000 1.690000 3.380000 0.250000 1.510000 25.570000 -1.570223
Car 0.430000 3.000000 1.410000 -159.526790 189.975246 110.046755 390.943052 1.400000 1.520000 3.760000 -5.930000 1.610000 7.140000 0.716917
Car 0.000000 1.000000 1.150000 42.178941 179.768195 282.676467 318.121774 1.570000 1.640000 3.490000 -5.810000 1.680000 10.040000 0.625401
Car 0.000000 1.000000 1.040000 267.910117 181.710187 408.022709 245.758516 1.380000 1.550000 3.890000 -6.330000 1.620000 17.900000 0.700094
Car 0.000000 0.000000 -1.420000 447.952687 186.518419 539.074619 249.795522 1.300000 1.550000 3.510000 -2.210000 1.660000 17.360000 -1.546623
Car 0.000000 2.000000 -1.440000 489.617980 179.440539 560.255354 230.892429 1.430000 1.620000 3.760000 -2.070000 1.650000 22.450000 -1.531945
Car 0.000000 1.000000 0.860000 391.620601 176.023812 495.968590 219.614732 1.570000 1.670000 4.200000 -6.050000 1.700000 28.200000 0.648665
Car 0.000000 0.000000 -1.880000 722.996214 191.856830 945.310648 350.205297 1.380000 1.550000 3.600000 2.850000 1.650000 8.530000 -1.557546
Truck 0.000000 3.000000 -1.750000 666.622776 86.095658 818.457976 250.673494 3.410000 2.570000 7.870000 3.540000 1.610000 18.890000 -1.564748
Pedestrian 0.000000 2.000000 -2.690000 817.835200 163.827220 872.186777 265.776181 1.780000 0.780000 0.650000 4.750000 1.620000 13.100000 -2.342149
Car 0.000000 1.000000 -1.640000 643.021712 176.289414 684.437503 211.151888 1.450000 1.640000 3.700000 2.840000 1.610000 32.240000 -1.552137
Truck 0.000000 3.000000 -1.600000 620.997916 144.695203 660.077543 197.255286 3.430000 2.550000 8.020000 2.580000 1.590000 51.120000 -1.549573
Car 0.000000 2.000000 -1.550000 575.655042 175.134934 610.751874 206.627903 1.520000 1.670000 3.610000 -0.320000 1.640000 36.900000 -1.558672
Car 0.000000 2.000000 2.140000 91.452344 181.211343 207.620064 228.934214 1.440000 1.520000 3.660000 -14.850000 1.740000 24.260000 1.590717
