Car 0.000000 0.000000 1.690000 410.813330 179.818147 459.094963 220.408235 1.780000 1.720000 4.000000 -7.790000 2.130000 34.430000 1.467490
Van 0.000000 0.000000 1.890000 349.277679 171.287236 406.256473 213.075362 2.870000 1.950000 6.580000 -16.380000 2.760000 52.860000 1.589508
Car 0.000000 0.000000 1.870000 148.185716 195.836176 279.706362 269.849711 1.470000 1.690000 3.740000 -8.970000 2.090000 17.550000 1.397503
Car 0.000000 1.000000 2.060000 45.723473 204.097004 190.485131 270.543813 1.480000 1.540000 4.070000 -13.030000 2.440000 20.130000 1.485530
Pedestrian 0.000000 1.000000 -0.780000 405.024041 186.752257 418.218974 212.422814 1.750000 0.670000 0.580000 -13.260000 2.720000 50.060000 -1.038936
Car 0.000000 1.000000 0.180000 169.897712 192.849981 248.519383 216.167416 1.430000 1.550000 4.370000 -26.140000 2.800000 48.100000 -0.317801
Car 0.000000 0.000000 1.860000 876.786530 169.797106 918.375594 192.692288 1.480000 1.610000 3.610000 19.880000 1.280000 48.550000 2.248648
DontCare -1.000000 -1.000000 -10.000000 934.560000 159.400000 993.980000 187.570000 -1.000000 -1.000000 -1.000000 -1000.000000 -1000.000000 -1000.000000 -9.214602
DontCare -1.000000 -1.000000 -10.000000 1023.100000 160.440000 1038.770000 181.310000 -1.000000 -1.000000 -1.000000 -1000.000000 -1000.000000 -1000.000000 -9.214602
DontCare -1.000000 -1.000000 -10.000000 1050.200000 161.480000 1105.450000 180.270000 -1.000000 -1.000000 -1.000000 -1000.000000 -1000.000000 -1000.000000 -9.214602
DontCare -1.000000 -1.000000 -10.000000 1127.300000 153.150000 1214.840000 178.190000 -1.000000 -1.000000 -1.000000 -1000.000000 -1000.000000 -1000.000000 -9.214602
DontCare -1.000000 -1.000000 -10.000000 273.100000 189.600000 334.600000 212.560000 -1.000000 -1.000000 -1.000000 -1000.000000 -1000.000000 -1000.000000 -9.214602
DontCare -1.000000 -1.000000 -10.000000 466.850000 182.310000 503.350000 209.440000 -1.000000 -1.000000 -1.000000 -1000.000000 -1000.000000 -1000.000000 -9.214602
