Van 0.000000 0.000000 -1.600000 421.884351 173.603679 459.048947 213.718856 2.000000 1.820000 4.430000 -8.570000 2.040000 38.430000 -1.819413
Cyclist 0.000000 0.000000 -1.750000 518.493440 175.457966 575.829553 275.599351 1.740000 0.820000 1.790000 -0.730000 1.790000 13.550000 -1.803823
Car 0.000000 0.000000 -1.410000 675.971891 182.354728 834.090912 301.754860 1.510000 1.690000 4.040000 2.990000 1.690000 11.660000 -1.158977
Car 0.000000 1.000000 -1.890000 582.729002 185.565641 705.893363 267.350469 1.460000 1.580000 3.930000 1.080000 1.770000 15.630000 -1.821012
Car 0.000000 1.000000 1.790000 184.214560 190.024611 310.048459 268.587602 1.500000 1.680000 4.030000 -7.810000 1.950000 16.860000 1.356201
Van 0.000000 2.000000 1.710000 251.296252 185.908160 336.076599 253.260795 1.770000 1.710000 4.310000 -9.090000 2.210000 22.150000 1.320574
Car 0.000000 1.000000 -1.790000 526.775383 180.647671 603.702101 238.684193 1.600000 1.700000 3.560000 -0.980000 1.860000 22.350000 -1.833820
Car 0.000000 2.000000 -1.800000 503.135523 182.749782 570.240102 228.104352 1.520000 1.730000 3.890000 -2.350000 1.920000 27.220000 -1.886120
Car 0.000000 2.000000 1.610000 290.040524 189.829693 342.411995 234.353476 1.440000 1.600000 3.790000 -10.410000 2.120000 26.950000 1.241385
Car 0.000000 2.000000 -1.720000 488.984988 185.583063 533.446839 219.700535 1.370000 1.510000 3.490000 -3.970000 1.970000 32.260000 -1.842447
DontCare -1.000000 -1.000000 -10.000000 473.100000 181.270000 513.770000 213.600000 -1.000000 -1.000000 -1.000000 -1000.000000 -1000.000000 -1000.000000 -9.214602
DontCare -1.000000 -1.000000 -10.000000 304.350000 163.560000 400.230000 202.140000 -1.000000 -1.000000 -1.000000 -1000.000000 -1000.000000 -1000.000000 -9.214602
