Car 0.000000 0.000000 -1.590000 581.516438 174.763920 624.924007 216.075698 1.560000 1.650000 3.690000 0.210000 1.640000 29.270000 -1.582826
Car 0.140000 0.000000 -1.360000 832.799004 181.323570 1173.865706 408.398469 1.400000 1.650000 4.180000 4.320000 1.500000 6.660000 -0.784575
Car 0.000000 1.000000 -1.190000 742.971756 168.621058 981.581363 310.000602 1.590000 1.650000 3.940000 4.150000 1.540000 10.100000 -0.800140
Car 0.000000 2.000000 -1.060000 711.462368 173.879928 907.477415 265.387719 1.480000 1.730000 4.060000 4.380000 1.500000 13.730000 -0.751196
Car 0.000000 2.000000 -0.940000 690.464242 168.289597 848.451626 244.514937 1.630000 1.610000 3.960000 4.380000 1.530000 17.310000 -0.692169
Car 0.000000 2.000000 -0.930000 691.511862 175.467351 808.758243 231.588427 1.490000 1.630000 3.360000 4.610000 1.570000 21.030000 -0.714203
Car 0.000000 2.000000 -0.880000 674.220559 174.552714 789.812739 219.731922 1.410000 1.600000 4.090000 4.700000 1.470000 24.580000 -0.691068
Car 0.000000 1.000000 1.660000 526.898753 177.544886 546.228080 191.272940 1.370000 1.640000 3.920000 -7.120000 1.870000 75.310000 1.565738
Car 0.000000 0.000000 1.730000 469.724567 181.082677 506.270817 207.013866 1.380000 1.470000 3.620000 -6.450000 1.870000 41.360000 1.575298
Car 0.000000 1.000000 -0.820000 654.054081 172.689464 736.054278 204.925820 1.490000 1.590000 4.090000 4.690000 1.480000 35.260000 -0.687764
Car 0.000000 2.000000 -0.880000 639.776659 173.876576 706.338077 199.220757 1.400000 1.630000 4.050000 4.210000 1.460000 42.020000 -0.780143
Van 0.000000 2.000000 -0.920000 632.354497 168.896982 687.074206 193.893852 1.880000 1.820000 4.640000 4.450000 1.580000 56.600000 -0.841539
Car 0.000000 1.000000 1.770000 461.916992 175.782574 492.116265 196.047049 1.670000 1.680000 4.490000 -10.940000 1.930000 62.380000 1.596389
Car 0.000000 1.000000 1.770000 440.623314 176.490494 460.199682 192.031991 1.470000 1.290000 2.950000 -15.040000 1.830000 70.420000 1.559586
DontCare -1.000000 -1.000000 -10.000000 560.600000 172.940000 572.100000 184.440000 -1.000000 -1.000000 -1.000000 -1000.000000 -1000.000000 -1000.000000 -9.214602
