Car 0.000000 0.000000 -1.560000 573.911652 178.627308 640.638663 243.078679 1.560000 1.650000 3.690000 0.480000 1.730000 19.670000 -1.535602
Car 0.000000 0.000000 -1.270000 841.945859 174.536967 1109.791059 353.399485 1.520000 1.490000 3.460000 4.590000 1.540000 7.880000 -0.742557
Car 0.000000 0.000000 -1.040000 711.505752 177.824325 882.213721 258.553988 1.390000 1.610000 3.650000 4.310000 1.500000 14.480000 -0.750699
Car 0.840000 0.000000 2.350000 -559.194633 185.880995 94.841974 428.075454 1.610000 1.700000 3.970000 -6.800000 1.770000 7.000000 1.579094
Car 0.270000 3.000000 2.200000 -93.593913 177.495501 150.696315 288.152130 1.810000 1.590000 3.930000 -10.420000 1.910000 13.940000 1.558108
Car 0.000000 1.000000 1.860000 354.168166 183.792978 458.034623 237.152410 1.450000 1.840000 4.590000 -5.820000 1.830000 22.890000 1.611016
Car 0.000000 0.000000 1.830000 544.137480 173.904486 582.046389 201.721617 1.760000 1.580000 3.680000 -2.560000 1.830000 47.760000 1.776450
Car 0.000000 0.000000 2.080000 243.237164 182.458757 356.976401 235.256015 1.560000 1.620000 4.190000 -9.790000 1.910000 24.290000 1.696870
Car 0.000000 2.000000 1.970000 414.780362 182.226582 481.622397 213.059410 1.420000 1.670000 4.530000 -7.720000 1.930000 37.060000 1.764626
Car 0.000000 1.000000 -1.350000 671.284397 174.200760 695.570688 191.352601 1.470000 1.460000 3.160000 7.030000 1.590000 63.840000 -1.240323
Car 0.000000 1.000000 2.210000 87.180706 185.001799 231.554145 237.461322 1.450000 1.500000 4.530000 -13.880000 1.880000 23.350000 1.673684
DontCare -1.000000 -1.000000 -10.000000 711.650000 173.980000 735.650000 187.560000 -1.000000 -1.000000 -1.000000 -1000.000000 -1000.000000 -1000.000000 -9.214602
