Car 1.000000 0.000000 3.110000 1232.810000 169.090000 1241.000000 374.000000 1.520000 1.580000 4.280000 2.550000 1.480000 -0.180000 1.609675
Car 0.000000 0.000000 1.970000 290.538033 180.541666 532.097536 321.841212 1.540000 1.640000 4.080000 -2.040000 1.670000 10.260000 1.773729
Car 0.640000 0.000000 -1.930000 789.853155 194.280263 1260.466922 566.161050 1.460000 1.570000 3.580000 2.700000 1.660000 4.930000 -1.428949
Car 0.000000 1.000000 -1.830000 762.012396 178.837762 960.611739 332.380584 1.580000 1.670000 3.430000 3.490000 1.670000 9.350000 -1.472754
Car 0.610000 1.000000 -2.530000 1122.652379 141.944167 1352.869670 229.766358 1.840000 1.940000 3.680000 15.140000 1.190000 17.130000 -1.806191
Van 0.000000 1.000000 -2.360000 1013.213411 137.708843 1210.059153 233.609910 2.040000 1.720000 3.790000 12.320000 1.290000 17.360000 -1.742809
Van 0.000000 1.000000 -2.180000 898.175336 150.653024 1068.023898 235.340040 1.860000 1.750000 4.110000 9.560000 1.370000 17.990000 -1.691544
Car 0.000000 2.000000 1.790000 458.200517 182.132997 550.253275 246.495170 1.510000 1.610000 3.570000 -2.240000 1.780000 19.320000 1.674573
Car 0.000000 2.000000 1.820000 504.198450 178.071242 583.261269 227.816416 1.500000 1.600000 4.170000 -1.650000 1.690000 24.410000 1.752507
Car 0.000000 2.000000 2.200000 843.533028 167.620247 930.349894 207.878859 1.520000 1.580000 3.280000 11.550000 1.320000 28.780000 2.581644
Car 0.000000 0.000000 -1.650000 711.147118 176.235784 757.680862 216.820524 1.580000 1.680000 3.930000 5.680000 1.730000 30.470000 -1.465702
Car 0.000000 1.000000 1.770000 569.193569 175.952798 616.695160 210.256628 1.580000 1.540000 3.980000 -0.290000 1.740000 35.710000 1.761879
Truck 0.000000 3.000000 -1.480000 671.029518 148.732089 717.667607 193.954127 3.520000 2.890000 10.810000 7.890000 1.640000 61.750000 -1.352915
DontCare -1.000000 -1.000000 -10.000000 25.190000 197.940000 138.770000 212.560000 -1.000000 -1.000000 -1.000000 -1000.000000 -1000.000000 -1000.000000 -9.214602
DontCare -1.000000 -1.000000 -10.000000 184.560000 189.600000 234.600000 209.430000 -1.000000 -1.000000 -1.000000 -1000.000000 -1000.000000 -1000.000000 -9.214602
DontCare -1.000000 -1.000000 -10.000000 284.560000 194.810000 324.190000 205.270000 -1.000000 -1.000000 -1.000000 -1000.000000 -1000.000000 -1000.000000 -9.214602
DontCare -1.000000 -1.000000 -10.000000 602.270000 170.850000 645.020000 195.890000 -1.000000 -1.000000 -1.000000 -1000.000000 -1000.000000 -1000.000000 -9.214602
DontCare -1.000000 -1.000000 -10.000000 773.620000 164.150000 838.910000 194.920000 -1.000000 -1.000000 -1.000000 -1000.000000 -1000.000000 -1000.000000 -9.214602
