Car 0.580000 0.000000 -3.060000 -413.835832 165.463775 352.065751 443.344139 1.790000 1.690000 4.720000 -4.490000 1.740000 6.550000 -3.660925
Car 0.420000 0.000000 -1.860000 1011.037105 176.750513 1301.255127 368.504731 1.570000 1.650000 3.350000 6.040000 1.620000 7.840000 -1.203565
Car 0.000000 0.000000 1.910000 545.608263 183.881833 685.561076 263.687630 1.430000 1.700000 3.950000 0.750000 1.700000 15.670000 1.957826
Pedestrian 0.000000 2.000000 1.370000 973.717430 158.113127 1002.822485 215.031617 1.960000 0.720000 1.090000 13.830000 1.450000 25.470000 1.867447
Car 0.000000 0.000000 -1.710000 935.488650 175.415993 1022.134840 240.828851 1.510000 1.600000 3.240000 9.880000 1.580000 18.590000 -1.221496
Car 0.000000 0.000000 1.780000 704.559725 173.411481 772.513387 218.237450 1.540000 1.680000 3.790000 5.350000 1.560000 26.910000 1.976252
Car 0.000000 2.000000 1.760000 741.768066 172.190140 792.071495 208.022433 1.490000 1.520000 3.350000 7.460000 1.460000 31.840000 1.990145
DontCare -1.000000 -1.000000 -10.000000 550.190000 169.810000 709.610000 192.770000 -1.000000 -1.000000 -1.000000 -1000.000000 -1000.000000 -1000.000000 -9.214602
DontCare -1.000000 -1.000000 -10.000000 794.980000 168.770000 858.560000 200.060000 -1.000000 -1.000000 -1.000000 -1000.000000 -1000.000000 -1000.000000 -9.214602
DontCare -1.000000 -1.000000 -10.000000 901.230000 166.690000 951.270000 188.610000 -1.000000 -1.000000 -1.000000 -1000.000000 -1000.000000 -1000.000000 -9.214602
DontCare -1.000000 -1.000000 -10.000000 939.770000 173.980000 972.100000 214.650000 -1.000000 -1.000000 -1.000000 -1000.000000 -1000.000000 -1000.000000 -9.214602
DontCare -1.000000 -1.000000 -10.000000 867.900000 170.850000 892.940000 182.350000 -1.000000 -1.000000 -1.000000 -1000.000000 -1000.000000 -1000.000000 -9.214602
