Car 0.860000 0.000000 2.110000 -700.557815 201.880268 317.846883 712.502003 1.430000 1.660000 4.190000 -2.900000 1.690000 4.390000 1.526215
Car 0.930000 3.000000 -2.050000 890.934049 160.353270 1976.214150 875.844369 1.580000 1.710000 3.750000 3.080000 1.550000 3.610000 -1.343659
Car 0.000000 0.000000 1.790000 350.225016 175.224261 471.194696 273.238463 1.700000 1.500000 3.340000 -3.320000 1.750000 14.270000 1.561411
Car 0.000000 2.000000 1.290000 409.875408 179.037704 512.595726 243.399513 1.480000 1.710000 3.930000 -3.560000 1.660000 19.140000 1.106104
Car 0.000000 1.000000 -0.600000 774.793474 158.946953 843.110732 181.477494 1.600000 1.750000 4.630000 15.060000 0.610000 52.800000 -0.322151
Car 0.000000 1.000000 -1.530000 851.412477 180.347943 1040.724714 360.300637 1.510000 1.580000 3.310000 4.350000 1.610000 8.030000 -1.033537
Car 0.000000 2.000000 -1.300000 889.046125 170.244952 1053.649820 281.947223 1.610000 1.600000 3.110000 6.590000 1.570000 12.070000 -0.800247
Car 0.000000 0.000000 3.140000 744.377562 160.173726 900.397577 218.732538 1.790000 1.690000 4.720000 7.360000 1.400000 23.560000 3.442788
Car 0.820000 1.000000 -1.140000 1186.217803 163.530444 1358.436622 237.607417 1.570000 1.650000 3.350000 15.780000 1.370000 16.680000 -0.382321
Car 0.000000 1.000000 2.170000 1032.844441 162.031841 1155.109405 204.130523 1.430000 1.700000 3.950000 17.930000 1.060000 26.010000 2.773543
