Van 0.910000 0.000000 2.120000 -1365.524053 -180.819201 372.363393 957.230670 2.470000 1.980000 5.810000 -2.890000 1.700000 4.490000 1.548100
Car 0.000000 1.000000 -0.250000 684.291810 159.083639 1070.625111 316.747035 1.690000 1.760000 4.120000 3.480000 1.540000 8.860000 0.124264
Van 0.000000 1.000000 1.770000 357.402553 148.883985 529.285934 280.606041 2.130000 1.910000 6.400000 -2.580000 1.740000 14.890000 1.598433
Pedestrian 0.000000 0.000000 0.960000 1071.081417 151.392579 1109.762395 238.834889 1.620000 0.480000 0.370000 9.500000 1.220000 13.550000 1.571469
Pedestrian 0.000000 1.000000 -2.070000 968.387869 150.682396 1011.163806 251.674587 1.720000 0.570000 0.320000 7.030000 1.340000 12.450000 -1.555972
Pedestrian 0.000000 2.000000 -1.770000 726.891781 165.429717 751.021617 217.611074 1.670000 0.700000 0.440000 4.650000 1.430000 23.310000 -1.573099
Car 0.000000 0.000000 -1.710000 649.121933 176.021977 702.273719 222.475520 1.570000 1.540000 3.220000 2.820000 1.690000 26.240000 -1.602941
Car 0.000000 2.000000 -1.690000 634.475441 174.866707 680.876755 218.128697 1.740000 1.600000 3.860000 2.490000 1.830000 31.160000 -1.610259
Pedestrian 0.000000 0.000000 0.560000 590.605551 167.402680 604.236800 191.071302 1.900000 0.420000 1.040000 -0.510000 1.460000 58.370000 0.551263
Pedestrian 0.000000 1.000000 0.750000 596.461502 168.688801 608.664470 191.759910 1.870000 0.500000 0.900000 -0.100000 1.530000 58.970000 0.748304
Car 0.000000 0.000000 1.640000 544.689789 169.299288 564.342253 189.481408 1.860000 1.570000 3.830000 -4.720000 1.530000 68.410000 1.571113
