Car 0.970000 0.000000 2.380000 -1736.058151 203.501210 184.765796 1000.684686 1.500000 1.600000 4.170000 -3.700000 1.740000 3.610000 1.582291
Car 0.110000 1.000000 1.890000 1041.846799 147.704806 1229.090312 259.847173 1.550000 1.470000 2.970000 8.820000 1.200000 11.410000 2.548063
Car 0.000000 1.000000 2.050000 959.274367 157.586712 1128.605681 242.831191 1.550000 1.430000 3.490000 9.300000 1.270000 14.610000 2.616862
Car 0.000000 2.000000 2.160000 901.242322 155.614856 1057.878440 229.574182 1.620000 1.530000 3.650000 9.380000 1.240000 17.330000 2.656107
Car 0.000000 2.000000 2.200000 859.155874 165.258051 1006.033637 222.533742 1.490000 1.650000 4.120000 9.670000 1.290000 20.480000 2.641135
Car 0.000000 2.000000 2.220000 833.545930 160.068191 948.568036 208.888501 1.480000 1.570000 3.640000 9.650000 1.090000 23.470000 2.610093
Car 0.000000 0.000000 -1.800000 721.879499 173.601780 907.487708 317.826061 1.580000 1.680000 3.930000 3.040000 1.590000 9.940000 -1.503199
Car 0.000000 2.000000 -1.690000 698.972656 179.850766 792.516097 252.701986 1.360000 1.650000 3.800000 3.330000 1.530000 15.810000 -1.482408
Car 0.000000 0.000000 1.890000 340.541031 177.716616 486.259075 270.017384 1.580000 1.540000 3.980000 -3.310000 1.690000 14.620000 1.667351
Van 0.000000 2.000000 1.810000 425.187010 160.063736 530.351023 239.800264 1.980000 1.790000 4.390000 -3.060000 1.660000 20.180000 1.659511
Car 0.000000 2.000000 2.910000 754.380379 159.350956 856.439025 203.115143 1.710000 1.670000 3.700000 8.310000 1.180000 29.110000 3.188073
Car 0.000000 2.000000 1.690000 485.193756 178.819565 548.463936 230.155308 1.640000 1.630000 4.510000 -2.750000 1.870000 25.840000 1.583975
Car 0.000000 2.000000 1.720000 508.217435 176.357302 562.922217 216.675208 1.600000 1.660000 4.330000 -2.650000 1.760000 31.230000 1.635348
Car 0.000000 2.000000 -0.050000 608.330053 172.885703 674.661188 196.273767 1.710000 1.740000 4.850000 2.810000 1.710000 53.630000 0.002348
Truck 0.000000 3.000000 -1.490000 613.705102 133.483875 679.818260 201.496487 3.520000 2.890000 10.810000 2.920000 1.480000 42.900000 -1.422040
