Car 0.000000 0.000000 -1.570000 566.612772 179.916205 623.636390 226.931445 1.360000 1.690000 3.380000 0.050000 1.600000 23.070000 -1.567833
Car 0.810000 3.000000 -1.790000 -422.488019 181.642337 115.500296 571.992019 1.400000 1.600000 3.550000 -4.190000 1.470000 4.300000 -2.562442
Car 0.000000 1.000000 -2.020000 211.814221 179.165699 387.529972 280.632353 1.460000 1.490000 3.400000 -4.880000 1.580000 12.290000 -2.397979
Car 0.000000 2.000000 -2.130000 291.430875 178.029901 448.424548 255.438622 1.430000 1.620000 3.470000 -4.670000 1.550000 15.310000 -2.426065
Car 0.000000 2.000000 -2.240000 389.158182 178.150144 506.102753 225.898931 1.370000 1.550000 3.960000 -4.740000 1.550000 22.980000 -2.443414
Car 0.000000 2.000000 -2.290000 447.802958 175.552972 528.044482 207.699157 1.400000 1.570000 3.830000 -5.220000 1.530000 33.560000 -2.444306
Van 0.000000 3.000000 -2.260000 466.468673 158.457893 554.092943 205.410608 2.210000 1.820000 4.690000 -4.570000 1.530000 36.230000 -2.385476
Car 0.730000 3.000000 -2.170000 872.693585 202.431369 1474.940658 516.686877 1.360000 1.590000 3.850000 3.910000 1.660000 5.430000 -1.545928
Car 0.000000 1.000000 -1.930000 762.082569 168.109879 977.589155 309.762224 1.720000 1.790000 3.940000 4.050000 1.660000 10.730000 -1.569086
Pedestrian 0.000000 2.000000 -1.720000 690.530977 175.309362 717.390385 225.641903 1.610000 0.740000 1.080000 3.560000 1.690000 23.670000 -1.570718
Car 0.000000 2.000000 -0.520000 817.712739 173.531411 968.221242 230.465321 1.700000 1.770000 4.060000 9.330000 1.720000 22.710000 -0.130191
Car 0.000000 2.000000 -1.550000 580.181070 175.726247 615.709715 207.687032 1.520000 1.670000 3.610000 -0.070000 1.670000 36.460000 -1.551920
Car 0.150000 3.000000 2.130000 -70.446523 179.243112 172.583152 283.832274 1.450000 1.470000 3.520000 -8.530000 1.570000 12.020000 1.512826
Car 0.000000 2.000000 2.030000 139.686346 180.179101 286.518684 251.600381 1.400000 1.440000 3.450000 -8.270000 1.580000 16.230000 1.558741
Van 0.000000 3.000000 -0.610000 956.475758 147.470761 1189.743164 231.567260 2.510000 2.460000 5.850000 14.970000 1.750000 22.850000 -0.030018
Car 0.000000 2.000000 1.970000 242.676504 168.699068 321.562427 205.661941 1.580000 1.730000 4.220000 -14.370000 1.400000 32.960000 1.558864
Truck 0.000000 3.000000 1.810000 403.849449 156.765379 455.366137 194.291914 2.980000 2.460000 7.500000 -14.620000 1.700000 61.050000 1.574951
