Cyclist 0.000000 1.000000 -1.260000 746.165887 172.776252 798.067654 256.299727 1.810000 0.650000 1.630000 4.340000 1.640000 16.180000 -0.997936
Cyclist 0.000000 3.000000 1.920000 326.630278 177.817432 438.857155 343.930523 1.700000 0.600000 1.700000 -2.000000 1.670000 8.110000 1.678215
Pedestrian 0.000000 0.000000 0.010000 562.630699 183.703144 581.056579 222.177060 1.790000 0.750000 0.850000 -1.040000 1.940000 33.340000 -0.021184
Cyclist 0.000000 1.000000 -0.910000 514.934066 180.345105 548.699301 219.640224 1.830000 0.690000 1.710000 -2.970000 1.820000 33.830000 -0.997567
Pedestrian 0.000000 1.000000 2.980000 104.493134 178.527839 141.732040 242.169168 1.850000 0.740000 0.820000 -13.880000 1.790000 21.100000 2.398147
Pedestrian 0.000000 1.000000 3.000000 91.883665 185.333408 128.530489 239.202761 1.610000 0.730000 0.840000 -14.740000 1.760000 21.780000 2.405037
Pedestrian 0.000000 1.000000 0.150000 474.955715 175.669086 495.904310 221.330121 1.770000 0.730000 0.700000 -4.180000 1.580000 27.770000 0.000599
Pedestrian 0.000000 1.000000 -3.030000 506.981055 181.567069 531.495278 226.775533 1.760000 0.770000 0.870000 -2.870000 1.800000 27.930000 -3.132397
DontCare -1.000000 -1.000000 -10.000000 720.960000 185.010000 742.570000 207.650000 -1.000000 -1.000000 -1.000000 -1000.000000 -1000.000000 -1000.000000 -9.214602
DontCare -1.000000 -1.000000 -10.000000 661.350000 182.960000 673.710000 196.350000 -1.000000 -1.000000 -1.000000 -1000.000000 -1000.000000 -1000.000000 -9.214602
