Cyclist 0.000000 1.000000 -0.720000 904.984300 140.432231 993.117608 236.929683 1.800000 0.340000 1.690000 7.090000 1.050000 13.550000 -0.237928
Pedestrian 0.000000 1.000000 -1.520000 937.767952 146.101609 964.818485 209.454712 1.800000 0.670000 0.500000 10.530000 0.820000 20.470000 -1.044890
Pedestrian 0.060000 0.000000 2.170000 294.507540 144.230456 425.310075 383.438884 1.830000 0.550000 0.980000 -1.550000 1.550000 5.960000 1.915569
Pedestrian 0.000000 0.000000 2.240000 173.792325 136.178868 315.101447 361.621328 1.920000 0.550000 1.160000 -2.860000 1.540000 6.650000 1.833838
Pedestrian 0.010000 1.000000 2.400000 242.433562 123.981901 386.114443 372.805256 1.970000 0.610000 1.000000 -2.030000 1.520000 6.180000 2.082625
Pedestrian 0.000000 0.000000 2.870000 746.928159 152.577812 803.558398 236.240240 1.730000 0.640000 1.040000 4.080000 1.150000 14.940000 3.136592
Cyclist 0.000000 1.000000 2.870000 984.253003 146.439966 1075.316735 223.340739 1.710000 0.490000 1.720000 10.200000 0.950000 16.200000 3.431922
Pedestrian 0.000000 1.000000 2.580000 1020.408980 139.970622 1075.690022 242.525046 1.790000 0.650000 0.590000 8.420000 1.080000 12.670000 3.166544
Pedestrian 0.000000 1.000000 2.340000 1046.089354 128.142264 1116.502071 249.201668 1.890000 0.610000 0.720000 8.160000 1.070000 11.400000 2.961245
Pedestrian 0.000000 2.000000 2.550000 1041.622336 148.485365 1092.080837 245.587842 1.630000 0.400000 0.600000 8.370000 1.090000 12.070000 3.156320
Van 0.000000 0.000000 -1.570000 590.723482 158.256563 609.150452 179.200652 2.060000 1.820000 4.620000 0.070000 -0.140000 72.140000 -1.569030
