Car 1.000000 0.000000 -2.320000 1215.080000 140.260000 1241.000000 374.000000 1.750000 1.840000 4.430000 3.850000 1.540000 1.950000 -1.218033
Car 0.980000 3.000000 -1.530000 1152.809539 151.707889 1546.753876 434.003594 1.570000 1.800000 4.480000 6.840000 1.450000 6.130000 -0.689915
Van 0.000000 0.000000 -1.580000 432.168095 162.108710 505.155376 241.612724 1.980000 1.800000 4.540000 -3.460000 1.710000 20.360000 -1.748333
Van 0.000000 0.000000 -0.650000 824.204059 110.786841 1147.527559 238.020197 2.660000 2.130000 6.640000 9.030000 1.360000 16.640000 -0.152803
Car 0.000000 0.000000 -1.240000 136.224828 185.128552 273.662318 251.314924 1.480000 1.710000 4.650000 -10.210000 1.850000 19.460000 -1.723185
Car 0.000000 1.000000 -1.060000 -14.915888 170.805833 162.891333 258.575163 2.040000 1.660000 4.620000 -13.450000 1.990000 19.150000 -1.672301
Car 0.000000 0.000000 -1.470000 351.191600 174.683914 411.315605 217.058379 1.420000 1.640000 3.950000 -7.810000 1.490000 26.450000 -1.757115
Car 0.000000 0.000000 -1.870000 647.594695 171.133231 742.420722 225.714868 1.510000 1.720000 4.500000 2.980000 1.460000 22.320000 -1.737272
Car 0.000000 0.000000 -1.600000 511.742112 165.897909 547.861120 199.917423 1.700000 1.800000 4.500000 -3.810000 1.350000 38.400000 -1.698895
Van 0.000000 0.000000 1.480000 558.681618 149.215197 595.676661 192.050261 2.750000 2.040000 6.050000 -1.820000 1.230000 49.450000 1.443212
Car 0.000000 1.000000 -1.920000 711.468077 167.032887 810.226737 223.991953 1.640000 1.730000 4.430000 5.170000 1.470000 23.080000 -1.699634
Car 0.000000 2.000000 -2.030000 784.211983 172.921453 900.356590 220.517778 1.380000 1.800000 4.490000 7.810000 1.380000 23.270000 -1.706188
Van 0.630000 1.000000 0.720000 1137.678330 121.164212 1356.859626 205.665852 2.530000 2.260000 5.420000 21.680000 0.980000 24.430000 1.445829
Truck 0.000000 1.000000 1.530000 507.711077 135.709742 547.168747 196.885556 3.570000 2.250000 7.970000 -4.890000 1.400000 46.210000 1.424571
Misc 0.680000 1.000000 2.200000 -196.680005 209.678372 90.837970 266.826430 0.930000 2.390000 5.820000 -16.010000 2.030000 18.600000 1.489296
