Car 0.640000 0.000000 2.100000 -323.886173 195.579844 261.731976 479.617518 1.580000 1.760000 4.180000 -4.430000 1.850000 6.500000 1.501772
Car 0.320000 0.000000 -0.600000 1001.663345 117.244693 1311.422627 220.064045 1.900000 1.780000 4.720000 11.140000 0.870000 14.360000 0.059788
Car 0.680000 3.000000 -2.280000 1175.293936 127.020110 1322.120747 187.345277 1.800000 1.650000 3.550000 20.950000 0.430000 23.320000 -1.548086
Car 0.000000 1.000000 1.820000 372.378443 186.341005 479.102041 251.160274 1.420000 1.670000 3.800000 -4.110000 1.800000 18.530000 1.601731
Car 0.000000 1.000000 1.900000 223.150585 186.476548 422.978382 299.398904 1.550000 1.710000 4.500000 -4.260000 1.830000 12.700000 1.576361
Car 0.000000 1.000000 1.390000 710.491475 170.951242 784.370774 220.497914 1.500000 1.710000 4.440000 4.960000 1.440000 24.080000 1.593139
Car 0.000000 1.000000 1.770000 444.465228 181.615193 514.976824 231.549405 1.540000 1.630000 3.590000 -3.890000 1.860000 24.720000 1.613917
Car 0.000000 1.000000 1.700000 493.146265 183.010262 539.410874 219.375925 1.420000 1.460000 3.630000 -3.480000 1.880000 31.020000 1.588281
Car 0.000000 0.000000 -1.470000 629.230477 177.128912 672.555823 211.618427 1.580000 1.710000 3.750000 2.560000 1.800000 35.540000 -1.398093
Car 0.000000 1.000000 -0.140000 703.633827 172.122199 819.425994 211.621632 1.490000 1.570000 4.260000 6.330000 1.460000 28.170000 0.081036
Car 0.000000 2.000000 -0.980000 671.940671 174.801877 723.236927 202.652799 1.610000 1.600000 3.110000 5.820000 1.730000 43.640000 -0.847418
Car 0.000000 1.000000 -0.390000 608.276604 169.990251 653.207339 183.269510 1.380000 1.600000 4.490000 2.720000 1.080000 76.510000 -0.354464
Car 0.000000 1.000000 -0.230000 499.917366 173.249892 538.246154 185.741384 1.290000 1.470000 3.770000 -9.050000 1.330000 75.930000 -0.348629
DontCare -1.000000 -1.000000 -10.000000 540.810000 177.100000 574.180000 202.140000 -1.000000 -1.000000 -1.000000 -1000.000000 -1000.000000 -1000.000000 -9.214602
