Car 0.970000 0.000000 2.310000 -1824.508978 211.057311 177.931776 1122.702179 1.440000 1.510000 3.770000 -3.260000 1.710000 3.220000 1.518429
Car 0.110000 1.000000 1.980000 5.606478 220.054082 367.049441 394.178311 1.140000 1.680000 3.850000 -3.570000 1.770000 7.720000 1.546853
Car 0.000000 0.000000 -1.890000 712.608187 184.245629 990.639532 368.274944 1.430000 1.680000 4.390000 2.760000 1.590000 8.080000 -1.560842
Car 0.000000 2.000000 -0.460000 828.382410 166.670843 1052.463363 233.173303 1.480000 1.750000 4.470000 8.120000 1.340000 16.960000 -0.013477
Car 0.000000 0.000000 1.780000 413.950173 180.484310 497.203160 237.489647 1.460000 1.500000 3.880000 -3.890000 1.700000 20.960000 1.596496
Car 0.000000 0.000000 -1.730000 657.243279 179.082564 726.828594 235.414545 1.460000 1.550000 3.190000 2.760000 1.650000 20.670000 -1.597258
Van 0.000000 2.000000 1.700000 446.666808 163.006983 514.779270 224.625036 2.050000 1.790000 4.470000 -4.110000 1.720000 26.260000 1.544748
Car 0.000000 2.000000 -1.680000 641.658919 178.381535 701.366871 224.111196 1.440000 1.690000 4.450000 2.570000 1.650000 25.490000 -1.579516
Van 0.000000 2.000000 -2.790000 274.517605 153.599613 432.165939 210.217082 2.610000 2.210000 6.750000 -11.650000 1.720000 34.450000 -3.116098
Van 0.000000 0.000000 -1.540000 590.715447 165.860681 615.889618 192.105259 1.980000 1.800000 4.540000 0.020000 1.450000 56.730000 -1.539647
Van 0.000000 2.000000 -0.240000 722.117779 150.444774 822.448358 188.714130 2.660000 2.130000 6.640000 11.960000 1.100000 51.250000 -0.010737
DontCare -1.000000 -1.000000 -10.000000 559.560000 169.810000 577.310000 186.520000 -1.000000 -1.000000 -1.000000 -1000.000000 -1000.000000 -1000.000000 -9.214602
DontCare -1.000000 -1.000000 -10.000000 644.980000 153.150000 666.900000 184.440000 -1.000000 -1.000000 -1.000000 -1000.000000 -1000.000000 -1000.000000 -9.214602
