Cyclist 0.000000 3.000000 -1.510000 942.519022 181.565031 986.868556 277.997387 1.810000 0.650000 1.630000 7.710000 1.830000 14.150000 -1.011099
Cyclist 0.000000 3.000000 2.040000 500.670987 173.072888 635.332979 360.234279 1.700000 0.600000 1.700000 0.160000 1.630000 7.310000 2.061884
Cyclist 0.000000 3.000000 1.780000 796.106647 183.506548 834.964658 251.842445 1.700000 0.600000 1.700000 6.040000 1.780000 18.550000 2.094780
Pedestrian 0.000000 1.000000 1.410000 419.240685 171.354526 436.957435 216.479358 1.960000 0.690000 0.500000 -7.260000 1.560000 31.070000 1.180453
Pedestrian 0.000000 1.000000 -1.970000 432.753854 176.064724 452.774251 215.148870 1.650000 0.580000 0.800000 -6.450000 1.460000 30.340000 -2.179472
Cyclist 0.000000 2.000000 -0.780000 735.164614 183.790878 771.266334 222.575561 1.830000 0.690000 1.710000 7.700000 1.990000 34.230000 -0.558734
Pedestrian 0.000000 1.000000 -0.130000 780.860225 178.137770 798.404558 217.133242 1.770000 0.730000 0.700000 9.000000 1.660000 32.500000 0.140153
Pedestrian 0.000000 1.000000 3.020000 804.743351 187.331826 826.668036 227.091165 1.760000 0.770000 0.870000 10.020000 2.070000 31.910000 3.324258
DontCare -1.000000 -1.000000 -10.000000 854.570000 188.100000 876.180000 217.930000 -1.000000 -1.000000 -1.000000 -1000.000000 -1000.000000 -1000.000000 -9.214602
DontCare -1.000000 -1.000000 -10.000000 1040.600000 195.290000 1095.100000 225.120000 -1.000000 -1.000000 -1.000000 -1000.000000 -1000.000000 -1000.000000 -9.214602
