Car 0.910000 0.000000 2.210000 -403.641037 204.076609 23.138029 346.687507 1.310000 1.600000 4.090000 -9.650000 1.820000 9.700000 1.427186
Car 0.000000 1.000000 2.310000 21.311948 190.108005 215.248885 265.229442 1.430000 1.580000 3.660000 -10.580000 1.870000 16.560000 1.741475
Car 0.000000 0.000000 -1.550000 636.605603 177.748869 672.571003 209.148262 1.370000 1.560000 3.540000 2.630000 1.610000 33.890000 -1.472551
Car 0.000000 0.000000 -1.460000 596.575140 172.346921 634.854950 201.921117 1.610000 1.690000 4.260000 0.880000 1.580000 41.500000 -1.438798
Car 0.000000 2.000000 -1.550000 656.185869 172.723793 685.078658 198.919121 1.530000 1.630000 4.500000 4.280000 1.520000 44.470000 -1.454051
Car 0.000000 2.000000 -0.640000 913.196584 156.735623 1007.016289 188.644448 1.480000 1.600000 3.840000 17.250000 0.730000 34.590000 -0.177394
Car 0.000000 2.000000 -0.580000 880.884571 158.334700 962.818654 188.845494 1.550000 1.610000 3.640000 16.780000 0.810000 37.740000 -0.161628
DontCare -1.000000 -1.000000 -10.000000 1003.300000 138.560000 1239.990000 196.940000 -1.000000 -1.000000 -1.000000 -1000.000000 -1000.000000 -1000.000000 -9.214602
DontCare -1.000000 -1.000000 -10.000000 0.000000 202.100000 39.620000 219.850000 -1.000000 -1.000000 -1.000000 -1000.000000 -1000.000000 -1000.000000 -9.214602
DontCare -1.000000 -1.000000 -10.000000 246.020000 178.150000 441.900000 209.440000 -1.000000 -1.000000 -1.000000 -1000.000000 -1000.000000 -1000.000000 -9.214602
DontCare -1.000000 -1.000000 -10.000000 529.350000 173.980000 562.730000 189.650000 -1.000000 -1.000000 -1.000000 -1000.000000 -1000.000000 -1000.000000 -9.214602
DontCare -1.000000 -1.000000 -10.000000 730.400000 164.600000 752.320000 184.430000 -1.000000 -1.000000 -1.000000 -1000.000000 -1000.000000 -1000.000000 -9.214602
