Car 0.000000 0.000000 -1.600000 578.412408 184.999388 652.937505 247.502230 1.360000 1.690000 3.380000 0.620000 1.690000 18.050000 -1.565664
Pedestrian 0.000000 0.000000 0.990000 1021.281140 164.344861 1083.570172 266.381875 1.770000 0.570000 0.890000 8.410000 1.620000 12.960000 1.565615
Car 0.240000 3.000000 2.390000 1092.819215 178.362272 1266.022075 226.603905 1.450000 1.670000 4.320000 18.480000 1.630000 22.900000 3.068987
Car 0.000000 0.000000 1.890000 340.289967 186.675552 400.758617 221.634640 1.590000 1.720000 3.860000 -11.470000 2.320000 36.290000 1.583871
Cyclist 0.000000 3.000000 2.960000 752.606498 177.359177 810.727796 223.072556 1.680000 0.860000 2.010000 6.920000 1.850000 27.110000 3.209920
Van 0.000000 3.000000 -1.640000 647.636233 171.605284 690.689873 217.560972 2.120000 1.860000 4.410000 3.340000 2.060000 35.510000 -1.546218
Pedestrian 0.000000 0.000000 -0.010000 507.932060 177.356385 524.492972 224.786596 1.870000 0.640000 0.650000 -3.260000 2.050000 28.870000 -0.122444
Van 0.000000 3.000000 1.770000 439.075845 181.968905 470.908169 205.930650 1.710000 1.560000 4.120000 -11.290000 2.430000 55.120000 1.567969
Car 0.000000 1.000000 -2.350000 470.669084 182.612781 542.394120 215.580521 1.590000 1.630000 3.640000 -4.920000 2.120000 37.600000 -2.480112
Car 0.000000 2.000000 -1.540000 569.576852 184.978528 615.066705 226.564018 1.520000 1.670000 3.610000 -0.170000 2.040000 29.260000 -1.545810
DontCare -1.000000 -1.000000 -10.000000 407.480000 186.480000 435.650000 205.270000 -1.000000 -1.000000 -1.000000 -1000.000000 -1000.000000 -1000.000000 -9.214602
