Car 0.000000 0.000000 -1.580000 447.977919 165.113649 666.822086 373.386153 1.550000 1.630000 3.320000 0.090000 1.490000 7.030000 -1.567198
Car 0.000000 0.000000 1.840000 370.215977 184.961935 410.616384 205.300353 1.370000 1.820000 3.960000 -15.560000 2.290000 52.970000 1.554286
Car 0.000000 2.000000 1.920000 326.706517 187.856431 366.659024 208.433228 1.380000 1.790000 2.940000 -18.440000 2.490000 52.020000 1.579341
Car 0.000000 1.000000 1.800000 417.194511 181.387043 456.253150 201.887399 1.400000 1.750000 4.750000 -12.310000 2.060000 53.630000 1.574373
Car 0.000000 1.000000 2.670000 934.906068 175.440092 1071.325753 218.629287 1.590000 1.730000 4.260000 15.450000 1.690000 27.620000 3.180014
Car 0.000000 0.000000 -2.520000 244.243095 190.237986 345.635163 222.205133 1.420000 1.800000 4.250000 -14.700000 2.290000 34.860000 -2.919061
Car 0.000000 2.000000 2.890000 872.651313 169.638664 969.939691 208.630910 1.790000 1.710000 3.950000 15.210000 1.640000 34.290000 3.307494
Van 0.000000 2.000000 0.110000 537.219154 166.556679 664.460542 227.984119 1.830000 1.850000 3.780000 0.260000 1.640000 22.640000 0.121484
Van 0.000000 2.000000 0.270000 396.914429 169.024251 563.836508 240.828340 1.830000 1.850000 4.090000 -2.950000 1.730000 19.550000 0.120235
DontCare -1.000000 -1.000000 -10.000000 163.730000 189.600000 207.520000 208.390000 -1.000000 -1.000000 -1.000000 -1000.000000 -1000.000000 -1000.000000 -9.214602
