Car 0.000000 0.000000 -1.530000 463.286942 177.683092 601.627953 308.429679 1.540000 1.630000 3.670000 -0.470000 1.620000 10.470000 -1.574860
Car 0.000000 2.000000 -1.560000 537.385213 164.683700 619.756914 250.966495 1.770000 1.690000 4.320000 -0.160000 1.600000 16.960000 -1.569434
Car 0.000000 0.000000 -1.850000 712.766961 174.269614 896.470951 320.087638 1.600000 1.560000 3.450000 2.870000 1.620000 9.680000 -1.561769
Car 0.000000 1.000000 -1.760000 659.186512 177.889178 762.267140 261.117050 1.520000 1.530000 4.070000 2.500000 1.640000 15.480000 -1.599884
Car 0.000000 1.000000 -1.660000 637.105478 175.089161 699.099136 232.710493 1.520000 1.530000 4.160000 2.110000 1.590000 21.280000 -1.561169
Car 0.000000 1.000000 0.400000 55.053851 184.338250 138.168426 215.719680 1.740000 1.870000 3.510000 -29.470000 2.430000 42.220000 -0.209389
Car 0.000000 1.000000 0.030000 333.270075 177.953875 392.939075 203.216783 1.530000 1.850000 3.500000 -15.060000 1.860000 45.640000 -0.288724
Car 0.000000 1.000000 0.170000 233.813482 182.050165 299.480102 207.939525 1.510000 1.850000 3.370000 -20.550000 2.090000 44.360000 -0.263822
Car 0.000000 2.000000 -1.590000 627.910832 175.248961 668.002183 212.221051 1.400000 1.530000 3.240000 2.020000 1.500000 29.190000 -1.520908
DontCare -1.000000 -1.000000 -10.000000 158.520000 181.270000 222.100000 206.310000 -1.000000 -1.000000 -1.000000 -1000.000000 -1000.000000 -1000.000000 -9.214602
