Car 0.000000 0.000000 -1.600000 576.692582 180.861081 642.293773 244.535682 1.560000 1.650000 3.690000 0.460000 1.800000 19.990000 -1.576993
Car 0.000000 0.000000 -1.190000 773.122344 170.635365 996.819841 294.406200 1.540000 1.720000 3.880000 4.770000 1.510000 10.950000 -0.779172
Car 0.000000 0.000000 -1.000000 694.658572 178.705323 800.668859 233.957073 1.520000 1.490000 3.460000 4.730000 1.710000 21.970000 -0.787943
Car 0.000000 1.000000 -0.920000 662.308903 180.751301 752.315647 219.441400 1.390000 1.610000 3.650000 4.380000 1.720000 28.520000 -0.767614
Car 0.830000 0.000000 2.310000 -526.796768 198.556766 97.266315 430.167149 1.520000 1.650000 4.100000 -6.930000 1.850000 7.260000 1.547853
Car 0.000000 0.000000 1.870000 379.451151 181.952017 459.516886 233.027697 1.600000 1.600000 3.770000 -6.070000 1.940000 25.220000 1.633810
Car 0.000000 1.000000 1.780000 491.773311 180.003798 536.085360 210.134259 1.610000 1.700000 3.970000 -4.980000 2.040000 41.580000 1.660799
Car 0.000000 1.000000 2.040000 176.634088 190.284352 312.205802 248.300511 1.450000 1.650000 4.630000 -10.330000 2.030000 21.770000 1.596955
Car 0.000000 1.000000 1.950000 283.487523 180.159946 366.583739 231.700476 1.810000 1.590000 3.930000 -10.410000 2.110000 27.880000 1.592645
Car 0.000000 0.000000 1.760000 558.225148 179.770193 590.013596 198.043158 1.450000 1.840000 4.590000 -2.500000 2.060000 61.480000 1.719359
Car 0.000000 2.000000 1.930000 386.093954 181.808051 445.271491 214.028343 1.560000 1.620000 4.190000 -9.740000 2.060000 38.310000 1.681033
Car 0.000000 2.000000 1.980000 470.695175 183.269753 518.879381 205.337253 1.420000 1.670000 4.530000 -7.590000 2.190000 51.100000 1.832546
Car 0.000000 3.000000 2.320000 -18.088816 187.395234 129.770456 247.065149 1.470000 1.480000 3.210000 -14.930000 1.910000 20.270000 1.685158
Car 0.000000 2.000000 2.480000 28.272786 184.735175 159.688869 224.223639 1.470000 1.780000 4.340000 -21.230000 2.010000 30.600000 1.873453
Car 0.000000 1.000000 -1.450000 651.336414 177.409817 674.699661 192.718885 1.500000 1.890000 4.100000 6.000000 1.980000 74.200000 -1.369313
