Car 0.000000 0.000000 -1.560000 581.134273 176.354211 605.666290 199.598729 1.540000 1.630000 3.670000 -0.620000 1.790000 50.190000 -1.572352
Car 0.000000 0.000000 1.750000 405.521899 184.668515 504.191637 254.964696 1.450000 1.590000 3.590000 -3.110000 1.760000 17.280000 1.571929
Car 0.900000 0.000000 -2.220000 833.620344 188.562512 1810.594113 780.254490 1.480000 1.470000 3.700000 2.930000 1.600000 3.760000 -1.558037
Car 0.000000 1.000000 -1.900000 709.167096 176.580257 964.331069 368.550355 1.640000 1.640000 3.890000 2.710000 1.690000 8.190000 -1.580449
Car 0.000000 2.000000 -1.840000 682.449870 173.516186 802.098916 286.805332 1.690000 1.390000 2.650000 2.600000 1.700000 12.140000 -1.629019
Car 0.000000 1.000000 -1.720000 646.139605 178.406165 715.179718 233.970905 1.500000 1.590000 3.790000 2.530000 1.680000 21.780000 -1.604357
Car 0.000000 2.000000 -1.620000 628.662128 177.874655 662.202343 209.125757 1.490000 1.570000 4.070000 2.270000 1.760000 37.100000 -1.558890
Car 0.000000 2.000000 -1.670000 639.615787 177.175561 690.717087 223.097932 1.570000 1.590000 3.750000 2.480000 1.740000 26.900000 -1.578067
Car 0.000000 1.000000 0.250000 344.497048 184.962134 420.772842 212.359465 1.520000 1.510000 3.940000 -12.570000 2.230000 41.610000 -0.043374
Car 0.000000 1.000000 0.420000 243.060307 185.502165 328.780266 213.971145 1.580000 1.560000 4.240000 -18.120000 2.320000 41.550000 0.008764
Car 0.000000 2.000000 -1.650000 620.534644 177.270116 644.249658 197.660739 1.490000 1.550000 3.930000 2.200000 1.840000 55.580000 -1.610438
Pedestrian 0.000000 2.000000 -1.860000 780.386409 155.586097 826.520320 254.537876 1.820000 0.690000 0.680000 4.120000 1.500000 13.610000 -1.566051
