Car 0.510000 0.000000 -3.060000 -208.769237 179.285573 158.990503 309.090833 1.590000 1.710000 3.900000 -8.610000 1.700000 10.810000 -3.732594
Car 0.030000 3.000000 3.080000 -37.753124 180.911628 228.253170 289.695343 1.730000 1.690000 3.880000 -9.030000 1.900000 13.590000 2.493527
Car 0.000000 2.000000 3.110000 186.535038 183.702733 294.975593 243.902334 1.430000 1.570000 2.430000 -9.130000 1.730000 18.850000 2.658950
Car 0.000000 2.000000 -3.140000 231.981282 181.964529 373.742640 236.325853 1.480000 1.740000 3.770000 -8.640000 1.770000 21.650000 -3.519710
Car 0.000000 0.000000 1.810000 404.868659 179.321744 455.305910 215.144920 1.550000 1.540000 3.060000 -7.760000 1.860000 33.310000 1.581119
Car 0.000000 2.000000 1.720000 425.956422 178.576140 472.078423 208.547624 1.470000 1.720000 4.330000 -8.010000 1.790000 38.440000 1.514563
Pedestrian 0.000000 0.000000 3.010000 367.814135 181.076934 389.448098 232.028713 1.560000 0.620000 0.580000 -6.770000 1.820000 22.620000 2.719192
Pedestrian 0.000000 2.000000 2.050000 365.307815 194.838722 382.933660 231.156775 1.140000 0.400000 0.390000 -7.080000 1.850000 23.150000 1.753202
DontCare -1.000000 -1.000000 -10.000000 801.230000 154.190000 1240.000000 197.980000 -1.000000 -1.000000 -1.000000 -1000.000000 -1000.000000 -1000.000000 -9.214602
DontCare -1.000000 -1.000000 -10.000000 468.940000 173.980000 514.820000 202.150000 -1.000000 -1.000000 -1.000000 -1000.000000 -1000.000000 -1000.000000 -9.214602
DontCare -1.000000 -1.000000 -10.000000 580.400000 173.980000 599.190000 189.650000 -1.000000 -1.000000 -1.000000 -1000.000000 -1000.000000 -1000.000000 -9.214602
DontCare -1.000000 -1.000000 -10.000000 642.900000 170.850000 696.070000 191.720000 -1.000000 -1.000000 -1.000000 -1000.000000 -1000.000000 -1000.000000 -9.214602
