Car 0.000000 0.000000 -1.580000 567.153968 182.600769 633.920581 238.148084 1.360000 1.690000 3.380000 0.250000 1.650000 19.950000 -1.567469
Van 0.020000 3.000000 -1.900000 767.089449 119.109721 1080.741517 385.565592 2.120000 1.860000 4.410000 3.470000 1.690000 8.010000 -1.491197
Van 0.090000 3.000000 2.190000 -47.288659 159.168360 169.350830 250.014587 1.710000 1.560000 4.120000 -11.110000 1.450000 15.640000 1.572356
Car 0.000000 0.000000 -1.980000 137.363831 174.185880 361.203362 309.835828 1.590000 1.630000 3.640000 -4.770000 1.610000 10.310000 -2.413330
Car 0.000000 2.000000 -2.170000 234.030455 182.905071 424.807209 272.073890 1.410000 1.640000 3.610000 -4.830000 1.620000 13.520000 -2.513118
Car 0.000000 2.000000 -2.210000 306.364323 181.522934 473.321471 251.809368 1.390000 1.610000 4.090000 -4.660000 1.610000 16.620000 -2.483366
Car 0.000000 2.000000 -2.170000 418.551855 177.126481 518.665438 226.780797 1.500000 1.570000 3.540000 -4.250000 1.650000 23.920000 -2.345841
Car 0.000000 2.000000 -2.330000 486.989646 175.670547 556.910700 204.384056 1.400000 1.600000 3.550000 -4.080000 1.550000 37.280000 -2.439008
Car 0.000000 0.000000 -1.760000 697.746814 183.988836 786.833707 244.878028 1.360000 1.630000 4.020000 3.820000 1.680000 18.870000 -1.560262
Car 0.000000 1.000000 -1.720000 677.435951 173.923215 740.856474 223.620136 1.660000 1.720000 4.410000 4.020000 1.700000 26.400000 -1.568888
Pedestrian 0.000000 2.000000 -1.200000 655.441760 174.779550 684.333397 217.466836 1.540000 0.840000 0.750000 2.700000 1.610000 26.600000 -1.098843
Car 0.000000 2.000000 -1.580000 582.261239 176.668404 621.274094 212.627553 1.520000 1.670000 3.610000 0.130000 1.700000 32.690000 -1.576023
Car 0.000000 2.000000 2.070000 182.552035 172.115685 284.130376 211.431842 1.470000 1.770000 4.250000 -14.570000 1.440000 29.130000 1.606215
