Car 0.000000 0.000000 -1.570000 565.766323 179.611010 619.956793 224.236365 1.360000 1.690000 3.380000 -0.050000 1.600000 24.190000 -1.572067
Car 0.390000 3.000000 -1.950000 -185.534766 185.190491 220.973205 404.003270 1.420000 1.610000 4.030000 -5.040000 1.560000 6.600000 -2.602171
Car 0.000000 2.000000 -2.180000 295.958597 166.236649 463.374889 250.874087 1.760000 1.740000 4.160000 -5.010000 1.620000 16.980000 -2.466912
Car 0.000000 2.000000 -2.080000 359.352794 165.086656 476.961265 237.019239 1.830000 1.640000 3.710000 -4.970000 1.630000 20.270000 -2.320446
Car 0.000000 2.000000 -2.270000 439.564578 168.161611 526.908350 213.183325 1.800000 1.630000 3.790000 -4.940000 1.610000 30.700000 -2.429544
Van 0.000000 3.000000 -1.680000 640.946370 154.900203 696.847578 209.851026 2.380000 2.080000 5.750000 3.170000 1.600000 34.140000 -1.587413
Car 0.000000 2.000000 -1.550000 573.519133 175.678878 608.414059 207.037697 1.520000 1.670000 3.610000 -0.440000 1.670000 37.110000 -1.561856
Van 0.000000 3.000000 -2.120000 60.497775 147.371769 376.560398 323.534852 1.850000 1.670000 4.420000 -4.750000 1.580000 9.450000 -2.585762
Truck 0.000000 3.000000 2.120000 5.395415 124.289222 234.514843 233.299835 2.980000 2.460000 7.500000 -14.870000 1.650000 23.490000 1.555643
DontCare -1.000000 -1.000000 -10.000000 1212.700000 179.190000 1238.780000 238.610000 -1.000000 -1.000000 -1.000000 -1000.000000 -1000.000000 -1000.000000 -9.214602
DontCare -1.000000 -1.000000 -10.000000 521.020000 171.900000 577.310000 190.690000 -1.000000 -1.000000 -1.000000 -1000.000000 -1000.000000 -1000.000000 -9.214602
