Pedestrian 0.000000 0.000000 0.310000 375.146306 175.536804 397.278859 227.319319 1.550000 0.520000 0.500000 -6.300000 1.630000 21.890000 0.029771
Pedestrian 0.000000 0.000000 1.970000 310.183720 168.742038 335.638865 217.009090 1.850000 0.700000 0.690000 -10.650000 1.690000 28.010000 1.606660
Misc 0.000000 0.000000 -1.850000 779.663683 184.408868 820.164193 237.930371 1.200000 0.530000 1.710000 5.040000 1.490000 17.400000 -1.568061
DontCare -1.000000 -1.000000 -10.000000 811.650000 158.350000 833.570000 196.930000 -1.000000 -1.000000 -1.000000 -1000.000000 -1000.000000 -1000.000000 -9.214602
DontCare -1.000000 -1.000000 -10.000000 476.230000 165.650000 503.360000 206.320000 -1.000000 -1.000000 -1.000000 -1000.000000 -1000.000000 -1000.000000 -9.214602
DontCare -1.000000 -1.000000 -10.000000 613.730000 156.270000 658.560000 184.440000 -1.000000 -1.000000 -1.000000 -1000.000000 -1000.000000 -1000.000000 -9.214602
DontCare -1.000000 -1.000000 -10.000000 697.060000 167.730000 726.270000 197.980000 -1.000000 -1.000000 -1.000000 -1000.000000 -1000.000000 -1000.000000 -9.214602
DontCare -1.000000 -1.000000 -10.000000 322.060000 176.060000 462.730000 201.100000 -1.000000 -1.000000 -1.000000 -1000.000000 -1000.000000 -1000.000000 -9.214602
DontCare -1.000000 -1.000000 -10.000000 574.150000 166.690000 607.520000 181.310000 -1.000000 -1.000000 -1.000000 -1000.000000 -1000.000000 -1000.000000 -9.214602
DontCare -1.000000 -1.000000 -10.000000 521.020000 162.520000 556.480000 194.850000 -1.000000 -1.000000 -1.000000 -1000.000000 -1000.000000 -1000.000000 -9.214602
