Car 0.000000 0.000000 2.160000 148.784196 180.582353 282.388530 235.617772 1.490000 1.580000 3.840000 -10.970000 1.490000 21.140000 1.681330
Car 0.930000 0.000000 -2.130000 898.058900 184.637850 1872.268750 788.816603 1.540000 1.570000 3.520000 3.270000 1.570000 3.690000 -1.404874
Car 0.000000 1.000000 -1.940000 749.510930 176.629010 991.132049 331.646136 1.500000 1.630000 3.570000 3.420000 1.460000 8.630000 -1.562694
Car 0.000000 1.000000 -1.740000 700.169450 176.761998 804.297161 258.285831 1.470000 1.590000 3.640000 3.400000 1.400000 14.610000 -1.511352
Car 0.000000 1.000000 -1.700000 674.145287 177.452019 752.207983 236.162945 1.490000 1.740000 4.090000 3.450000 1.410000 20.020000 -1.529348
Car 0.000000 2.000000 -1.660000 667.074159 174.793827 721.020168 217.598930 1.480000 1.710000 4.050000 3.770000 1.280000 26.510000 -1.518737
Car 0.000000 2.000000 -1.650000 651.274969 174.103509 692.060056 208.569789 1.440000 1.580000 3.280000 3.410000 1.170000 31.200000 -1.541137
Car 0.000000 0.000000 1.670000 558.817219 170.576524 580.805510 186.419003 1.400000 1.540000 4.500000 -2.630000 0.520000 64.770000 1.629417
DontCare -1.000000 -1.000000 -10.000000 605.850000 171.650000 620.270000 182.980000 -1.000000 -1.000000 -1.000000 -1000.000000 -1000.000000 -1000.000000 -9.214602
DontCare -1.000000 -1.000000 -10.000000 631.540000 167.540000 646.980000 178.870000 -1.000000 -1.000000 -1.000000 -1000.000000 -1000.000000 -1000.000000 -9.214602
