Car 0.000000 0.000000 -1.520000 553.558034 182.054654 612.833120 228.429762 1.360000 1.690000 3.380000 -0.320000 1.680000 23.560000 -1.533582
Car 0.030000 3.000000 -1.810000 -58.885022 189.824696 218.141735 374.485042 1.390000 1.620000 3.720000 -5.240000 1.610000 7.610000 -2.413012
Car 0.000000 0.000000 -2.140000 227.410349 179.588672 414.404841 272.758693 1.490000 1.660000 3.550000 -4.990000 1.630000 13.520000 -2.493573
Car 0.000000 1.000000 -2.650000 413.448795 174.536741 516.079157 216.986655 1.660000 1.630000 3.830000 -5.470000 1.730000 29.680000 -2.832254
Misc 0.000000 3.000000 -3.060000 391.384951 185.972794 446.747423 231.596551 1.260000 0.640000 1.470000 -4.950000 1.640000 20.600000 -3.295820
Car 0.000000 0.000000 -1.770000 692.719871 183.266259 795.865660 254.446381 1.400000 1.660000 4.080000 3.470000 1.670000 16.830000 -1.566670
Van 0.000000 3.000000 -1.690000 641.180345 161.589916 691.209342 211.368646 2.420000 2.030000 5.490000 3.350000 1.870000 37.850000 -1.601723
Car 0.000000 2.000000 2.110000 -14.281567 185.552091 199.088314 269.672501 1.320000 1.620000 3.540000 -9.060000 1.590000 13.670000 1.524703
Car 0.000000 2.000000 -1.560000 581.916984 178.709118 620.554008 214.582871 1.520000 1.670000 3.610000 0.140000 1.800000 32.980000 -1.555755
Car 0.420000 3.000000 2.280000 -98.530374 179.030952 89.582122 238.202125 1.310000 1.520000 3.730000 -14.820000 1.480000 18.250000 1.597952
