Car 0.530000 0.000000 2.130000 -263.166178 204.979163 198.460203 411.289887 1.330000 1.560000 3.490000 -5.190000 1.720000 7.010000 1.492690
Car 0.390000 3.000000 2.100000 -133.449612 198.399325 138.473858 301.608533 1.310000 1.600000 4.090000 -9.510000 1.820000 12.340000 1.443404
Car 0.000000 2.000000 2.250000 120.567877 189.274241 274.842045 252.577774 1.430000 1.580000 3.660000 -10.340000 1.910000 19.250000 1.757081
Car 0.000000 0.000000 -1.540000 643.223979 177.052432 677.368570 206.133532 1.370000 1.560000 3.540000 3.070000 1.590000 36.370000 -1.455789
Car 0.000000 0.000000 -1.460000 605.748691 172.376627 641.848541 200.218293 1.610000 1.690000 4.260000 1.390000 1.580000 43.950000 -1.428384
Car 0.000000 2.000000 -1.540000 662.453392 172.889136 690.547042 197.698568 1.530000 1.630000 4.500000 4.860000 1.530000 46.840000 -1.436612
Car 0.000000 2.000000 -0.560000 873.296294 156.789430 950.356295 185.489222 1.550000 1.610000 3.640000 17.220000 0.680000 40.040000 -0.153843
DontCare -1.000000 -1.000000 -10.000000 980.990000 144.510000 1240.000000 207.850000 -1.000000 -1.000000 -1.000000 -1000.000000 -1000.000000 -1000.000000 -9.214602
DontCare -1.000000 -1.000000 -10.000000 312.250000 178.580000 445.420000 196.250000 -1.000000 -1.000000 -1.000000 -1000.000000 -1000.000000 -1000.000000 -9.214602
DontCare -1.000000 -1.000000 -10.000000 707.480000 170.850000 729.400000 180.270000 -1.000000 -1.000000 -1.000000 -1000.000000 -1000.000000 -1000.000000 -9.214602
