Car 0.000000 0.000000 -1.580000 571.081910 188.930191 623.640543 233.581874 1.360000 1.690000 3.380000 0.070000 1.950000 24.890000 -1.577188
Car 0.210000 3.000000 -1.830000 -76.334273 193.877036 240.636620 411.612657 1.370000 1.550000 3.960000 -4.640000 1.620000 6.780000 -2.430156
Car 0.000000 2.000000 -1.940000 130.745672 187.971003 353.487164 325.434068 1.440000 1.590000 3.570000 -4.600000 1.680000 9.760000 -2.380435
Car 0.000000 1.000000 -2.120000 311.929631 186.803028 454.784835 255.239869 1.400000 1.570000 3.830000 -5.050000 1.770000 17.390000 -2.402623
Van 0.000000 3.000000 -2.160000 362.008189 147.989143 513.519356 238.428378 2.210000 1.820000 4.690000 -4.370000 1.600000 19.910000 -2.376062
Pedestrian 0.000000 0.000000 -1.970000 833.725255 180.096877 928.937679 324.108223 1.610000 0.740000 1.080000 3.700000 1.700000 8.660000 -1.566224
Van 0.000000 3.000000 -1.670000 634.328241 172.058118 668.395459 204.940669 2.380000 2.080000 5.750000 3.600000 2.320000 55.130000 -1.604792
Car 0.000000 2.000000 -1.550000 583.523527 183.912132 618.054744 215.798762 1.520000 1.670000 3.610000 0.060000 2.120000 37.480000 -1.548399
Van 0.000000 3.000000 -2.410000 437.700847 176.023672 542.726792 223.135220 1.850000 1.670000 4.420000 -4.610000 1.990000 30.500000 -2.560012
Car 0.630000 3.000000 2.260000 -162.765338 178.293248 74.044910 257.764859 1.580000 1.730000 4.220000 -14.370000 1.720000 16.760000 1.551226
Car 0.000000 2.000000 2.190000 61.871532 190.102643 185.052402 237.156504 1.260000 1.460000 3.320000 -14.380000 1.830000 22.250000 1.616236
Car 0.000000 2.000000 1.980000 133.719458 185.494065 300.191498 261.847472 1.450000 1.640000 4.440000 -8.360000 1.780000 16.710000 1.516113
Car 0.000000 2.000000 1.900000 275.486107 182.782281 367.858219 235.851017 1.500000 1.540000 3.740000 -8.580000 1.840000 22.990000 1.542803
Pedestrian 0.000000 2.000000 -1.440000 159.390093 174.599082 188.041064 226.547414 1.800000 0.800000 0.500000 -14.870000 1.860000 25.410000 -1.969468
Pedestrian 0.000000 2.000000 -1.070000 244.002669 182.394570 265.964015 215.494789 1.500000 0.730000 0.550000 -15.820000 1.940000 33.160000 -1.515145
Truck 0.000000 3.000000 1.890000 323.638442 158.667821 404.823486 211.013722 2.980000 2.460000 7.500000 -14.560000 2.170000 44.830000 1.575965
DontCare -1.000000 -1.000000 -10.000000 1010.600000 188.560000 1239.810000 204.230000 -1.000000 -1.000000 -1.000000 -1000.000000 -1000.000000 -1000.000000 -9.214602
DontCare -1.000000 -1.000000 -10.000000 552.270000 180.230000 581.480000 205.270000 -1.000000 -1.000000 -1.000000 -1000.000000 -1000.000000 -1000.000000 -9.214602
