Car 0.000000 0.000000 -1.570000 567.208422 180.983143 623.443151 227.514326 1.360000 1.690000 3.380000 0.050000 1.640000 23.370000 -1.567861
Car 0.000000 0.000000 -1.980000 156.116339 178.219421 354.106809 296.756646 1.460000 1.490000 3.400000 -4.880000 1.550000 10.730000 -2.406838
Car 0.000000 2.000000 -2.090000 257.826721 178.540848 429.197824 266.070836 1.430000 1.620000 3.470000 -4.670000 1.550000 13.770000 -2.416970
Car 0.000000 2.000000 -2.230000 372.027724 178.196527 497.142076 229.743050 1.370000 1.550000 3.960000 -4.780000 1.540000 21.420000 -2.449559
Car 0.000000 2.000000 -2.250000 442.683981 177.373778 524.992450 211.404477 1.400000 1.570000 3.830000 -5.150000 1.610000 32.040000 -2.409373
Van 0.000000 3.000000 -2.260000 460.544440 157.530404 552.234905 206.781276 2.210000 1.820000 4.690000 -4.540000 1.520000 34.640000 -2.390320
Car 0.940000 3.000000 -2.330000 942.889203 201.567639 2158.371108 763.383425 1.360000 1.590000 3.850000 3.910000 1.590000 3.890000 -1.542038
Car 0.000000 1.000000 -1.980000 782.698874 167.071592 1055.423301 339.725642 1.720000 1.790000 3.940000 4.030000 1.660000 9.160000 -1.565530
Pedestrian 0.000000 0.000000 -1.730000 694.918815 173.562930 723.801904 227.101581 1.610000 0.740000 1.080000 3.540000 1.630000 22.250000 -1.572221
Car 0.000000 2.000000 -0.560000 830.930178 171.138298 992.997222 232.406901 1.700000 1.770000 4.060000 9.290000 1.650000 21.190000 -0.146822
Car 0.000000 2.000000 -1.550000 580.214845 176.664635 615.703361 208.687071 1.520000 1.670000 3.610000 -0.070000 1.720000 36.500000 -1.551918
Car 0.540000 3.000000 2.200000 -198.626695 178.321986 114.783313 302.361119 1.450000 1.470000 3.520000 -8.520000 1.540000 10.390000 1.513171
Car 0.000000 2.000000 2.070000 81.222614 178.679229 254.026627 258.390274 1.400000 1.440000 3.450000 -8.300000 1.530000 14.660000 1.554830
Van 0.050000 3.000000 -0.640000 981.045145 149.100303 1235.499212 239.765332 2.510000 2.460000 5.850000 14.980000 1.850000 21.280000 -0.026630
Car 0.000000 2.000000 1.990000 223.540563 171.928090 308.648328 210.830813 1.580000 1.730000 4.220000 -14.360000 1.540000 31.420000 1.561312
Truck 0.000000 3.000000 1.810000 398.756593 157.483890 451.714695 196.051366 2.980000 2.460000 7.500000 -14.590000 1.790000 59.500000 1.569535
