Car 0.760000 0.000000 -2.430000 -401.930184 193.280270 78.744834 348.712145 1.610000 1.660000 3.860000 -8.480000 1.880000 8.670000 -3.204320
Car 0.010000 3.000000 3.130000 -34.827473 180.196958 240.790790 283.224636 1.590000 1.710000 3.900000 -8.550000 1.740000 13.180000 2.554532
Car 0.000000 2.000000 3.020000 70.747612 180.283386 284.394853 271.055493 1.730000 1.690000 3.880000 -8.960000 1.910000 15.880000 2.506296
Car 0.000000 2.000000 3.070000 238.791290 184.856619 332.727832 238.274825 1.430000 1.570000 2.430000 -9.020000 1.800000 21.130000 2.666537
Car 0.000000 2.000000 3.110000 273.793336 181.433570 399.556819 230.180125 1.480000 1.740000 3.770000 -8.530000 1.780000 23.930000 2.767585
Car 0.000000 0.000000 1.790000 423.405360 179.867858 469.047708 213.195336 1.550000 1.540000 3.060000 -7.570000 1.910000 35.740000 1.581277
Car 0.000000 2.000000 1.710000 440.567078 179.951997 483.155552 208.294562 1.470000 1.720000 4.330000 -7.800000 1.890000 40.730000 1.520786
DontCare -1.000000 -1.000000 -10.000000 828.030000 147.300000 1239.910000 212.590000 -1.000000 -1.000000 -1.000000 -1000.000000 -1000.000000 -1000.000000 -9.214602
DontCare -1.000000 -1.000000 -10.000000 483.750000 179.750000 521.250000 198.580000 -1.000000 -1.000000 -1.000000 -1000.000000 -1000.000000 -1000.000000 -9.214602
DontCare -1.000000 -1.000000 -10.000000 641.850000 171.900000 698.140000 199.030000 -1.000000 -1.000000 -1.000000 -1000.000000 -1000.000000 -1000.000000 -9.214602
DontCare -1.000000 -1.000000 -10.000000 583.520000 175.020000 612.730000 191.730000 -1.000000 -1.000000 -1.000000 -1000.000000 -1000.000000 -1000.000000 -9.214602
