Car 0.960000 0.000000 -2.330000 891.311922 182.012834 2566.685922 949.773450 1.520000 1.640000 4.410000 3.620000 1.530000 3.630000 -1.545981
Car 0.850000 0.000000 2.390000 -298.977201 174.115521 34.229958 295.356141 1.850000 1.680000 4.110000 -12.470000 1.750000 12.880000 1.620774
Car 0.000000 0.000000 1.930000 410.745440 179.677459 459.714557 205.674852 1.490000 1.580000 3.840000 -9.620000 1.440000 42.530000 1.707550
Car 0.000000 0.000000 -1.650000 696.016908 172.469184 776.930041 251.046818 1.540000 1.570000 3.520000 3.310000 1.380000 15.700000 -1.442215
Car 0.000000 2.000000 -1.730000 675.918268 176.098302 749.241128 232.364428 1.500000 1.630000 3.570000 3.550000 1.380000 20.640000 -1.559670
Car 0.000000 2.000000 -1.650000 663.352260 178.294080 711.992073 220.249265 1.470000 1.590000 3.640000 3.560000 1.390000 26.630000 -1.517104
Car 0.000000 2.000000 -1.640000 655.172017 178.188879 699.115790 213.600812 1.490000 1.740000 4.090000 3.700000 1.390000 31.830000 -1.524277
Car 0.000000 2.000000 -1.620000 643.853187 176.636331 671.847297 201.131607 1.440000 1.580000 3.280000 3.730000 1.210000 43.230000 -1.533930
DontCare -1.000000 -1.000000 -10.000000 594.540000 173.710000 608.960000 184.020000 -1.000000 -1.000000 -1.000000 -1000.000000 -1000.000000 -1000.000000 -9.214602
DontCare -1.000000 -1.000000 -10.000000 616.120000 170.630000 630.540000 180.940000 -1.000000 -1.000000 -1.000000 -1000.000000 -1000.000000 -1000.000000 -9.214602
