Car 0.000000 0.000000 -1.580000 447.673169 166.445391 666.924999 375.107051 1.550000 1.630000 3.320000 0.090000 1.500000 7.020000 -1.567180
Car 0.000000 2.000000 1.840000 370.261253 184.946538 410.607437 205.255855 1.370000 1.820000 3.960000 -15.580000 2.290000 53.040000 1.554296
Car 0.000000 2.000000 1.920000 326.816449 187.850795 366.751707 208.419230 1.380000 1.790000 2.940000 -18.440000 2.490000 52.040000 1.579462
Car 0.000000 0.000000 1.800000 417.402472 181.126414 456.443936 201.594759 1.400000 1.750000 4.750000 -12.300000 2.040000 53.650000 1.574631
Car 0.000000 1.000000 2.670000 934.678452 175.438341 1070.976532 218.593887 1.590000 1.730000 4.260000 15.450000 1.690000 27.640000 3.179706
Van 0.750000 0.000000 -2.150000 -80.980274 193.169201 16.711250 236.226237 2.490000 1.960000 5.350000 -39.490000 3.800000 44.950000 -2.870827
Car 0.000000 1.000000 -0.250000 770.156727 175.889542 952.780581 238.582980 1.510000 1.690000 4.150000 6.810000 1.590000 18.530000 0.102190
Car 0.000000 0.000000 0.410000 300.173578 186.328636 445.179908 242.303540 1.430000 1.690000 3.420000 -6.020000 1.820000 19.970000 0.117211
Car 0.000000 1.000000 2.650000 1027.424242 172.904556 1139.371558 208.440378 1.580000 1.720000 3.950000 22.150000 1.580000 33.130000 3.239325
DontCare -1.000000 -1.000000 -10.000000 165.810000 190.650000 201.270000 205.280000 -1.000000 -1.000000 -1.000000 -1000.000000 -1000.000000 -1000.000000 -9.214602
DontCare -1.000000 -1.000000 -10.000000 481.440000 177.100000 503.360000 191.720000 -1.000000 -1.000000 -1.000000 -1000.000000 -1000.000000 -1000.000000 -9.214602
