Car 0.420000 0.000000 2.140000 -179.446353 212.730385 209.242889 401.816245 1.450000 1.520000 3.620000 -5.750000 2.000000 8.150000 1.525578
Car 0.000000 0.000000 1.780000 316.939693 199.791473 464.141599 303.396667 1.460000 1.620000 4.040000 -3.350000 2.030000 13.280000 1.532896
Car 0.000000 1.000000 1.970000 131.222841 203.290845 330.577563 314.509301 1.460000 1.580000 3.720000 -5.770000 2.060000 12.390000 1.534168
Cyclist 0.000000 1.000000 2.970000 755.856082 189.530268 889.562659 306.766202 1.550000 0.570000 1.730000 3.410000 1.790000 10.070000 3.296510
Car 0.830000 0.000000 2.400000 1146.878373 162.716211 1505.476952 281.535835 1.730000 1.550000 4.000000 11.560000 1.580000 11.380000 3.193245
Cyclist 0.000000 0.000000 -3.120000 810.385802 187.068777 961.983459 330.141666 1.550000 0.690000 1.630000 3.760000 1.730000 8.600000 -2.707834
Pedestrian 0.000000 1.000000 2.140000 75.745605 187.881398 120.417910 296.117571 1.840000 0.570000 0.280000 -8.350000 2.100000 12.450000 1.549222
Car 0.000000 2.000000 1.670000 476.041496 191.719912 531.461526 239.829599 1.570000 1.600000 3.990000 -3.430000 2.330000 27.140000 1.544285
Car 0.000000 1.000000 1.630000 525.647708 191.252763 554.629216 218.321601 1.520000 1.540000 3.680000 -3.810000 2.710000 44.900000 1.545348
Van 0.000000 1.000000 1.610000 541.293586 180.972425 565.751058 209.712278 2.470000 1.980000 5.810000 -4.650000 3.250000 66.600000 1.540293
Car 0.000000 1.000000 -0.120000 623.623598 185.858752 719.121292 223.466043 1.620000 1.650000 4.140000 3.210000 2.220000 32.550000 -0.021700
Car 0.000000 1.000000 0.010000 604.159609 187.082814 669.665565 214.638162 1.690000 1.760000 4.120000 2.240000 2.620000 46.280000 0.058363
Van 0.000000 1.000000 1.720000 417.091084 179.331385 509.826751 259.712719 1.950000 1.750000 4.630000 -3.470000 2.150000 20.210000 1.549961
