Car 0.000000 0.000000 -1.220000 765.344312 179.654572 1010.296832 309.528866 1.480000 1.710000 4.650000 4.790000 1.600000 10.720000 -0.799787
Car 0.000000 1.000000 -0.960000 606.708193 147.495975 835.074901 280.957530 2.040000 1.660000 4.620000 2.670000 1.650000 13.220000 -0.760714
Car 0.780000 0.000000 -1.590000 1176.017904 149.155461 1313.981069 243.259075 1.420000 1.640000 3.950000 11.790000 1.060000 12.910000 -0.849915
Misc 0.000000 2.000000 2.330000 452.899209 208.127049 739.623720 282.042286 0.930000 2.390000 5.820000 0.440000 1.790000 14.740000 2.359842
Car 0.000000 1.000000 -0.720000 436.502618 180.714563 633.404002 256.615770 1.530000 1.610000 4.730000 -1.160000 1.740000 17.250000 -0.787145
Car 0.000000 1.000000 -0.550000 372.721257 186.506898 509.399867 242.787826 1.400000 1.560000 3.480000 -4.270000 1.820000 20.560000 -0.754774
Misc 0.000000 2.000000 2.510000 402.080555 187.902112 524.473267 246.733995 1.340000 1.600000 2.680000 -3.290000 1.760000 18.730000 2.336120
Misc 0.000000 1.000000 2.360000 540.903909 163.143239 596.221349 209.016733 2.020000 1.310000 2.250000 -1.390000 1.590000 33.040000 2.317955
Car 0.000000 0.000000 -1.800000 92.061007 196.645404 186.928269 245.765924 1.270000 1.660000 4.060000 -14.320000 2.080000 22.620000 -2.364380
Car 0.250000 0.000000 -1.620000 -33.075199 198.914487 38.937451 252.933739 1.480000 1.670000 4.500000 -19.880000 2.430000 24.140000 -2.308924
Truck 0.620000 1.000000 -1.640000 -73.543612 155.188578 26.099754 248.148674 3.250000 2.520000 7.640000 -24.950000 2.630000 28.820000 -2.353549
