Car 0.840000 1.000000 -2.290000 1122.772343 142.135069 1546.848894 308.093185 2.040000 1.990000 4.820000 11.140000 1.660000 11.330000 -1.513057
Car 0.570000 1.000000 -2.450000 -383.647657 158.148322 209.649600 344.099954 1.740000 1.750000 4.570000 -6.550000 1.600000 7.660000 -3.157442
Car 0.000000 2.000000 0.500000 134.509157 165.693902 384.152362 262.205527 1.720000 1.680000 4.020000 -6.140000 1.590000 13.860000 0.082981
Car 0.000000 2.000000 -2.810000 193.415616 180.256779 413.479403 247.859187 1.410000 1.420000 4.270000 -6.200000 1.580000 16.010000 -3.179474
Car 0.070000 3.000000 -2.590000 -62.230487 178.580946 290.460832 288.159231 1.500000 1.650000 4.140000 -6.740000 1.590000 10.800000 -3.147933
Car 0.000000 1.000000 0.210000 424.324054 175.977798 530.820363 208.248477 1.380000 1.660000 4.380000 -5.320000 1.520000 31.960000 0.045054
Car 0.000000 1.000000 0.940000 1018.658090 164.548244 1196.176450 235.582508 1.690000 1.730000 4.300000 13.550000 1.490000 19.330000 1.551385
Car 0.000000 2.000000 -0.100000 659.016472 174.915685 772.543227 215.029696 1.480000 1.860000 4.180000 4.480000 1.560000 27.780000 0.059890
Car 0.000000 2.000000 -0.140000 651.094005 168.850214 757.644499 210.415719 1.740000 1.660000 4.370000 4.490000 1.570000 31.040000 0.003656
DontCare -1.000000 -1.000000 -10.000000 986.440000 168.250000 1039.190000 206.210000 -1.000000 -1.000000 -1.000000 -1000.000000 -1000.000000 -1000.000000 -9.214602
DontCare -1.000000 -1.000000 -10.000000 607.420000 166.920000 622.750000 199.750000 -1.000000 -1.000000 -1.000000 -1000.000000 -1000.000000 -1000.000000 -9.214602
