Car 0.000000 0.000000 -1.570000 563.121012 177.195797 618.697472 222.592291 1.360000 1.690000 3.380000 -0.100000 1.510000 23.630000 -1.574232
Car 0.650000 3.000000 -1.060000 -296.329276 199.602671 344.213437 544.701399 1.400000 1.600000 3.350000 -2.730000 1.640000 4.860000 -1.571803
Car 0.550000 3.000000 1.390000 -190.195604 201.576657 89.690927 404.049742 1.370000 1.520000 3.300000 -5.990000 1.710000 6.970000 0.680075
Car 0.000000 2.000000 1.280000 25.245611 192.321337 236.355297 320.869991 1.400000 1.610000 3.550000 -6.360000 1.720000 10.170000 0.721136
Car 0.000000 1.000000 1.050000 271.939065 182.644283 409.699583 249.122315 1.400000 1.520000 3.760000 -6.120000 1.660000 17.530000 0.714113
Car 0.000000 2.000000 0.910000 315.897450 176.516224 441.824243 237.488358 1.570000 1.640000 3.490000 -6.100000 1.680000 20.460000 0.620248
Car 0.000000 2.000000 0.940000 386.165295 180.553735 478.247847 219.217008 1.380000 1.550000 3.890000 -6.540000 1.700000 28.350000 0.713278
Car 0.000000 0.000000 -1.460000 505.676784 180.730175 557.737344 217.893743 1.300000 1.550000 3.510000 -2.460000 1.620000 27.760000 -1.548386
Car 0.000000 2.000000 0.770000 442.629839 174.858101 521.596346 205.930756 1.570000 1.670000 4.200000 -6.370000 1.680000 38.580000 0.606365
Car 0.000000 0.000000 -1.710000 659.288661 179.873779 734.575099 239.227485 1.380000 1.550000 3.600000 2.680000 1.580000 19.000000 -1.569872
Truck 0.000000 3.000000 -1.660000 647.726823 119.369849 726.508927 215.990144 3.410000 2.570000 7.870000 3.420000 1.520000 29.430000 -1.544311
Pedestrian 0.000000 0.000000 2.650000 743.626515 164.491736 772.835041 220.114119 1.780000 0.780000 0.650000 5.320000 1.510000 23.550000 2.872173
Car 0.290000 3.000000 2.240000 -73.958970 185.484216 114.524792 245.228929 1.350000 1.660000 4.090000 -14.960000 1.720000 19.220000 1.578597
Car 0.000000 2.000000 -1.570000 581.377263 174.818006 616.809319 207.276350 1.520000 1.670000 3.610000 -0.020000 1.620000 35.810000 -1.570559
Car 0.000000 1.000000 2.010000 243.303767 176.744782 312.968042 209.677207 1.440000 1.520000 3.660000 -14.980000 1.630000 33.830000 1.593148
DontCare -1.000000 -1.000000 -10.000000 536.650000 163.560000 570.020000 179.230000 -1.000000 -1.000000 -1.000000 -1000.000000 -1000.000000 -1000.000000 -9.214602
