Cyclist 0.000000 0.000000 -1.870000 791.096132 152.528342 839.844835 270.325768 1.800000 0.340000 1.690000 3.930000 1.370000 11.650000 -1.544649
Pedestrian 0.000000 0.000000 -0.960000 633.061675 170.174396 694.999917 272.558380 1.660000 0.610000 0.930000 1.500000 1.490000 12.010000 -0.835747
Misc 0.000000 0.000000 1.810000 372.274380 159.023967 438.896988 268.984575 1.830000 0.680000 1.810000 -3.040000 1.470000 12.670000 1.574515
Cyclist 0.000000 0.000000 -1.190000 463.145061 166.471800 503.155217 221.981152 1.770000 0.600000 1.950000 -3.530000 1.320000 23.560000 -1.338724
Pedestrian 0.000000 1.000000 -0.850000 828.281277 150.160872 861.306295 229.885932 1.780000 0.640000 0.360000 5.970000 1.100000 16.150000 -0.495920
Pedestrian 0.000000 1.000000 1.910000 657.009190 159.756878 682.067328 204.891084 1.800000 0.770000 0.840000 3.140000 0.970000 28.740000 2.018824
Pedestrian 0.000000 2.000000 -1.330000 648.273803 162.179510 665.930167 203.543644 1.800000 0.670000 0.500000 2.810000 1.000000 31.110000 -1.239920
Pedestrian 0.000000 2.000000 -1.250000 660.904723 159.164833 678.037164 200.581883 1.800000 0.630000 0.470000 3.350000 0.870000 31.070000 -1.142594
Pedestrian 0.000000 1.000000 2.400000 689.560385 153.923138 717.402209 197.639911 1.920000 0.550000 1.160000 4.920000 0.750000 31.600000 2.554456
Pedestrian 0.000000 1.000000 2.690000 703.061627 155.809193 730.721813 202.703565 1.970000 0.610000 1.000000 5.280000 0.930000 30.130000 2.863479
DontCare -1.000000 -1.000000 -10.000000 555.490000 162.400000 588.410000 182.980000 -1.000000 -1.000000 -1.000000 -1000.000000 -1000.000000 -1000.000000 -9.214602
