Cyclist 0.000000 1.000000 -1.530000 753.575215 167.629928 787.915518 251.611979 1.810000 0.650000 1.630000 4.290000 1.530000 16.110000 -1.269745
Cyclist 0.200000 3.000000 2.010000 144.320110 170.642317 335.364749 418.999141 1.700000 0.600000 1.700000 -2.350000 1.630000 5.700000 1.618952
Pedestrian 0.000000 0.000000 0.030000 545.684636 180.119205 565.015597 219.696862 1.790000 0.750000 0.850000 -1.750000 1.770000 32.360000 -0.024026
Cyclist 0.000000 1.000000 -0.960000 497.939560 179.470451 531.290386 219.371898 1.830000 0.690000 1.710000 -3.730000 1.780000 33.340000 -1.071414
Pedestrian 0.000000 1.000000 3.020000 19.136171 172.970541 61.492842 243.553996 1.850000 0.740000 0.820000 -14.740000 1.650000 19.080000 2.362231
Pedestrian 0.000000 1.000000 0.180000 444.298743 171.017717 467.121723 219.346673 1.770000 0.730000 0.700000 -5.030000 1.420000 26.260000 -0.009254
Pedestrian 0.000000 1.000000 -3.000000 478.734678 178.682859 505.176988 226.220484 1.760000 0.770000 0.870000 -3.730000 1.690000 26.560000 -3.139524
DontCare -1.000000 -1.000000 -10.000000 700.400000 180.900000 720.980000 205.590000 -1.000000 -1.000000 -1.000000 -1000.000000 -1000.000000 -1000.000000 -9.214602
DontCare -1.000000 -1.000000 -10.000000 744.600000 177.820000 764.160000 208.680000 -1.000000 -1.000000 -1.000000 -1000.000000 -1000.000000 -1000.000000 -9.214602
DontCare -1.000000 -1.000000 -10.000000 620.240000 178.850000 626.430000 199.430000 -1.000000 -1.000000 -1.000000 -1000.000000 -1000.000000 -1000.000000 -9.214602
DontCare -1.000000 -1.000000 -10.000000 639.760000 176.790000 654.180000 192.230000 -1.000000 -1.000000 -1.000000 -1000.000000 -1000.000000 -1000.000000 -9.214602
