Car 0.000000 0.000000 -1.470000 707.456127 166.726712 744.271715 199.083383 1.730000 1.600000 4.110000 7.090000 1.400000 40.770000 -1.297820
Van 0.000000 0.000000 -1.240000 543.117973 161.706821 664.705662 239.597081 1.800000 1.850000 4.110000 0.460000 1.540000 18.920000 -1.215692
Car 0.000000 1.000000 2.380000 -8.990882 193.315029 178.078680 269.738272 1.460000 1.370000 3.450000 -11.400000 1.980000 16.590000 1.777943
Car 0.000000 0.000000 -1.030000 352.274945 176.534131 501.791794 248.796324 1.530000 1.450000 4.330000 -3.840000 1.630000 17.790000 -1.242590
Car 0.000000 2.000000 2.010000 346.927782 182.427609 437.328897 220.728226 1.400000 1.680000 4.760000 -8.460000 1.830000 30.100000 1.736006
Car 0.000000 1.000000 1.760000 494.975121 180.086178 531.071628 205.003358 1.510000 1.550000 4.090000 -5.770000 2.000000 47.030000 1.637922
Tram 0.000000 2.000000 1.180000 592.581812 157.864789 659.440075 189.729196 3.460000 2.570000 14.660000 2.130000 1.830000 85.650000 1.204864
DontCare -1.000000 -1.000000 -10.000000 782.480000 153.150000 1240.000000 179.230000 -1.000000 -1.000000 -1.000000 -1000.000000 -1000.000000 -1000.000000 -9.214602
DontCare -1.000000 -1.000000 -10.000000 296.020000 176.060000 352.310000 210.480000 -1.000000 -1.000000 -1.000000 -1000.000000 -1000.000000 -1000.000000 -9.214602
DontCare -1.000000 -1.000000 -10.000000 687.690000 171.900000 706.480000 188.610000 -1.000000 -1.000000 -1.000000 -1000.000000 -1000.000000 -1000.000000 -9.214602
