Pedestrian 0.000000 0.000000 -2.270000 382.670237 154.034357 466.137991 285.127525 1.820000 0.780000 0.940000 -2.170000 1.450000 10.410000 -2.475510
Car 0.000000 0.000000 -1.460000 506.168265 167.902690 573.993066 220.652557 1.580000 1.660000 4.380000 -1.540000 1.200000 23.400000 -1.525717
Pedestrian 0.000000 0.000000 -1.130000 214.130925 157.062636 266.981965 231.071296 1.760000 0.690000 1.210000 -8.460000 1.200000 17.420000 -1.582101
Pedestrian 0.000000 0.000000 -3.140000 101.234598 150.965872 145.470431 236.689093 1.850000 0.660000 0.800000 -10.220000 1.210000 15.750000 -3.715594
Pedestrian 0.000000 2.000000 -1.080000 124.429836 146.844421 157.056039 209.462922 1.930000 0.590000 0.700000 -14.040000 0.890000 22.160000 -1.644741
Car 0.000000 1.000000 2.530000 1003.291571 185.825328 1194.095725 241.579072 1.440000 1.790000 3.960000 13.890000 1.590000 19.350000 3.152592
Car 0.000000 1.000000 -2.160000 946.049615 181.400576 1051.634833 228.550877 1.480000 1.560000 3.330000 13.740000 1.510000 23.970000 -1.639507
Car 0.000000 1.000000 -2.240000 1019.522943 183.613343 1137.544210 228.791159 1.400000 1.590000 3.350000 16.360000 1.510000 23.870000 -1.639154
Car 0.050000 2.000000 0.890000 1083.636711 184.053899 1212.636540 229.744423 1.440000 1.500000 3.800000 19.150000 1.570000 24.490000 1.553639
Pedestrian 0.000000 1.000000 2.200000 89.292596 154.244171 134.301705 232.460173 1.720000 0.490000 0.730000 -10.600000 1.140000 15.920000 1.612577
Pedestrian 0.000000 0.000000 -1.400000 175.444570 146.242985 210.124030 214.598753 2.010000 0.760000 0.840000 -11.910000 1.000000 21.310000 -1.909645
Pedestrian 0.000000 0.000000 -1.590000 148.779288 152.473570 175.167740 213.224693 1.750000 0.650000 1.070000 -12.650000 0.940000 20.990000 -2.132379
Pedestrian 0.000000 1.000000 1.990000 255.876006 158.721523 278.521829 208.676820 1.760000 0.570000 0.500000 -11.510000 0.990000 25.160000 1.560950
Pedestrian 0.000000 2.000000 1.930000 233.310296 153.275869 257.119934 206.204034 1.900000 0.590000 0.610000 -12.570000 0.920000 25.710000 1.475260
Pedestrian 0.000000 1.000000 1.820000 222.660090 160.155147 239.836329 205.409976 1.640000 0.460000 0.430000 -13.170000 0.900000 25.880000 1.349268
Pedestrian 0.000000 1.000000 1.750000 202.093479 156.400443 222.198990 206.417776 1.800000 0.520000 0.690000 -13.850000 0.930000 25.850000 1.258137
Car 0.000000 0.000000 -1.630000 592.118797 171.774576 626.892344 199.516136 1.390000 1.640000 4.510000 0.710000 0.950000 37.710000 -1.611174
Pedestrian 0.000000 2.000000 -2.680000 209.844215 153.363795 224.254110 197.160324 1.900000 0.530000 0.350000 -16.460000 0.720000 30.940000 -3.168917
