Car 0.000000 0.000000 -1.570000 588.344840 176.887807 611.672905 199.222152 1.540000 1.630000 3.670000 -0.200000 1.840000 52.250000 -1.573828
Car 0.000000 0.000000 -1.820000 697.758815 190.852930 868.393864 322.796156 1.400000 1.530000 3.560000 2.650000 1.690000 9.930000 -1.559210
Car 0.000000 2.000000 -1.770000 674.494809 180.674629 784.796607 265.694270 1.490000 1.600000 3.810000 2.810000 1.670000 14.910000 -1.583721
Car 0.000000 0.000000 1.630000 551.095989 179.018892 574.310775 198.371979 1.450000 1.590000 3.590000 -3.200000 1.950000 57.000000 1.573919
Car 0.000000 1.000000 -1.710000 655.434423 179.039577 710.435007 225.707647 1.480000 1.470000 3.700000 2.970000 1.710000 25.240000 -1.592868
Car 0.000000 2.000000 -1.690000 641.262890 175.179555 690.828608 218.018818 1.640000 1.640000 3.890000 2.740000 1.740000 29.800000 -1.598311
Car 0.000000 1.000000 0.290000 372.868422 185.513269 426.534857 204.125855 1.580000 1.560000 4.240000 -17.870000 2.700000 63.160000 0.014274
Pedestrian 0.000000 2.000000 -1.710000 695.423678 166.026398 713.031121 207.780514 1.820000 0.690000 0.680000 4.640000 1.520000 31.790000 -1.565066
DontCare -1.000000 -1.000000 -10.000000 444.980000 179.190000 489.810000 201.110000 -1.000000 -1.000000 -1.000000 -1000.000000 -1000.000000 -1000.000000 -9.214602
DontCare -1.000000 -1.000000 -10.000000 623.100000 170.850000 663.770000 204.220000 -1.000000 -1.000000 -1.000000 -1000.000000 -1000.000000 -1000.000000 -9.214602
