Pedestrian 0.000000 0.000000 0.300000 354.933099 169.507151 389.012670 243.685079 1.720000 0.740000 0.560000 -5.150000 1.640000 17.100000 0.007471
Cyclist 0.000000 1.000000 2.890000 999.945562 164.289334 1155.529490 271.679036 1.600000 0.880000 1.930000 7.850000 1.470000 11.490000 3.489363
Car 0.000000 0.000000 2.380000 438.982688 172.039902 552.163358 218.930455 1.590000 1.640000 4.080000 -3.640000 1.560000 26.570000 2.243851
Car 0.000000 0.000000 2.680000 714.956232 170.477541 821.042335 202.721668 1.460000 1.640000 4.630000 7.920000 1.350000 34.000000 2.908860
Van 0.000000 1.000000 2.850000 985.146591 157.947565 1090.984461 198.808216 1.830000 1.710000 3.920000 20.350000 1.160000 33.630000 3.394172
Car 0.000000 0.000000 -1.000000 619.753845 173.396368 676.398509 200.755831 1.490000 1.590000 3.460000 2.710000 1.520000 41.230000 -0.934366
Car 0.000000 1.000000 0.020000 290.641460 178.527561 381.224622 214.335771 1.500000 1.620000 3.670000 -11.600000 1.760000 32.010000 -0.327667
Car 0.000000 0.000000 1.810000 558.664207 175.528326 585.497005 193.609979 1.450000 1.300000 4.040000 -2.640000 1.680000 60.590000 1.766456
Car 0.000000 2.000000 1.920000 517.092717 176.982301 548.304334 195.474163 1.500000 1.440000 3.690000 -6.030000 1.860000 61.370000 1.822058
DontCare -1.000000 -1.000000 -10.000000 598.100000 175.020000 623.140000 185.480000 -1.000000 -1.000000 -1.000000 -1000.000000 -1000.000000 -1000.000000 -9.214602
