Car 0.080000 0.000000 2.150000 -44.563668 173.847484 348.406784 394.326333 1.640000 1.450000 3.480000 -3.640000 1.650000 7.190000 1.681358
Car 1.000000 0.000000 -2.580000 1059.770000 179.720000 1241.000000 374.000000 1.610000 1.680000 4.040000 3.150000 1.620000 1.710000 -1.506546
Car 0.160000 0.000000 -1.880000 773.418273 183.813827 1082.529847 415.128297 1.520000 1.580000 4.280000 3.160000 1.660000 7.160000 -1.464370
Car 0.000000 0.000000 1.920000 531.335938 177.915060 652.757347 249.178038 1.540000 1.640000 4.080000 0.170000 1.680000 18.100000 1.929392
Car 0.000000 2.000000 -1.550000 763.613253 178.059548 875.118181 282.382334 1.460000 1.570000 3.580000 4.130000 1.560000 12.240000 -1.224577
Van 0.000000 1.000000 -2.190000 1020.410857 137.024727 1155.124647 206.795027 2.040000 1.720000 3.790000 15.550000 0.990000 23.010000 -1.595706
Van 0.000000 1.000000 -2.030000 929.764099 148.936672 1043.621485 210.077301 1.860000 1.750000 4.110000 12.870000 1.130000 24.030000 -1.538295
Car 0.000000 2.000000 1.790000 630.881609 170.982119 687.822141 207.163033 1.500000 1.600000 4.170000 2.760000 1.420000 32.140000 1.875664
Car 0.000000 1.000000 -1.630000 795.310039 167.111191 833.225217 199.796615 1.580000 1.680000 3.930000 10.910000 1.300000 36.980000 -1.343114
Car 0.000000 1.000000 1.780000 677.152511 167.257775 717.222561 195.097496 1.580000 1.540000 3.980000 5.750000 1.260000 43.080000 1.912688
Truck 0.000000 3.000000 -1.470000 768.272467 141.586146 814.169417 183.794550 3.520000 2.890000 10.810000 17.170000 0.910000 65.740000 -1.214527
DontCare -1.000000 -1.000000 -10.000000 404.350000 181.270000 459.600000 197.980000 -1.000000 -1.000000 -1.000000 -1000.000000 -1000.000000 -1000.000000 -9.214602
DontCare -1.000000 -1.000000 -10.000000 525.190000 173.980000 563.770000 189.650000 -1.000000 -1.000000 -1.000000 -1000.000000 -1000.000000 -1000.000000 -9.214602
DontCare -1.000000 -1.000000 -10.000000 705.400000 160.440000 749.190000 187.560000 -1.000000 -1.000000 -1.000000 -1000.000000 -1000.000000 -1000.000000 -9.214602
DontCare -1.000000 -1.000000 -10.000000 856.440000 153.150000 949.190000 185.480000 -1.000000 -1.000000 -1.000000 -1000.000000 -1000.000000 -1000.000000 -9.214602
