Car 1.000000 0.000000 -2.430000 1011.480000 188.440000 1241.000000 374.000000 1.510000 1.620000 3.730000 2.870000 1.580000 1.990000 -1.465473
Car 0.530000 0.000000 2.050000 -205.020788 199.214876 327.192574 490.221843 1.440000 1.510000 3.770000 -3.250000 1.720000 5.820000 1.540716
Car 0.000000 1.000000 1.890000 194.200119 211.037067 420.092836 325.773135 1.140000 1.680000 3.850000 -3.580000 1.790000 10.390000 1.558178
Car 0.000000 0.000000 -1.820000 688.870414 182.994625 870.667426 308.330768 1.430000 1.680000 4.390000 2.740000 1.610000 10.780000 -1.571096
Car 0.000000 0.000000 1.760000 435.438894 180.255622 506.489869 230.213935 1.460000 1.500000 3.880000 -3.970000 1.720000 23.620000 1.593479
Car 0.000000 1.000000 -1.710000 648.618181 178.700609 708.386903 228.008540 1.460000 1.550000 3.190000 2.640000 1.660000 23.360000 -1.597464
Van 0.000000 2.000000 1.680000 459.982527 165.339838 519.341055 220.828863 2.050000 1.790000 4.470000 -4.240000 1.770000 28.920000 1.534426
Car 0.000000 2.000000 -1.670000 635.499555 178.836977 688.428316 219.880065 1.440000 1.690000 4.450000 2.440000 1.690000 28.200000 -1.583690
Van 0.000000 2.000000 -2.820000 299.860536 155.067342 444.953183 207.368958 2.610000 2.210000 6.750000 -11.640000 1.720000 37.170000 -3.123482
Van 0.000000 0.000000 -1.540000 590.242514 167.952412 614.282532 192.991159 1.980000 1.800000 4.540000 -0.090000 1.590000 59.350000 -1.541516
Van 0.000000 2.000000 -0.230000 714.860380 156.637360 809.819579 192.959422 2.660000 2.130000 6.640000 11.830000 1.470000 53.950000 -0.014139
DontCare -1.000000 -1.000000 -10.000000 558.520000 171.900000 576.270000 187.570000 -1.000000 -1.000000 -1.000000 -1000.000000 -1000.000000 -1000.000000 -9.214602
DontCare -1.000000 -1.000000 -10.000000 642.900000 159.400000 659.610000 179.230000 -1.000000 -1.000000 -1.000000 -1000.000000 -1000.000000 -1000.000000 -9.214602
