Car 0.000000 0.000000 -1.570000 570.264203 181.936688 623.225407 225.901092 1.360000 1.690000 3.380000 0.070000 1.690000 24.710000 -1.567167
Car 0.000000 1.000000 -1.910000 129.912725 184.179260 339.519927 308.861181 1.400000 1.570000 3.830000 -5.020000 1.590000 10.350000 -2.361595
Van 0.000000 3.000000 -2.050000 234.162900 125.848633 455.857159 276.926442 2.210000 1.820000 4.690000 -4.380000 1.520000 12.830000 -2.378982
Car 0.000000 1.000000 -2.320000 350.712388 185.167554 491.258582 241.888857 1.420000 1.610000 4.030000 -4.960000 1.800000 20.620000 -2.556058
Car 0.000000 2.000000 -2.330000 497.467403 172.557626 558.771377 202.859987 1.800000 1.630000 3.790000 -4.600000 1.780000 44.710000 -2.432525
Van 0.000000 3.000000 -1.670000 636.510145 165.379761 675.547953 203.421885 2.380000 2.080000 5.750000 3.490000 1.910000 48.040000 -1.597480
Car 0.000000 2.000000 -1.550000 581.076024 178.429525 615.770878 209.902494 1.520000 1.670000 3.610000 -0.060000 1.820000 37.310000 -1.551608
Van 0.000000 3.000000 -2.370000 385.129994 169.916700 520.654825 231.945165 1.850000 1.670000 4.420000 -4.660000 1.760000 23.420000 -2.566410
Car 0.690000 3.000000 2.210000 -313.220126 182.113901 120.397359 330.571791 1.450000 1.640000 4.440000 -8.240000 1.600000 9.600000 1.500688
Car 0.000000 2.000000 2.040000 98.128476 176.638282 266.179021 255.939579 1.500000 1.540000 3.740000 -8.620000 1.590000 15.720000 1.538427
Pedestrian 0.000000 3.000000 -1.140000 -14.820411 164.199613 32.795493 235.787558 1.800000 0.800000 0.500000 -14.900000 1.580000 18.480000 -1.818557
Pedestrian 0.000000 2.000000 -0.980000 153.625062 174.521586 182.553201 215.542593 1.500000 0.730000 0.550000 -15.860000 1.560000 26.700000 -1.516002
Truck 0.000000 3.000000 1.940000 260.950750 142.317940 366.468662 205.615896 2.980000 2.460000 7.500000 -14.720000 1.540000 37.720000 1.567932
DontCare -1.000000 -1.000000 -10.000000 971.020000 175.020000 984.600000 204.230000 -1.000000 -1.000000 -1.000000 -1000.000000 -1000.000000 -1000.000000 -9.214602
DontCare -1.000000 -1.000000 -10.000000 1040.800000 171.900000 1212.720000 197.980000 -1.000000 -1.000000 -1.000000 -1000.000000 -1000.000000 -1000.000000 -9.214602
