Car 0.790000 0.000000 -2.350000 -491.446189 166.006168 74.094273 358.460490 1.900000 1.780000 4.250000 -8.280000 1.830000 8.030000 -3.150725
Car 0.000000 0.000000 0.280000 311.719942 178.692207 426.522034 221.658667 1.520000 1.640000 3.700000 -8.330000 1.740000 26.620000 -0.023270
Cyclist 0.000000 0.000000 -2.130000 1001.381439 144.836284 1081.693016 241.484801 1.820000 0.510000 1.850000 9.110000 1.290000 14.510000 -1.569359
Cyclist 0.000000 0.000000 -1.930000 905.755873 154.042992 948.165736 222.124964 1.620000 0.430000 1.700000 8.380000 1.170000 18.030000 -1.494922
Cyclist 0.000000 2.000000 -1.670000 874.773710 161.984989 894.139623 214.140013 1.620000 0.440000 1.790000 9.350000 1.280000 23.330000 -1.288829
Car 0.000000 0.000000 1.570000 850.580649 161.491921 873.780354 181.041421 1.510000 1.700000 4.450000 20.830000 0.630000 58.110000 1.914190
DontCare -1.000000 -1.000000 -10.000000 540.810000 168.770000 574.180000 180.270000 -1.000000 -1.000000 -1.000000 -1000.000000 -1000.000000 -1000.000000 -9.214602
DontCare -1.000000 -1.000000 -10.000000 596.020000 169.810000 611.690000 187.560000 -1.000000 -1.000000 -1.000000 -1000.000000 -1000.000000 -1000.000000 -9.214602
DontCare -1.000000 -1.000000 -10.000000 721.020000 160.440000 847.100000 179.230000 -1.000000 -1.000000 -1.000000 -1000.000000 -1000.000000 -1000.000000 -9.214602
DontCare -1.000000 -1.000000 -10.000000 976.230000 150.020000 1018.980000 170.900000 -1.000000 -1.000000 -1.000000 -1000.000000 -1000.000000 -1000.000000 -9.214602
DontCare -1.000000 -1.000000 -10.000000 389.770000 182.310000 460.640000 206.310000 -1.000000 -1.000000 -1.000000 -1000.000000 -1000.000000 -1000.000000 -9.214602
