Car 1.000000 0.000000 2.530000 0.000000 224.390000 149.390000 374.000000 1.440000 1.510000 3.770000 -3.250000 1.700000 1.970000 1.504136
Car 0.480000 0.000000 2.050000 -172.441352 226.691996 328.498453 458.993129 1.140000 1.680000 3.850000 -3.560000 1.760000 6.390000 1.541706
Car 0.210000 0.000000 -1.940000 731.669788 185.937778 1103.135104 426.502609 1.430000 1.680000 4.390000 2.780000 1.590000 6.740000 -1.548796
Car 0.000000 2.000000 -0.490000 848.551174 170.030398 1095.576554 242.574953 1.480000 1.750000 4.470000 8.170000 1.420000 15.610000 -0.007822
Car 0.000000 0.000000 1.790000 400.791986 180.289477 491.538404 241.575244 1.460000 1.500000 3.880000 -3.850000 1.680000 19.620000 1.596234
Car 0.000000 0.000000 -1.740000 662.138732 179.139924 737.682639 239.771856 1.460000 1.550000 3.190000 2.810000 1.640000 19.320000 -1.595568
Van 0.000000 2.000000 1.710000 439.039145 161.476735 512.261924 226.697836 2.050000 1.790000 4.470000 -4.040000 1.690000 24.930000 1.549343
Car 0.000000 2.000000 -1.690000 645.126353 177.843512 709.430697 226.284567 1.440000 1.690000 4.450000 2.640000 1.620000 24.140000 -1.581071
Van 0.000000 2.000000 -2.780000 261.622396 152.818670 426.047288 211.732499 2.610000 2.210000 6.750000 -11.620000 1.720000 33.150000 -3.117145
Van 0.000000 0.000000 -1.550000 593.147854 165.820788 618.360487 192.725008 1.980000 1.800000 4.540000 0.220000 1.460000 55.390000 -1.546028
Van 0.000000 2.000000 -0.250000 726.978950 150.552765 830.338604 189.900793 2.660000 2.130000 6.640000 12.090000 1.150000 49.880000 -0.012204
DontCare -1.000000 -1.000000 -10.000000 560.600000 167.730000 580.430000 185.480000 -1.000000 -1.000000 -1.000000 -1000.000000 -1000.000000 -1000.000000 -9.214602
DontCare -1.000000 -1.000000 -10.000000 647.060000 155.230000 667.930000 180.270000 -1.000000 -1.000000 -1.000000 -1000.000000 -1000.000000 -1000.000000 -9.214602
