Car 0.560000 0.000000 -2.980000 -157.780300 193.790657 75.664513 303.537478 1.430000 1.570000 2.430000 -9.410000 1.790000 11.190000 -3.679204
Car 0.000000 1.000000 -2.970000 -16.136831 183.184344 237.472360 271.342269 1.480000 1.740000 3.770000 -8.940000 1.700000 14.000000 -3.538299
Car 0.000000 0.000000 1.870000 332.419296 178.694140 403.408295 225.246549 1.550000 1.540000 3.060000 -8.140000 1.770000 25.940000 1.565930
Car 0.000000 2.000000 1.770000 365.389543 178.142287 428.996953 216.005651 1.470000 1.720000 4.330000 -8.510000 1.710000 30.850000 1.500843
Car 0.000000 1.000000 1.730000 407.975933 181.484398 454.340231 209.957291 1.310000 1.600000 4.090000 -8.500000 1.770000 36.560000 1.501564
Car 0.000000 1.000000 2.010000 425.886670 176.227606 477.158194 201.410103 1.430000 1.580000 3.660000 -8.990000 1.640000 43.460000 1.806020
Car 0.000000 0.000000 -1.510000 644.702238 173.940418 669.386578 193.400842 1.370000 1.560000 3.540000 3.980000 1.450000 52.860000 -1.434849
Pedestrian 0.000000 0.000000 3.140000 230.118313 181.858344 262.130954 259.408059 1.560000 0.620000 0.580000 -7.080000 1.750000 15.010000 2.699259
Pedestrian 0.000000 2.000000 2.180000 231.137597 204.597711 259.961679 259.340567 1.140000 0.400000 0.390000 -7.350000 1.830000 15.510000 1.737459
DontCare -1.000000 -1.000000 -10.000000 813.730000 142.730000 1240.000000 210.480000 -1.000000 -1.000000 -1.000000 -1000.000000 -1000.000000 -1000.000000 -9.214602
DontCare -1.000000 -1.000000 -10.000000 318.940000 178.150000 383.560000 213.610000 -1.000000 -1.000000 -1.000000 -1000.000000 -1000.000000 -1000.000000 -9.214602
DontCare -1.000000 -1.000000 -10.000000 544.980000 177.100000 574.190000 191.720000 -1.000000 -1.000000 -1.000000 -1000.000000 -1000.000000 -1000.000000 -9.214602
DontCare -1.000000 -1.000000 -10.000000 675.190000 167.730000 701.270000 184.440000 -1.000000 -1.000000 -1.000000 -1000.000000 -1000.000000 -1000.000000 -9.214602
