Cyclist 0.000000 3.000000 -1.500000 1042.508131 178.285638 1095.818221 285.424285 1.810000 0.650000 1.630000 8.900000 1.770000 12.780000 -0.891694
Pedestrian 0.180000 0.000000 1.510000 -57.961486 140.414797 93.407847 419.088569 1.790000 0.790000 0.960000 -3.780000 1.530000 5.160000 0.877755
Cyclist 0.000000 3.000000 1.960000 704.924659 179.083350 800.612207 317.176782 1.700000 0.600000 1.700000 2.520000 1.680000 9.560000 2.217736
Cyclist 0.000000 3.000000 1.780000 917.126301 188.790467 955.336474 252.829645 1.700000 0.600000 1.700000 9.810000 1.940000 19.840000 2.239202
Pedestrian 0.000000 1.000000 1.400000 533.895371 173.944556 550.539608 217.173807 1.960000 0.690000 0.500000 -2.360000 1.660000 32.380000 1.327244
Pedestrian 0.000000 1.000000 -1.990000 547.724513 177.429102 566.455303 214.353462 1.650000 0.580000 0.800000 -1.660000 1.510000 32.080000 -2.041700
Cyclist 0.000000 1.000000 -0.740000 816.023144 186.342943 854.502094 225.898411 1.830000 0.690000 1.710000 11.450000 2.110000 33.560000 -0.411204
Pedestrian 0.000000 1.000000 0.050000 889.642144 183.171568 907.450757 222.943210 1.770000 0.730000 0.700000 13.810000 1.890000 32.010000 0.457302
Pedestrian 0.000000 1.000000 3.030000 914.457402 192.687978 937.646438 233.150195 1.760000 0.770000 0.870000 14.840000 2.310000 31.560000 3.469537
DontCare -1.000000 -1.000000 -10.000000 152.600000 165.490000 202.990000 197.380000 -1.000000 -1.000000 -1.000000 -1000.000000 -1000.000000 -1000.000000 -9.214602
DontCare -1.000000 -1.000000 -10.000000 977.900000 191.180000 1004.650000 228.210000 -1.000000 -1.000000 -1.000000 -1000.000000 -1000.000000 -1000.000000 -9.214602
DontCare -1.000000 -1.000000 -10.000000 686.010000 182.960000 705.570000 221.020000 -1.000000 -1.000000 -1.000000 -1000.000000 -1000.000000 -1000.000000 -9.214602
