Car 0.000000 0.000000 -1.570000 532.040543 172.381095 634.583458 269.386890 1.560000 1.650000 3.690000 0.060000 1.550000 13.450000 -1.565539
Car 0.050000 0.000000 -1.310000 855.143027 173.875751 1192.348642 385.059626 1.450000 1.620000 3.880000 4.570000 1.460000 6.860000 -0.722334
Car 0.000000 2.000000 -1.070000 743.073469 160.857318 1013.697950 295.117605 1.540000 1.730000 4.040000 4.380000 1.400000 10.200000 -0.664398
Car 0.000000 2.000000 -1.050000 734.002268 174.352891 916.607113 258.412305 1.380000 1.560000 3.800000 4.670000 1.410000 13.750000 -0.722587
Car 0.880000 0.000000 2.290000 -387.226661 178.510715 34.667799 319.231408 1.490000 1.610000 3.900000 -9.610000 1.580000 9.790000 1.513880
Car 0.000000 1.000000 2.010000 -21.349671 170.730214 186.274776 259.397729 1.570000 1.710000 4.320000 -10.190000 1.530000 15.040000 1.414517
Van 0.000000 1.000000 1.680000 524.438923 168.695033 551.596645 190.369450 2.020000 1.990000 5.560000 -6.420000 1.630000 70.040000 1.588594
Pedestrian 0.000000 1.000000 -0.860000 689.020589 166.926998 718.437161 213.748035 1.640000 0.630000 0.860000 3.840000 1.430000 25.790000 -0.712191
Pedestrian 0.000000 2.000000 2.690000 935.696070 161.354215 949.486529 204.935436 1.810000 0.510000 0.340000 14.420000 1.330000 30.220000 3.135215
Pedestrian 0.000000 2.000000 2.290000 928.010527 166.486533 936.576436 197.665217 1.800000 0.430000 0.200000 19.210000 1.430000 41.890000 2.719968
DontCare -1.000000 -1.000000 -10.000000 475.190000 172.940000 499.190000 191.730000 -1.000000 -1.000000 -1.000000 -1000.000000 -1000.000000 -1000.000000 -9.214602
