Car 0.000000 0.000000 -1.570000 569.416936 182.538446 622.726222 226.878441 1.360000 1.690000 3.380000 0.050000 1.710000 24.560000 -1.567964
Car 0.250000 3.000000 -1.750000 -99.335383 185.510196 186.629563 400.642698 1.400000 1.570000 3.830000 -5.010000 1.550000 6.800000 -2.384977
Van 0.000000 3.000000 -1.950000 99.584496 104.139257 390.316703 331.608457 2.210000 1.820000 4.690000 -4.400000 1.540000 9.270000 -2.393162
Car 0.000000 2.000000 -2.260000 300.068036 183.261407 466.405429 252.767945 1.420000 1.610000 4.030000 -4.940000 1.690000 17.080000 -2.541544
Car 0.000000 2.000000 -2.300000 415.881587 173.896884 524.369894 224.067217 1.760000 1.740000 4.160000 -4.860000 1.800000 27.360000 -2.475798
Car 0.000000 2.000000 -2.320000 486.609376 170.329590 552.937860 203.351185 1.800000 1.630000 3.790000 -4.680000 1.660000 41.180000 -2.433162
Van 0.000000 3.000000 -1.670000 637.785737 161.628325 679.875171 202.883573 2.380000 2.080000 5.750000 3.430000 1.730000 44.520000 -1.593108
Car 0.000000 2.000000 -1.550000 581.002775 178.775617 615.554715 210.151237 1.520000 1.670000 3.610000 -0.070000 1.840000 37.460000 -1.551869
Van 0.000000 3.000000 -2.340000 346.618002 166.137077 504.993792 240.277494 1.850000 1.670000 4.420000 -4.650000 1.680000 19.900000 -2.569550
Car 0.100000 3.000000 2.140000 -59.671746 176.006976 189.170925 280.353754 1.500000 1.540000 3.740000 -8.550000 1.560000 12.380000 1.535590
Truck 0.000000 3.000000 1.970000 219.276821 139.910602 342.235795 210.659355 2.980000 2.460000 7.500000 -14.770000 1.590000 34.150000 1.561791
DontCare -1.000000 -1.000000 -10.000000 999.200000 176.360000 1239.950000 211.480000 -1.000000 -1.000000 -1.000000 -1000.000000 -1000.000000 -1000.000000 -9.214602
