Car 0.100000 1.000000 0.890000 1082.227225 185.909859 1220.624073 236.129609 1.570000 1.710000 3.940000 19.260000 1.770000 24.510000 1.556023
Car 0.000000 1.000000 -2.290000 1017.783772 184.178930 1140.397158 232.055747 1.470000 1.620000 3.360000 16.290000 1.600000 23.740000 -1.688607
Car 0.000000 1.000000 -2.160000 938.487652 182.471458 1051.772642 233.965023 1.620000 1.720000 3.580000 13.740000 1.690000 24.230000 -1.644149
Car 0.000000 0.000000 -1.640000 593.063845 172.525642 625.872242 202.440112 1.490000 1.530000 3.180000 0.720000 1.090000 36.840000 -1.620459
Cyclist 0.590000 0.000000 2.250000 -201.436064 171.004540 148.448591 498.931217 1.640000 0.590000 1.730000 -3.250000 1.590000 4.410000 1.614896
Pedestrian 0.000000 0.000000 0.670000 738.812635 156.784669 823.316512 293.321130 1.770000 0.650000 0.930000 2.900000 1.460000 9.730000 0.959664
Pedestrian 0.000000 0.000000 0.730000 781.540044 165.995808 861.394782 285.743075 1.630000 0.660000 0.890000 3.590000 1.430000 10.170000 1.069344
Pedestrian 0.000000 0.000000 1.100000 449.525099 159.252496 518.368386 260.027962 1.790000 0.940000 0.990000 -1.780000 1.410000 13.230000 0.966260
Pedestrian 0.000000 0.000000 1.390000 261.491337 155.430023 304.975664 233.443353 1.890000 0.840000 1.060000 -7.610000 1.280000 17.800000 0.985990
Pedestrian 0.000000 0.000000 1.300000 296.646865 162.629415 344.044412 233.335870 1.770000 0.900000 1.110000 -6.920000 1.320000 18.410000 0.940456
Pedestrian 0.000000 0.000000 1.620000 188.416404 154.566816 224.144242 223.988999 1.840000 0.780000 1.120000 -10.430000 1.150000 19.410000 1.126919
Pedestrian 0.000000 0.000000 1.580000 222.417512 154.948847 253.664955 223.348606 1.840000 0.740000 1.160000 -9.710000 1.150000 19.700000 1.122054
Pedestrian 0.000000 1.000000 1.550000 258.514906 159.817480 284.909625 221.791414 1.700000 0.660000 1.100000 -8.940000 1.130000 20.030000 1.130202
DontCare -1.000000 -1.000000 -10.000000 363.290000 162.400000 398.260000 192.230000 -1.000000 -1.000000 -1.000000 -1000.000000 -1000.000000 -1000.000000 -9.214602
DontCare -1.000000 -1.000000 -10.000000 555.490000 169.600000 562.710000 184.020000 -1.000000 -1.000000 -1.000000 -1000.000000 -1000.000000 -1000.000000 -9.214602
