Car 0.000000 0.000000 -1.570000 587.895689 177.103692 611.719956 199.929201 1.540000 1.630000 3.670000 -0.200000 1.850000 51.200000 -1.573906
Car 1.000000 0.000000 -2.730000 1109.380000 204.350000 1241.000000 374.000000 1.490000 1.600000 3.810000 2.840000 1.600000 1.030000 -1.507126
Car 0.000000 0.000000 1.670000 504.276830 179.900980 550.688499 216.329285 1.450000 1.590000 3.590000 -3.020000 1.770000 31.210000 1.573536
Car 0.000000 0.000000 -1.850000 707.821122 182.896523 863.717542 300.720856 1.480000 1.470000 3.700000 3.020000 1.660000 11.240000 -1.587516
Car 0.000000 2.000000 -1.770000 668.119798 176.606126 774.651664 263.185358 1.640000 1.640000 3.890000 2.780000 1.730000 15.800000 -1.595833
Car 0.000000 2.000000 -1.780000 659.710564 174.304820 728.336847 241.006215 1.690000 1.390000 2.650000 2.720000 1.730000 19.710000 -1.642865
Car 0.000000 1.000000 -1.700000 641.045094 178.678588 690.762262 218.968195 1.500000 1.590000 3.790000 2.700000 1.750000 29.340000 -1.608234
Car 0.000000 2.000000 -1.610000 629.449143 176.600663 656.789171 202.206993 1.490000 1.570000 4.070000 2.510000 1.730000 44.630000 -1.553819
Car 0.000000 2.000000 -1.660000 636.757773 176.474764 676.071686 211.665817 1.570000 1.590000 3.750000 2.660000 1.750000 34.460000 -1.582962
Car 0.000000 1.000000 0.180000 390.379784 183.246740 453.236693 206.288932 1.520000 1.510000 3.940000 -12.310000 2.240000 49.270000 -0.064835
Car 0.000000 1.000000 0.360000 304.628715 183.139077 375.387159 207.051031 1.580000 1.560000 4.240000 -17.860000 2.290000 49.170000 0.011588
Pedestrian 0.000000 2.000000 -1.790000 739.103948 161.199121 768.890471 227.986100 1.820000 0.690000 0.680000 4.470000 1.500000 20.000000 -1.570114
