Car 0.660000 3.000000 1.900000 1108.143093 138.929983 1373.958336 280.715829 1.620000 1.530000 3.650000 9.070000 1.230000 9.780000 2.647750
Car 0.050000 1.000000 2.000000 997.683441 156.730275 1223.840943 253.757181 1.490000 1.650000 4.120000 9.410000 1.240000 12.800000 2.633933
Car 0.000000 1.000000 2.080000 919.174307 160.640143 1087.509861 236.718115 1.480000 1.570000 3.640000 9.040000 1.240000 15.640000 2.604090
Car 1.000000 0.000000 -2.400000 922.523357 183.216925 8849.042824 4388.681352 1.580000 1.680000 3.930000 3.020000 1.640000 2.310000 -1.482173
Car 0.000000 1.000000 -1.870000 748.260255 188.831118 1000.007457 358.748997 1.360000 1.650000 3.800000 3.100000 1.580000 8.090000 -1.504069
Car 0.240000 0.000000 2.100000 -100.363621 180.397679 362.002272 425.932639 1.580000 1.540000 3.980000 -3.420000 1.670000 6.800000 1.634002
Van 0.000000 1.000000 1.890000 267.505791 141.786574 468.564009 282.355122 1.980000 1.790000 4.390000 -3.380000 1.540000 12.400000 1.623884
Car 0.000000 2.000000 2.130000 870.917254 158.922961 1009.403906 221.007835 1.460000 1.490000 3.630000 9.010000 1.130000 18.560000 2.581942
Car 0.000000 1.000000 2.820000 785.277624 153.062629 927.781431 212.687267 1.710000 1.670000 3.700000 7.770000 1.140000 21.570000 3.165753
Van 0.000000 2.000000 2.820000 767.806466 151.551936 940.418318 209.174898 1.860000 1.850000 5.180000 8.580000 1.170000 24.260000 3.159939
Car 0.000000 2.000000 1.750000 400.485116 171.562859 506.954428 248.268853 1.640000 1.630000 4.510000 -3.180000 1.610000 17.680000 1.572039
Car 0.000000 2.000000 1.730000 455.677136 168.506515 531.471893 223.018290 1.600000 1.660000 4.330000 -3.170000 1.470000 23.360000 1.595122
Truck 0.000000 3.000000 -1.440000 597.198142 123.555417 685.569940 205.117084 3.520000 2.890000 10.810000 2.400000 1.390000 36.720000 -1.374733
