Car 0.000000 0.000000 -1.580000 544.455616 180.898130 602.524021 228.961841 1.360000 1.690000 3.380000 -0.640000 1.630000 22.710000 -1.608174
Car 0.900000 3.000000 -1.020000 -859.902361 220.821773 322.331442 800.920955 1.250000 1.740000 3.660000 -2.540000 1.620000 3.730000 -1.617836
Car 0.000000 1.000000 -1.330000 214.892887 189.547727 441.536083 345.022994 1.460000 1.590000 3.650000 -2.760000 1.710000 9.040000 -1.626321
Car 0.000000 2.000000 -1.360000 355.045293 190.584374 483.398234 278.235542 1.400000 1.600000 3.350000 -3.040000 1.780000 13.880000 -1.575616
Car 0.000000 2.000000 1.050000 229.955022 188.798923 375.467404 262.775470 1.370000 1.520000 3.300000 -6.240000 1.750000 15.680000 0.671254
Car 0.000000 0.000000 -1.470000 512.791570 179.634537 551.079730 207.083898 1.300000 1.550000 3.510000 -3.440000 1.660000 36.800000 -1.563207
Car 0.870000 3.000000 -2.090000 766.591520 212.733243 1605.681081 746.634863 1.320000 1.700000 4.040000 2.590000 1.660000 4.140000 -1.530967
Car 0.000000 1.000000 -1.850000 692.705582 178.474181 858.348773 313.725685 1.560000 1.480000 3.360000 2.620000 1.650000 10.160000 -1.597624
Car 0.000000 0.000000 -1.690000 622.762728 181.306766 671.816776 220.193748 1.380000 1.550000 3.600000 1.890000 1.730000 28.240000 -1.623173
Truck 0.000000 3.000000 -1.660000 614.717995 135.068045 674.469308 205.958092 3.410000 2.570000 7.870000 2.190000 1.590000 38.680000 -1.603442
Pedestrian 0.000000 2.000000 2.700000 692.632833 168.249780 712.802305 207.726237 1.780000 0.780000 0.650000 4.730000 1.570000 33.000000 2.842364
Car 0.000000 2.000000 2.080000 135.698985 182.072564 240.265028 221.236816 1.350000 1.660000 4.090000 -15.670000 1.730000 27.880000 1.567951
Car 0.000000 2.000000 -1.600000 562.329299 176.826445 598.745948 210.441669 1.520000 1.670000 3.610000 -0.960000 1.720000 34.910000 -1.627492
Car 0.600000 3.000000 2.250000 -126.481646 188.904432 59.518169 252.747570 1.360000 1.540000 3.570000 -15.410000 1.800000 18.080000 1.544159
DontCare -1.000000 -1.000000 -10.000000 399.150000 168.770000 514.820000 201.100000 -1.000000 -1.000000 -1.000000 -1000.000000 -1000.000000 -1000.000000 -9.214602
