Car 0.250000 0.000000 2.020000 -110.641089 191.846587 305.606882 407.021690 1.580000 1.760000 4.180000 -4.460000 1.840000 7.820000 1.501681
Car 0.090000 0.000000 -0.560000 966.231348 122.271455 1240.256676 214.895172 1.900000 1.780000 4.720000 11.100000 0.860000 15.810000 0.052125
Car 0.370000 3.000000 -2.250000 1141.647636 129.438955 1273.670928 185.756912 1.800000 1.650000 3.550000 20.910000 0.410000 24.850000 -1.550491
Car 0.000000 1.000000 1.800000 386.351616 184.207893 483.029260 243.790703 1.420000 1.670000 3.800000 -4.210000 1.760000 19.840000 1.590904
Car 0.000000 1.000000 1.880000 260.640906 184.469502 434.127071 283.809812 1.550000 1.710000 4.500000 -4.360000 1.810000 14.040000 1.578901
Car 0.000000 1.000000 1.400000 700.881335 170.755030 769.382132 217.326352 1.500000 1.710000 4.440000 4.800000 1.430000 25.470000 1.586272
Car 0.000000 1.000000 1.760000 449.941585 179.636089 515.696521 226.439394 1.540000 1.630000 3.590000 -4.030000 1.800000 26.090000 1.606746
Car 0.000000 1.000000 1.690000 495.315232 181.738701 538.670588 216.208878 1.420000 1.460000 3.630000 -3.640000 1.840000 32.480000 1.578397
Car 0.000000 0.000000 -1.460000 624.497293 176.051844 666.859828 209.075948 1.580000 1.710000 3.750000 2.370000 1.750000 36.900000 -1.395860
Car 0.000000 1.000000 -0.130000 694.994703 172.662270 804.747365 210.226500 1.490000 1.570000 4.260000 6.150000 1.480000 29.560000 0.075125
Car 0.000000 1.000000 -0.980000 665.969559 174.124541 715.552960 200.994757 1.610000 1.600000 3.110000 5.570000 1.690000 45.090000 -0.857092
Car 0.000000 2.000000 -0.540000 657.107798 167.598122 701.956697 183.827058 1.660000 1.650000 4.450000 7.800000 1.120000 75.490000 -0.437040
Car 0.000000 0.000000 -0.350000 571.242624 169.801030 616.144831 183.066244 1.380000 1.600000 4.490000 -1.210000 1.060000 76.610000 -0.365793
Car 0.000000 2.000000 -0.180000 465.438677 172.491460 503.581162 184.928004 1.290000 1.470000 3.770000 -12.730000 1.250000 76.170000 -0.345596
DontCare -1.000000 -1.000000 -10.000000 532.480000 179.190000 568.980000 197.980000 -1.000000 -1.000000 -1.000000 -1000.000000 -1000.000000 -1000.000000 -9.214602
