Car 0.000000 0.000000 -1.570000 589.350456 178.045332 613.121176 200.888971 1.540000 1.630000 3.670000 -0.100000 1.920000 51.310000 -1.571949
Car 1.000000 0.000000 -2.470000 903.717681 189.486316 16806.964216 8494.017150 1.490000 1.600000 3.810000 2.830000 1.580000 2.070000 -1.530726
Car 0.000000 0.000000 1.660000 512.014329 181.147632 554.768274 215.396302 1.450000 1.590000 3.590000 -2.980000 1.850000 33.210000 1.570508
Car 0.000000 0.000000 -1.830000 701.295817 183.148959 838.976936 288.903345 1.480000 1.470000 3.700000 3.040000 1.680000 12.320000 -1.588079
Car 0.000000 2.000000 -1.760000 665.964105 176.774076 764.113143 257.125899 1.640000 1.640000 3.890000 2.810000 1.740000 16.880000 -1.595043
Car 0.000000 2.000000 -1.780000 658.013188 174.559409 723.112300 237.598957 1.690000 1.390000 2.650000 2.750000 1.740000 20.790000 -1.648488
Car 0.000000 1.000000 -1.700000 641.043595 179.153088 689.026593 217.982040 1.500000 1.590000 3.790000 2.750000 1.780000 30.420000 -1.609844
Car 0.000000 2.000000 -1.610000 629.905326 176.818089 656.612993 201.811460 1.490000 1.570000 4.070000 2.570000 1.750000 45.710000 -1.553835
Car 0.000000 1.000000 0.170000 395.853449 183.162888 457.126988 205.696819 1.520000 1.510000 3.940000 -12.270000 2.250000 50.370000 -0.068944
Car 0.000000 1.000000 0.350000 312.127525 183.342271 381.139685 206.725183 1.580000 1.560000 4.240000 -17.810000 2.320000 50.270000 0.009511
Pedestrian 0.000000 2.000000 -1.780000 736.031425 161.357571 764.335365 225.225642 1.820000 0.690000 0.680000 4.540000 1.490000 20.900000 -1.566098
