Car 0.000000 0.000000 -1.570000 525.164231 173.486297 639.076388 281.515259 1.560000 1.650000 3.690000 0.090000 1.570000 12.290000 -1.562677
Car 0.400000 0.000000 -1.310000 847.789140 158.663676 1277.244136 440.257523 1.540000 1.730000 4.040000 4.340000 1.460000 5.880000 -0.674162
Car 0.000000 2.000000 -1.190000 792.359525 175.542770 1040.080545 306.685757 1.380000 1.560000 3.800000 4.640000 1.420000 9.520000 -0.736487
Car 0.830000 1.000000 2.170000 -328.413407 172.220094 49.753731 303.085057 1.570000 1.710000 4.320000 -10.270000 1.560000 10.920000 1.415267
Van 0.000000 0.000000 1.690000 502.392045 171.396166 537.254642 198.763152 2.020000 1.990000 5.560000 -6.430000 1.910000 56.040000 1.575760
Pedestrian 0.000000 0.000000 -0.810000 738.910145 165.711278 773.389482 219.543048 1.640000 0.630000 0.860000 5.040000 1.420000 22.480000 -0.589448
Pedestrian 0.000000 2.000000 2.620000 988.930706 161.412700 1006.128829 212.218630 1.810000 0.510000 0.340000 14.430000 1.400000 25.960000 3.127327
Pedestrian 0.000000 2.000000 2.180000 966.305770 169.607984 976.343080 204.468689 1.800000 0.430000 0.200000 19.270000 1.630000 37.490000 2.654788
Car 0.000000 2.000000 0.480000 72.649816 189.607106 162.466858 219.319856 1.430000 1.450000 3.500000 -24.470000 2.300000 36.660000 -0.108569
DontCare -1.000000 -1.000000 -10.000000 463.730000 179.190000 491.900000 197.980000 -1.000000 -1.000000 -1.000000 -1000.000000 -1000.000000 -1000.000000 -9.214602
