Car 0.520000 1.000000 -2.470000 -230.813558 198.101779 143.836916 319.745720 1.490000 1.640000 3.700000 -8.410000 1.870000 10.060000 -3.166301
Car 0.000000 3.000000 -2.610000 -33.529810 191.057269 257.450213 286.027750 1.520000 1.550000 4.020000 -8.130000 1.860000 12.720000 -3.178711
Car 0.000000 1.000000 -2.800000 279.431779 174.921663 424.425481 233.666707 1.900000 1.780000 4.250000 -8.130000 1.970000 24.330000 -3.122490
Car 0.000000 0.000000 0.170000 439.031150 181.138944 506.363194 207.521926 1.520000 1.640000 3.700000 -7.630000 2.020000 42.920000 -0.005935
Misc 0.000000 2.000000 0.480000 176.976167 190.284009 272.601687 255.303596 1.520000 0.790000 1.900000 -8.830000 1.950000 17.490000 0.012472
Cyclist 0.000000 0.000000 -1.900000 831.392867 162.159245 863.380178 216.589279 1.820000 0.510000 1.850000 8.710000 1.460000 25.050000 -1.565372
Cyclist 0.000000 0.000000 -1.850000 796.911797 169.118636 818.821720 210.115135 1.620000 0.430000 1.700000 8.530000 1.470000 29.360000 -1.567253
Cyclist 0.000000 3.000000 -1.810000 777.365524 170.334122 795.220059 205.045248 1.620000 0.440000 1.790000 8.930000 1.500000 34.570000 -1.557210
DontCare -1.000000 -1.000000 -10.000000 606.440000 173.980000 628.360000 195.900000 -1.000000 -1.000000 -1.000000 -1000.000000 -1000.000000 -1000.000000 -9.214602
DontCare -1.000000 -1.000000 -10.000000 909.560000 165.650000 1065.850000 186.530000 -1.000000 -1.000000 -1.000000 -1000.000000 -1000.000000 -1000.000000 -9.214602
