Cyclist 0.620000 0.000000 2.270000 -202.477985 165.713018 52.898456 385.130277 1.770000 0.590000 1.920000 -5.790000 1.710000 6.780000 1.563199
Van 0.000000 0.000000 -1.210000 382.967349 144.319999 517.942501 239.484266 2.460000 2.030000 5.350000 -4.030000 1.720000 21.460000 -1.395629
Cyclist 0.000000 0.000000 -1.040000 629.235980 171.689418 673.721908 228.052599 1.820000 0.590000 1.890000 1.900000 1.780000 24.240000 -0.961777
Pedestrian 0.000000 0.000000 2.530000 1018.178817 163.289807 1066.509094 253.220829 1.670000 0.500000 0.610000 8.660000 1.490000 13.660000 3.095022
Pedestrian 0.000000 0.000000 -2.010000 919.207779 164.469130 961.151441 240.002450 1.690000 0.590000 0.830000 8.050000 1.500000 16.560000 -1.557525
Person_sitting 0.000000 0.000000 2.800000 826.353367 179.273713 880.958950 233.984137 1.340000 0.510000 1.190000 6.550000 1.500000 17.990000 3.149173
Person_sitting 0.000000 0.000000 2.840000 814.959341 183.539494 870.110427 231.188590 1.260000 0.500000 1.330000 6.750000 1.550000 19.470000 3.173721
Car 0.000000 1.000000 -2.650000 311.843601 182.363817 406.450949 214.674774 1.440000 1.620000 3.910000 -11.280000 1.900000 33.950000 -2.970778
DontCare -1.000000 -1.000000 -10.000000 126.230000 181.270000 205.440000 212.560000 -1.000000 -1.000000 -1.000000 -1000.000000 -1000.000000 -1000.000000 -9.214602
DontCare -1.000000 -1.000000 -10.000000 274.150000 160.440000 307.520000 217.770000 -1.000000 -1.000000 -1.000000 -1000.000000 -1000.000000 -1000.000000 -9.214602
