Car 0.000000 0.000000 -1.570000 565.506448 180.719868 619.649313 225.473045 1.360000 1.690000 3.380000 -0.060000 1.640000 24.210000 -1.572478
Car 0.000000 3.000000 -2.040000 -31.803781 183.103843 298.192366 345.186883 1.420000 1.610000 4.030000 -5.080000 1.560000 8.280000 -2.590306
Car 0.000000 1.000000 -2.220000 322.994083 166.480507 478.049151 242.476213 1.760000 1.740000 4.160000 -5.000000 1.610000 18.670000 -2.481669
Car 0.000000 2.000000 -2.100000 379.266451 165.396533 488.817172 231.132726 1.830000 1.640000 3.710000 -4.940000 1.620000 22.000000 -2.320882
Car 0.000000 2.000000 -2.280000 447.999339 170.547946 531.117503 213.075432 1.800000 1.630000 3.790000 -4.950000 1.700000 32.390000 -2.431652
Van 0.000000 3.000000 -1.680000 639.338766 157.138266 692.609695 209.260877 2.380000 2.080000 5.750000 3.170000 1.660000 35.840000 -1.591781
Car 0.000000 2.000000 -1.550000 574.492381 177.717761 609.386127 209.287230 1.520000 1.670000 3.610000 -0.390000 1.780000 37.110000 -1.560509
Van 0.000000 3.000000 -2.180000 141.268338 153.587641 413.369637 297.537725 1.850000 1.670000 4.420000 -4.750000 1.600000 11.150000 -2.582725
Truck 0.000000 3.000000 2.090000 53.649547 126.863352 256.750918 227.076591 2.980000 2.460000 7.500000 -14.880000 1.610000 25.220000 1.556960
DontCare -1.000000 -1.000000 -10.000000 1173.100000 181.270000 1189.810000 229.230000 -1.000000 -1.000000 -1.000000 -1000.000000 -1000.000000 -1000.000000 -9.214602
DontCare -1.000000 -1.000000 -10.000000 528.310000 172.940000 576.270000 192.770000 -1.000000 -1.000000 -1.000000 -1000.000000 -1000.000000 -1000.000000 -9.214602
