Car 0.000000 0.000000 -1.580000 447.977919 165.113649 666.822086 373.386153 1.550000 1.630000 3.320000 0.090000 1.490000 7.030000 -1.567198
Car 0.000000 2.000000 1.840000 370.124365 184.959709 410.518505 205.294058 1.370000 1.820000 3.960000 -15.570000 2.290000 52.980000 1.554163
Car 0.000000 1.000000 1.920000 326.706517 187.856431 366.659024 208.433228 1.380000 1.790000 2.940000 -18.440000 2.490000 52.020000 1.579341
Car 0.000000 0.000000 1.800000 417.194511 181.387043 456.253150 201.887399 1.400000 1.750000 4.750000 -12.310000 2.060000 53.630000 1.574373
Car 0.000000 1.000000 2.670000 934.906068 175.440092 1071.325753 218.629287 1.590000 1.730000 4.260000 15.450000 1.690000 27.620000 3.180014
Car 0.520000 0.000000 -0.640000 1111.174388 169.598344 1337.087744 233.784304 1.530000 1.700000 4.130000 15.820000 1.450000 18.200000 0.075553
Car 0.000000 1.000000 -2.920000 452.452890 179.467898 553.129089 212.032460 1.420000 1.800000 4.250000 -4.360000 1.730000 32.990000 -3.051400
Car 0.000000 2.000000 2.700000 975.128118 168.715427 1081.514919 208.202889 1.790000 1.710000 3.950000 19.980000 1.600000 33.740000 3.234646
Van 0.000000 2.000000 0.490000 285.125025 172.923368 420.998992 231.736036 1.830000 1.850000 3.780000 -7.890000 1.830000 23.680000 0.168376
Van 0.000000 3.000000 0.600000 161.555955 179.649848 336.862647 249.968531 1.830000 1.850000 4.090000 -9.570000 2.030000 20.250000 0.158518
DontCare -1.000000 -1.000000 -10.000000 131.440000 195.850000 160.650000 211.520000 -1.000000 -1.000000 -1.000000 -1000.000000 -1000.000000 -1000.000000 -9.214602
