Car 0.100000 1.000000 0.870000 1079.871596 183.780310 1219.903096 233.801627 1.570000 1.710000 3.940000 19.160000 1.690000 24.450000 1.534685
Car 0.000000 1.000000 -2.260000 1018.582532 184.455964 1139.425398 232.285725 1.470000 1.620000 3.360000 16.300000 1.610000 23.760000 -1.658714
Car 0.000000 1.000000 -2.150000 939.114821 182.200858 1051.728247 233.631151 1.620000 1.720000 3.580000 13.750000 1.680000 24.230000 -1.633837
Car 0.000000 0.000000 -1.640000 592.869104 172.924986 625.686153 202.848108 1.490000 1.530000 3.180000 0.710000 1.110000 36.830000 -1.620725
Cyclist 0.850000 1.000000 -0.210000 1130.798132 152.880566 1386.001178 356.422885 1.750000 0.830000 1.700000 6.700000 1.510000 6.880000 0.562144
Pedestrian 0.000000 0.000000 -1.570000 169.984325 149.503012 190.225488 197.053028 1.990000 0.730000 0.530000 -17.510000 0.690000 30.000000 -2.098323
Pedestrian 0.000000 0.000000 2.140000 88.419323 150.005949 140.053224 225.907781 1.910000 0.660000 0.990000 -12.180000 1.140000 18.290000 1.552502
Pedestrian 0.000000 0.000000 2.110000 51.960062 146.222816 106.512334 223.384435 1.930000 0.730000 0.960000 -13.010000 1.070000 18.190000 1.489127
DontCare -1.000000 -1.000000 -10.000000 207.070000 169.600000 231.760000 196.350000 -1.000000 -1.000000 -1.000000 -1000.000000 -1000.000000 -1000.000000 -9.214602
DontCare -1.000000 -1.000000 -10.000000 422.900000 164.460000 439.370000 199.430000 -1.000000 -1.000000 -1.000000 -1000.000000 -1000.000000 -1000.000000 -9.214602
DontCare -1.000000 -1.000000 -10.000000 541.100000 168.570000 556.540000 178.880000 -1.000000 -1.000000 -1.000000 -1000.000000 -1000.000000 -1000.000000 -9.214602
