Car 0.000000 0.000000 -1.610000 561.927531 183.174283 621.346976 232.810925 1.360000 1.690000 3.380000 -0.110000 1.700000 22.210000 -1.614953
Car 0.750000 3.000000 -1.760000 -313.863644 194.376950 69.295151 457.591056 1.360000 1.570000 3.730000 -5.460000 1.580000 5.730000 -2.521274
Car 0.000000 0.000000 1.140000 169.130860 181.495821 337.032681 274.706654 1.480000 1.570000 3.480000 -6.260000 1.660000 13.500000 0.705809
Car 0.000000 0.000000 -1.360000 318.095115 192.357913 495.477548 296.262631 1.250000 1.740000 3.660000 -2.450000 1.600000 11.200000 -1.575358
Car 0.000000 2.000000 -1.470000 424.030809 183.484012 515.451252 257.564547 1.460000 1.590000 3.650000 -2.630000 1.730000 16.620000 -1.626942
Car 0.000000 2.000000 0.930000 356.213532 181.575965 457.465392 228.284882 1.370000 1.520000 3.300000 -6.130000 1.670000 23.390000 0.673687
Car 0.000000 0.000000 -1.520000 536.638953 180.694822 565.375869 203.315245 1.300000 1.550000 3.510000 -3.100000 1.800000 44.460000 -1.589613
Pedestrian 0.360000 3.000000 -2.130000 918.757101 188.925564 1107.405027 472.987681 1.540000 0.770000 0.630000 2.820000 1.640000 4.270000 -1.546333
Car 0.170000 3.000000 -1.920000 733.037611 188.423347 1066.423276 415.717074 1.460000 1.720000 3.950000 2.790000 1.650000 6.910000 -1.536254
Car 0.000000 2.000000 -1.790000 684.658087 192.323770 838.937830 298.165487 1.320000 1.700000 4.040000 2.740000 1.690000 11.770000 -1.561278
Car 0.000000 2.000000 -1.770000 665.911257 179.241833 750.070417 250.722353 1.560000 1.480000 3.360000 2.800000 1.730000 17.760000 -1.613629
Car 0.000000 0.000000 -1.660000 627.929590 183.659917 664.794507 214.180712 1.380000 1.550000 3.600000 2.250000 1.940000 35.730000 -1.597111
Truck 0.000000 3.000000 -1.630000 622.589719 146.118025 669.045042 204.276600 3.410000 2.570000 7.870000 2.670000 1.840000 46.240000 -1.572322
Car 0.000000 2.000000 -1.570000 571.473376 179.152504 608.941093 213.967386 1.520000 1.670000 3.610000 -0.410000 1.830000 33.970000 -1.582069
Car 0.000000 1.000000 2.130000 115.463792 180.757022 221.544560 222.838373 1.360000 1.540000 3.570000 -15.170000 1.660000 25.800000 1.598462
