Car 0.000000 0.000000 -1.580000 588.013662 176.056199 616.065901 202.844065 1.540000 1.630000 3.670000 0.020000 1.740000 43.760000 -1.579543
Car 0.000000 0.000000 -1.850000 717.473778 180.058261 927.569656 334.589859 1.490000 1.570000 4.070000 2.890000 1.600000 9.200000 -1.545630
Car 0.530000 0.000000 0.650000 -169.590155 204.938477 106.609711 292.246840 1.520000 1.510000 3.940000 -11.840000 2.180000 14.040000 -0.050594
Car 0.000000 2.000000 -1.790000 691.297587 177.981058 805.515901 270.357153 1.540000 1.510000 3.580000 3.030000 1.650000 14.020000 -1.577154
Pedestrian 0.000000 1.000000 1.420000 707.703665 168.539790 725.671725 213.432418 1.640000 0.560000 0.780000 4.440000 1.480000 26.750000 1.584482
Car 0.000000 0.000000 -1.700000 651.585218 176.325846 703.812986 218.805411 1.490000 1.550000 3.930000 3.010000 1.630000 27.610000 -1.591410
Car 0.000000 1.000000 -1.630000 635.877119 173.157107 661.645010 198.713440 1.740000 1.620000 4.130000 3.220000 1.760000 51.240000 -1.567241
Car 0.000000 1.000000 1.780000 382.405051 187.243937 443.664756 224.385073 1.340000 1.620000 3.670000 -7.440000 1.960000 29.340000 1.531656
Car 0.000000 1.000000 1.750000 418.210441 183.595071 467.977549 218.087613 1.510000 1.580000 4.160000 -7.530000 2.060000 35.000000 1.538087
Car 0.000000 1.000000 1.750000 452.509314 180.168569 493.290338 207.661305 1.510000 1.650000 3.940000 -7.550000 1.960000 42.650000 1.574793
