Car 0.000000 0.000000 -1.570000 581.077316 177.006789 610.352946 205.047257 1.540000 1.630000 3.670000 -0.310000 1.790000 42.010000 -1.577379
Car 0.900000 0.000000 -2.160000 808.622013 187.632881 1805.326362 801.766396 1.490000 1.570000 4.070000 2.830000 1.610000 3.910000 -1.533489
Car 0.000000 1.000000 -1.900000 729.796809 178.535837 950.366320 342.950083 1.540000 1.510000 3.580000 2.970000 1.620000 8.670000 -1.569968
Pedestrian 0.000000 0.000000 1.380000 729.327547 168.700384 753.398172 226.622486 1.640000 0.560000 0.780000 4.270000 1.520000 20.820000 1.582286
Car 0.000000 0.000000 -1.730000 655.314782 177.671676 723.311049 231.459956 1.490000 1.550000 3.930000 2.850000 1.650000 22.330000 -1.603055
Car 0.000000 2.000000 -1.680000 641.912703 178.341863 688.278668 221.678076 1.540000 1.480000 3.170000 2.550000 1.760000 27.640000 -1.588003
Car 0.000000 1.000000 -1.630000 633.191872 172.889986 661.867072 201.501347 1.740000 1.620000 4.130000 2.850000 1.740000 45.950000 -1.568055
Car 0.000000 1.000000 1.830000 322.884284 190.502983 404.696775 237.216886 1.340000 1.620000 3.670000 -7.590000 1.970000 23.980000 1.523463
Car 0.000000 1.000000 1.790000 374.403967 182.680093 437.940602 223.754450 1.510000 1.580000 4.160000 -7.790000 1.940000 29.640000 1.532992
Car 0.000000 1.000000 1.780000 422.244006 181.351294 471.442484 213.145263 1.510000 1.650000 3.940000 -7.870000 1.970000 37.290000 1.572004
