Car 0.000000 0.000000 -1.600000 578.284439 182.590150 647.350090 249.974477 1.560000 1.650000 3.690000 0.550000 1.840000 19.080000 -1.571182
Car 0.000000 0.000000 -1.090000 734.623626 174.286514 913.554183 264.433849 1.540000 1.720000 3.880000 4.830000 1.570000 14.350000 -0.765325
Car 0.000000 1.000000 -0.970000 687.572532 179.900599 781.561595 227.866988 1.520000 1.490000 3.460000 4.870000 1.780000 25.120000 -0.778506
Car 0.000000 2.000000 -0.900000 660.429755 181.685715 741.692075 216.184487 1.390000 1.610000 3.650000 4.550000 1.800000 31.850000 -0.758103
Car 0.000000 1.000000 1.960000 223.797600 191.869480 367.983717 268.558019 1.520000 1.650000 4.100000 -6.880000 2.030000 17.380000 1.583070
Car 0.000000 0.000000 1.790000 461.552274 183.754692 511.958385 219.624827 1.600000 1.600000 3.770000 -5.470000 2.160000 35.290000 1.636222
Car 0.000000 0.000000 1.760000 530.024713 181.639353 564.496587 205.868854 1.610000 1.700000 3.970000 -3.930000 2.260000 51.510000 1.683852
Car 0.000000 2.000000 1.990000 244.457813 191.791189 352.666950 241.478944 1.450000 1.650000 4.630000 -10.210000 2.170000 25.180000 1.604778
Car 0.000000 1.000000 1.900000 327.639527 181.781813 396.414496 227.440657 1.810000 1.590000 3.930000 -10.190000 2.220000 31.350000 1.585732
Car 0.000000 1.000000 1.770000 582.824281 181.033580 610.345411 196.668329 1.450000 1.840000 4.590000 -0.780000 2.290000 71.880000 1.759149
Car 0.000000 0.000000 1.890000 409.400497 185.060197 460.919407 214.846799 1.560000 1.620000 4.190000 -9.540000 2.300000 41.720000 1.665198
Car 0.000000 2.000000 2.010000 483.093325 184.693302 529.578592 205.494355 1.420000 1.670000 4.530000 -7.250000 2.350000 54.410000 1.877533
Car 0.000000 1.000000 2.250000 82.628086 187.195926 199.162139 237.808306 1.470000 1.480000 3.210000 -14.730000 1.970000 23.590000 1.691820
Car 0.000000 2.000000 2.440000 95.070821 185.399305 207.637351 220.717294 1.470000 1.780000 4.340000 -21.000000 2.100000 34.030000 1.887100
Car 0.000000 2.000000 -1.390000 639.756341 179.852036 666.368277 195.984656 1.500000 1.890000 4.100000 4.800000 2.210000 71.230000 -1.322714
