Car 0.900000 0.000000 -2.240000 840.436809 173.189355 1796.234629 766.068702 1.570000 1.540000 3.220000 2.870000 1.570000 3.530000 -1.557364
Car 0.000000 1.000000 -1.850000 711.679214 155.836706 933.099734 343.712004 1.740000 1.600000 3.860000 2.720000 1.580000 8.630000 -1.544676
Car 0.000000 2.000000 -1.760000 675.348871 155.816830 802.044769 268.127552 1.830000 1.690000 4.440000 2.780000 1.550000 13.980000 -1.563705
Car 0.000000 2.000000 -1.680000 668.875669 171.724906 741.592326 237.576692 1.610000 1.620000 3.780000 2.970000 1.580000 19.560000 -1.529311
Pedestrian 0.000000 0.000000 0.600000 648.258640 162.505817 671.633040 203.672778 1.900000 0.420000 1.040000 2.830000 1.420000 33.790000 0.683558
Pedestrian 0.000000 1.000000 0.660000 657.497444 164.621667 678.825158 204.338548 1.870000 0.500000 0.900000 3.270000 1.480000 34.460000 0.754609
Car 0.000000 0.000000 1.670000 520.840035 170.271289 552.120156 200.751545 1.860000 1.570000 3.830000 -4.140000 1.700000 45.950000 1.580145
Pedestrian 0.000000 0.000000 -0.050000 601.671371 169.035631 615.445863 194.433871 1.780000 0.530000 0.950000 0.400000 1.510000 50.850000 -0.042134
Car 0.000000 1.000000 1.810000 399.952929 180.378113 475.415962 232.213356 1.500000 1.460000 3.700000 -4.980000 1.760000 23.290000 1.599347
Car 0.850000 0.000000 2.320000 -614.712956 198.293150 149.848622 524.047202 1.540000 1.540000 3.720000 -5.050000 1.800000 5.570000 1.583527
Car 0.000000 1.000000 2.000000 81.241313 189.257968 343.323612 329.030279 1.570000 1.600000 4.240000 -5.050000 1.860000 10.730000 1.560113
Car 0.000000 1.000000 1.910000 282.741351 179.363048 419.022100 264.792675 1.650000 1.610000 3.730000 -5.130000 1.810000 16.110000 1.601717
