Car 0.980000 0.000000 0.740000 1085.858185 101.439687 2924.910661 740.570081 1.500000 1.710000 4.440000 5.260000 1.330000 3.980000 1.663050
Car 0.790000 0.000000 2.210000 -502.561716 198.799645 269.060067 584.453409 1.540000 1.630000 3.590000 -3.540000 1.780000 4.930000 1.587261
Car 0.000000 0.000000 1.880000 279.575326 194.014354 460.447691 311.998939 1.420000 1.460000 3.630000 -3.020000 1.800000 11.190000 1.616396
Car 0.000000 1.000000 1.770000 391.787083 186.897109 511.909597 265.514419 1.430000 1.660000 4.190000 -2.850000 1.780000 15.990000 1.593616
Car 0.000000 0.000000 -1.590000 689.024316 178.299722 780.431760 264.081987 1.580000 1.710000 3.750000 3.180000 1.710000 15.540000 -1.388153
Car 0.520000 3.000000 -0.620000 946.771547 154.978914 1451.131593 304.940196 1.490000 1.570000 4.260000 6.770000 1.310000 8.110000 0.075587
Car 0.000000 1.000000 1.740000 481.324467 177.334826 540.096928 228.347920 1.700000 1.500000 3.340000 -3.030000 1.870000 26.050000 1.624206
Car 0.000000 2.000000 1.290000 491.282500 182.249816 554.197388 220.566626 1.480000 1.710000 3.930000 -3.330000 1.910000 31.060000 1.183196
Car 0.000000 1.000000 -0.170000 458.383612 172.223196 521.719045 193.424453 1.600000 1.750000 4.630000 -8.810000 1.550000 56.020000 -0.325988
Car 0.000000 2.000000 -1.310000 709.680362 176.257892 800.501070 237.342963 1.510000 1.580000 3.310000 4.550000 1.610000 19.870000 -1.084893
Car 0.000000 1.000000 -1.090000 759.598925 170.635467 851.118139 223.469374 1.610000 1.600000 3.110000 6.930000 1.540000 23.660000 -0.805070
Car 0.000000 2.000000 -0.880000 961.030158 164.811970 1061.829850 207.237283 1.570000 1.650000 3.350000 16.090000 1.270000 28.060000 -0.359358
Car 0.000000 1.000000 2.330000 914.873343 164.267747 999.847917 192.981960 1.430000 1.700000 3.950000 18.500000 1.000000 37.410000 2.789254
