Car 0.000000 0.000000 -1.580000 565.899794 173.292545 637.191688 240.823142 1.560000 1.650000 3.690000 0.300000 1.570000 18.540000 -1.563820
Car 0.090000 0.000000 -1.360000 898.263662 153.356117 1214.772141 381.484346 1.610000 1.670000 3.650000 4.910000 1.470000 6.940000 -0.744263
Van 0.000000 0.000000 -1.110000 709.525639 143.742568 916.171724 260.784704 1.880000 1.820000 4.640000 4.530000 1.410000 13.880000 -0.794530
Car 0.000000 2.000000 -1.020000 676.117230 168.017938 802.281010 224.486972 1.490000 1.630000 4.160000 4.350000 1.360000 21.110000 -0.816781
Car 0.000000 2.000000 -0.850000 654.994626 167.793961 727.785333 198.043605 1.540000 1.720000 3.880000 4.890000 1.280000 38.660000 -0.724181
Car 0.000000 2.000000 -0.870000 647.886694 169.874375 697.345421 192.793987 1.520000 1.490000 3.460000 4.830000 1.320000 49.590000 -0.772908
Car 0.000000 0.000000 2.090000 108.359839 174.569102 267.582833 243.776083 1.670000 1.680000 4.490000 -10.840000 1.720000 19.780000 1.588672
Van 0.000000 1.000000 1.880000 289.159217 130.409242 432.029844 236.193512 2.910000 2.180000 6.910000 -7.230000 1.740000 23.310000 1.579242
Car 0.000000 2.000000 1.980000 248.667123 176.983103 344.016265 226.410775 1.630000 1.580000 4.200000 -10.790000 1.790000 26.260000 1.590140
Car 0.000000 2.000000 1.910000 330.741413 181.552462 396.881290 213.890636 1.340000 1.570000 4.010000 -10.680000 1.760000 33.010000 1.597091
Car 0.000000 1.000000 1.830000 431.094393 175.115198 473.253011 197.551583 1.450000 1.650000 4.630000 -10.250000 1.610000 49.460000 1.625654
Car 0.000000 2.000000 1.770000 455.935770 170.477044 487.054773 194.700967 1.810000 1.590000 3.930000 -10.180000 1.630000 55.890000 1.589832
Car 0.000000 1.000000 1.860000 486.235075 172.317477 516.807600 189.899160 1.560000 1.620000 4.190000 -9.400000 1.510000 66.210000 1.718970
Car 0.000000 2.000000 2.560000 1029.512107 181.740220 1165.167749 215.952886 1.340000 1.470000 4.510000 20.310000 1.710000 29.450000 3.163741
Car 0.000000 2.000000 2.080000 173.231066 179.534489 249.749145 220.394367 1.470000 1.290000 2.950000 -14.860000 1.740000 27.930000 1.591047
DontCare -1.000000 -1.000000 -10.000000 530.400000 171.900000 555.440000 184.440000 -1.000000 -1.000000 -1.000000 -1000.000000 -1000.000000 -1000.000000 -9.214602
