Car 1.000000 3.000000 2.500000 -10656.149611 191.540869 220.806600 6594.503311 1.540000 1.640000 4.080000 -2.740000 1.650000 2.260000 1.618895
Car 1.000000 0.000000 -2.510000 1011.940000 189.560000 1241.000000 374.000000 1.580000 1.670000 3.430000 2.710000 1.650000 1.690000 -1.496807
Van 0.890000 1.000000 -2.640000 1148.914679 100.116345 1560.288169 275.179978 2.040000 1.720000 3.790000 10.820000 1.190000 10.460000 -1.837686
Van 0.350000 1.000000 -2.410000 968.931677 120.229426 1320.626618 276.190107 1.860000 1.750000 4.110000 8.030000 1.230000 10.790000 -1.770216
Car 0.000000 1.000000 1.890000 207.344980 188.179969 406.704769 312.321350 1.510000 1.610000 3.570000 -3.900000 1.780000 11.020000 1.549853
Car 0.000000 1.000000 1.840000 346.464016 183.549343 474.655054 263.238887 1.500000 1.600000 4.170000 -3.830000 1.770000 16.260000 1.608669
Car 0.000000 1.000000 1.980000 930.413383 158.984609 1048.862111 225.305430 1.710000 1.620000 3.560000 11.220000 1.350000 20.330000 2.484296
Car 0.000000 1.000000 2.090000 836.000598 169.014583 943.668702 223.249167 1.520000 1.580000 3.280000 8.990000 1.410000 21.850000 2.480331
Car 0.000000 1.000000 2.170000 802.614544 167.591576 893.286901 216.258115 1.550000 1.470000 2.970000 8.570000 1.380000 24.450000 2.507130
Car 0.000000 2.000000 2.280000 785.545379 172.368140 877.938265 215.144688 1.550000 1.430000 3.490000 9.010000 1.530000 27.660000 2.594902
Car 0.000000 2.000000 2.340000 766.171394 168.689416 855.779571 208.942541 1.620000 1.530000 3.650000 9.030000 1.450000 30.600000 2.626954
Car 0.000000 0.000000 -1.700000 653.102797 178.746596 720.258882 234.557796 1.580000 1.680000 3.930000 2.820000 1.780000 22.810000 -1.576994
Car 0.000000 1.000000 1.790000 468.047710 179.517983 532.902986 225.491347 1.580000 1.540000 3.980000 -3.590000 1.850000 27.440000 1.659908
Van 0.000000 2.000000 1.720000 495.418024 168.236626 550.060674 214.502653 1.980000 1.790000 4.390000 -3.430000 1.780000 33.110000 1.616774
Car 0.000000 2.000000 2.990000 705.804722 169.570077 773.666503 199.502686 1.710000 1.670000 3.700000 8.030000 1.520000 42.120000 3.178385
Truck 0.000000 3.000000 -1.490000 604.515632 147.568131 655.297513 198.791658 3.520000 2.890000 10.810000 2.210000 1.780000 55.120000 -1.449927
DontCare -1.000000 -1.000000 -10.000000 533.520000 175.020000 576.270000 205.270000 -1.000000 -1.000000 -1.000000 -1000.000000 -1000.000000 -1000.000000 -9.214602
