Car 0.000000 0.000000 2.820000 710.819105 160.771822 887.787813 222.684904 1.730000 1.740000 4.710000 5.940000 1.390000 21.140000 3.093921
Car 0.780000 1.000000 -0.730000 1185.876071 133.159070 1362.678950 180.101526 1.570000 1.640000 4.560000 23.400000 0.240000 25.000000 0.022352
Car 0.000000 1.000000 -0.600000 1018.977584 144.654717 1126.698400 176.728200 1.510000 1.640000 4.170000 22.780000 0.180000 34.830000 -0.020794
Car 0.000000 2.000000 -0.580000 993.885407 149.108736 1097.606755 179.246219 1.520000 1.600000 4.420000 22.940000 0.320000 37.250000 -0.028016
Car 0.000000 0.000000 1.660000 462.306497 176.183893 514.299313 216.341280 1.580000 1.760000 4.180000 -4.640000 1.730000 30.880000 1.510857
Car 0.000000 0.000000 1.640000 547.283878 172.385996 583.324243 200.359373 1.650000 1.880000 4.450000 -2.220000 1.620000 44.800000 1.590487
Car 0.000000 1.000000 -0.240000 753.612298 154.169725 848.176429 189.755074 1.900000 1.780000 4.720000 10.880000 0.900000 39.480000 0.028908
Car 0.000000 0.000000 -1.980000 878.611201 150.455099 925.041205 178.115556 1.800000 1.650000 3.550000 20.160000 0.340000 48.740000 -1.587805
Car 0.000000 1.000000 -1.980000 914.686984 150.666294 964.759635 175.802873 1.640000 1.700000 3.910000 22.850000 0.190000 49.050000 -1.544043
Car 0.000000 1.000000 1.420000 647.020235 169.325359 681.442463 192.580385 1.500000 1.710000 4.440000 4.120000 1.270000 48.810000 1.504209
DontCare -1.000000 -1.000000 -10.000000 611.650000 170.850000 651.270000 191.720000 -1.000000 -1.000000 -1.000000 -1000.000000 -1000.000000 -1000.000000 -9.214602
DontCare -1.000000 -1.000000 -10.000000 525.190000 173.980000 552.320000 204.230000 -1.000000 -1.000000 -1.000000 -1000.000000 -1000.000000 -1000.000000 -9.214602
