Car 0.000000 0.000000 -1.580000 581.765471 177.215364 624.077279 217.793673 1.560000 1.650000 3.690000 0.210000 1.750000 29.980000 -1.572995
Car 0.180000 0.000000 2.190000 -73.594236 184.861239 175.953603 278.729859 1.560000 1.700000 4.410000 -10.570000 1.840000 14.760000 1.568534
Car 0.000000 0.000000 -1.160000 774.743551 169.788089 990.252735 294.527873 1.530000 1.570000 3.540000 4.590000 1.490000 10.630000 -0.752387
Car 0.000000 1.000000 -1.050000 736.616993 173.409056 922.818795 261.915441 1.500000 1.640000 3.990000 4.890000 1.510000 14.180000 -0.717919
Car 0.000000 1.000000 -1.080000 685.778161 178.403693 832.037041 244.692940 1.400000 1.650000 4.180000 4.240000 1.550000 17.700000 -0.844882
Car 0.000000 1.000000 -1.020000 670.401535 171.805383 793.405050 232.203858 1.590000 1.650000 3.940000 4.110000 1.560000 21.000000 -0.826729
Car 0.000000 2.000000 -0.960000 667.904353 175.352140 780.392675 223.057144 1.480000 1.730000 4.060000 4.450000 1.570000 24.640000 -0.781325
Car 0.000000 2.000000 -0.850000 658.250312 173.150824 757.696177 217.818889 1.630000 1.610000 3.960000 4.370000 1.640000 28.240000 -0.696473
Car 0.000000 0.000000 1.690000 521.547801 180.128050 542.980697 196.342021 1.380000 1.470000 3.620000 -6.450000 2.050000 64.870000 1.590896
Car 0.000000 2.000000 -0.860000 636.069712 175.252326 689.388024 195.297809 1.400000 1.630000 4.050000 4.400000 1.580000 52.870000 -0.776968
Van 0.000000 2.000000 -0.900000 630.068757 171.437181 676.553452 192.311125 1.880000 1.820000 4.640000 4.590000 1.750000 67.310000 -0.831913
Car 0.000000 0.000000 1.740000 486.935994 177.072530 511.202435 194.279521 1.670000 1.680000 4.490000 -10.730000 2.110000 73.400000 1.594843
DontCare -1.000000 -1.000000 -10.000000 466.850000 178.150000 483.560000 189.650000 -1.000000 -1.000000 -1.000000 -1000.000000 -1000.000000 -1000.000000 -9.214602
DontCare -1.000000 -1.000000 -10.000000 547.060000 176.060000 578.350000 188.600000 -1.000000 -1.000000 -1.000000 -1000.000000 -1000.000000 -1000.000000 -9.214602
