Van 0.880000 1.000000 -2.570000 1086.212222 90.474991 1707.522472 338.570374 1.860000 1.750000 4.110000 7.960000 1.240000 7.590000 -1.760812
Car 0.030000 0.000000 2.000000 -10.718773 188.805933 334.200540 380.730743 1.510000 1.610000 3.570000 -3.930000 1.720000 7.790000 1.532765
Car 0.000000 1.000000 1.900000 266.154541 182.481745 443.806181 285.162069 1.500000 1.600000 4.170000 -3.880000 1.700000 13.050000 1.611006
Car 0.000000 1.000000 1.910000 988.103768 151.024064 1125.034535 230.854666 1.710000 1.620000 3.560000 11.160000 1.240000 17.180000 2.486089
Car 0.000000 0.000000 2.030000 875.060902 162.793192 998.941541 227.153901 1.520000 1.580000 3.280000 8.980000 1.280000 18.670000 2.478321
Car 0.000000 1.000000 2.130000 827.682571 165.277652 931.268063 221.843426 1.550000 1.470000 2.970000 8.440000 1.340000 21.240000 2.508231
Car 0.000000 2.000000 2.240000 806.052941 168.217108 909.463118 216.909097 1.550000 1.430000 3.490000 8.920000 1.400000 24.490000 2.589295
Car 0.000000 2.000000 2.310000 783.580783 164.782240 883.765605 210.248242 1.620000 1.530000 3.650000 8.960000 1.330000 27.270000 2.627454
Car 0.000000 0.000000 -1.690000 658.960573 175.275195 735.632003 240.553595 1.580000 1.680000 3.930000 2.750000 1.650000 19.590000 -1.550534
Car 0.000000 2.000000 -1.650000 653.951105 181.282261 707.288358 223.975863 1.360000 1.650000 3.800000 2.930000 1.680000 25.670000 -1.536351
Car 0.000000 1.000000 1.800000 445.161227 175.393978 520.367520 227.311228 1.580000 1.540000 3.980000 -3.680000 1.670000 24.200000 1.649090
Van 0.000000 2.000000 1.740000 479.323040 164.570292 542.115467 216.212240 1.980000 1.790000 4.390000 -3.530000 1.660000 29.900000 1.622484
Car 0.000000 2.000000 2.970000 709.774572 166.072473 783.722587 198.500459 1.710000 1.670000 3.700000 7.830000 1.350000 38.930000 3.168482
Truck 0.000000 3.000000 -1.480000 600.002407 142.922139 655.418128 197.580717 3.520000 2.890000 10.810000 1.980000 1.590000 52.010000 -1.441949
DontCare -1.000000 -1.000000 -10.000000 542.900000 176.060000 571.070000 200.060000 -1.000000 -1.000000 -1.000000 -1000.000000 -1000.000000 -1000.000000 -9.214602
