Car 0.930000 0.000000 2.200000 -1095.728634 205.109137 265.212891 928.359352 1.520000 1.540000 3.680000 -2.810000 1.760000 3.550000 1.530433
Van 0.000000 0.000000 1.810000 261.540115 121.400395 487.420427 311.768051 2.470000 1.980000 5.810000 -3.070000 1.800000 12.270000 1.564830
Car 0.130000 1.000000 -0.350000 738.308921 168.704990 1245.004710 339.718439 1.550000 1.660000 4.470000 4.140000 1.510000 7.680000 0.144407
Car 0.660000 3.000000 2.180000 -315.437504 208.245682 176.398197 437.893148 1.510000 1.530000 3.800000 -5.720000 1.960000 7.280000 1.514031
Car 0.000000 1.000000 -0.110000 638.569545 166.585945 840.848545 249.600021 1.690000 1.760000 4.120000 3.210000 1.560000 15.750000 0.091056
Van 0.000000 1.000000 1.720000 455.913106 161.612537 548.873432 237.002768 2.130000 1.910000 6.400000 -2.830000 1.810000 23.610000 1.600705
Car 0.000000 2.000000 1.990000 123.691172 193.488463 324.862557 305.880885 1.500000 1.580000 3.420000 -5.690000 1.890000 11.990000 1.546909
Car 0.000000 1.000000 -1.680000 630.885412 176.226744 671.111511 212.581592 1.570000 1.540000 3.220000 2.330000 1.730000 33.100000 -1.609723
Car 0.000000 2.000000 -1.670000 617.285114 174.158207 653.937957 209.064869 1.740000 1.600000 3.860000 1.800000 1.810000 38.080000 -1.622766
Pedestrian 0.000000 0.000000 0.560000 572.245792 171.995060 584.380894 193.024446 1.900000 0.420000 1.040000 -2.370000 1.820000 65.630000 0.523904
Pedestrian 0.000000 1.000000 0.600000 577.665598 173.095695 588.804422 193.558315 1.870000 0.500000 0.900000 -1.950000 1.890000 66.400000 0.570641
Car 0.000000 2.000000 1.630000 540.954066 174.186412 558.464303 192.577024 1.860000 1.570000 3.830000 -5.740000 2.000000 75.180000 1.553798
