Car 1.000000 0.000000 -2.730000 1058.180000 248.610000 1241.000000 374.000000 1.530000 1.590000 3.640000 2.510000 1.800000 0.910000 -1.507015
Car 0.000000 0.000000 1.760000 396.915980 182.856516 516.221757 276.210363 1.630000 1.600000 3.730000 -2.530000 1.860000 14.880000 1.591584
Car 0.290000 0.000000 -1.820000 743.215475 211.305548 990.738998 443.255764 1.450000 1.500000 3.260000 2.600000 1.900000 6.780000 -1.453815
Car 0.000000 1.000000 -1.780000 681.547961 191.161911 798.637611 297.838860 1.590000 1.490000 3.340000 2.690000 1.960000 13.000000 -1.575957
Car 0.000000 2.000000 -1.720000 648.335749 189.754280 728.830674 260.234955 1.540000 1.600000 3.520000 2.390000 2.010000 18.390000 -1.590762
Car 0.000000 2.000000 -1.440000 460.753781 191.261079 533.708964 254.585809 1.540000 1.500000 3.480000 -2.600000 2.100000 20.300000 -1.567385
Car 0.000000 2.000000 -1.750000 640.543098 187.190968 699.972466 237.032780 1.550000 1.550000 3.270000 2.520000 2.080000 25.100000 -1.649937
Car 0.000000 2.000000 -1.670000 627.981474 186.462600 674.148270 226.313189 1.480000 1.600000 3.790000 2.140000 2.080000 30.020000 -1.598835
Car 0.000000 1.000000 1.680000 529.772275 185.837327 565.176136 216.180508 1.560000 1.550000 3.640000 -2.970000 2.320000 40.520000 1.606834
Car 0.000000 1.000000 1.640000 547.982304 179.468767 579.225470 211.421978 1.910000 1.660000 4.220000 -2.420000 2.350000 46.130000 1.587588
Car 0.000000 1.000000 1.670000 562.727623 181.794871 592.491639 209.050526 1.830000 1.690000 4.280000 -1.790000 2.500000 52.070000 1.635637
DontCare -1.000000 -1.000000 -10.000000 605.400000 186.480000 639.820000 204.230000 -1.000000 -1.000000 -1.000000 -1000.000000 -1000.000000 -1000.000000 -9.214602
