Car 0.800000 0.000000 2.220000 -574.652688 196.000366 273.480309 583.892197 1.500000 1.600000 4.170000 -3.730000 1.730000 5.140000 1.592246
Car 0.510000 0.000000 1.770000 1101.740949 149.375094 1305.591669 273.461719 1.520000 1.580000 3.280000 9.140000 1.230000 10.460000 2.488153
Car 0.000000 1.000000 1.950000 984.711658 152.455863 1150.197204 248.965712 1.550000 1.470000 2.970000 8.770000 1.220000 13.030000 2.542417
Car 0.000000 1.000000 2.090000 921.126959 158.764480 1073.917628 234.697629 1.550000 1.430000 3.490000 9.230000 1.260000 16.230000 2.607087
Car 0.000000 2.000000 2.190000 873.184352 158.895748 1015.916088 225.874515 1.620000 1.530000 3.650000 9.310000 1.280000 18.990000 2.645824
Car 0.000000 2.000000 2.230000 839.424896 166.212129 976.190354 218.963315 1.490000 1.650000 4.120000 9.630000 1.300000 22.090000 2.641104
Car 0.000000 0.000000 -1.770000 704.610844 174.046494 855.434869 294.111025 1.580000 1.680000 3.930000 2.990000 1.600000 11.540000 -1.516476
Car 0.000000 2.000000 -1.690000 686.441798 180.756817 771.064706 246.080898 1.360000 1.650000 3.800000 3.240000 1.570000 17.440000 -1.506314
Car 0.000000 0.000000 1.870000 366.800867 176.909877 494.165410 258.889237 1.580000 1.540000 3.980000 -3.370000 1.680000 16.160000 1.664407
Van 0.000000 2.000000 1.790000 438.524328 162.621883 532.653685 235.601796 1.980000 1.790000 4.390000 -3.140000 1.700000 21.830000 1.647141
Car 0.000000 2.000000 2.920000 746.353705 158.622245 842.569270 200.038332 1.710000 1.670000 3.700000 8.280000 1.120000 30.700000 3.183439
Car 0.000000 2.000000 1.700000 511.778063 175.169535 561.956437 213.202213 1.600000 1.660000 4.330000 -2.760000 1.710000 32.820000 1.616102
Car 0.000000 1.000000 0.020000 557.966296 172.884782 622.299406 195.571603 1.710000 1.740000 4.850000 -0.990000 1.710000 55.260000 0.002087
Truck 0.000000 3.000000 -1.490000 611.473185 134.468004 675.473916 200.135955 3.520000 2.890000 10.810000 2.780000 1.460000 44.230000 -1.427229
