Pedestrian 0.000000 0.000000 0.650000 504.245079 143.549976 612.170233 352.656157 1.740000 0.520000 0.830000 0.060000 1.430000 6.340000 0.659463
Pedestrian 0.050000 0.000000 0.670000 424.172451 149.875377 549.141071 379.411428 1.630000 0.630000 0.720000 -0.430000 1.410000 5.480000 0.591693
Pedestrian 0.000000 0.000000 0.810000 150.474146 142.747226 254.584192 310.341077 1.720000 0.490000 0.930000 -3.860000 1.330000 7.640000 0.342173
Pedestrian 0.000000 0.000000 1.310000 478.151391 145.763219 499.384253 204.277159 1.680000 0.450000 0.750000 -2.910000 0.680000 20.730000 1.170535
Pedestrian 0.000000 1.000000 1.650000 505.358556 137.156707 525.457599 193.604861 1.950000 0.630000 0.740000 -2.630000 0.450000 24.800000 1.544347
Pedestrian 0.000000 2.000000 1.520000 527.960634 142.520563 545.727622 192.199403 1.710000 0.600000 0.520000 -1.870000 0.400000 24.630000 1.444222
Pedestrian 0.000000 1.000000 1.410000 553.999935 144.912397 570.247221 192.570322 1.590000 0.460000 0.670000 -0.950000 0.400000 23.960000 1.370371
Cyclist 0.000000 2.000000 2.210000 469.469847 138.968485 504.286109 185.929560 1.840000 0.510000 1.610000 -4.240000 0.210000 28.530000 2.062464
DontCare -1.000000 -1.000000 -10.000000 287.240000 142.880000 374.630000 236.440000 -1.000000 -1.000000 -1.000000 -1000.000000 -1000.000000 -1000.000000 -9.214602
DontCare -1.000000 -1.000000 -10.000000 726.100000 126.430000 1222.000000 175.790000 -1.000000 -1.000000 -1.000000 -1000.000000 -1000.000000 -1000.000000 -9.214602
