Pedestrian 0.000000 0.000000 -2.050000 385.275369 178.396914 437.386468 263.076133 1.580000 0.670000 0.870000 -3.400000 1.690000 14.080000 -2.286941
Pedestrian 0.410000 0.000000 2.060000 -129.555801 156.998109 80.805419 464.686090 1.700000 0.700000 0.690000 -3.320000 1.610000 4.380000 1.411404
Pedestrian 0.000000 0.000000 1.830000 230.906837 170.010703 324.418187 342.019401 1.670000 0.620000 0.950000 -2.950000 1.640000 7.510000 1.455708
Pedestrian 0.000000 0.000000 0.330000 205.621676 169.417305 270.832523 323.865102 1.690000 0.550000 0.490000 -3.730000 1.650000 8.190000 -0.097363
Pedestrian 0.000000 0.000000 1.240000 741.636020 155.953352 795.037849 268.779071 1.920000 0.640000 1.080000 3.280000 1.630000 12.840000 1.490103
Pedestrian 0.000000 0.000000 1.200000 775.878137 158.377917 837.562819 265.367791 1.830000 0.770000 1.010000 3.970000 1.580000 12.870000 1.499209
Pedestrian 0.000000 0.000000 1.560000 335.693896 173.002872 381.677741 284.626484 1.630000 0.640000 0.920000 -3.360000 1.630000 11.070000 1.265314
DontCare -1.000000 -1.000000 -10.000000 491.850000 179.190000 511.680000 205.270000 -1.000000 -1.000000 -1.000000 -1000.000000 -1000.000000 -1000.000000 -9.214602
DontCare -1.000000 -1.000000 -10.000000 569.980000 173.980000 581.480000 211.520000 -1.000000 -1.000000 -1.000000 -1000.000000 -1000.000000 -1000.000000 -9.214602
DontCare -1.000000 -1.000000 -10.000000 583.520000 171.900000 597.100000 205.280000 -1.000000 -1.000000 -1.000000 -1000.000000 -1000.000000 -1000.000000 -9.214602
