Car 0.000000 0.000000 -1.600000 567.353356 179.490387 623.134992 225.466414 1.360000 1.690000 3.380000 -0.010000 1.590000 23.550000 -1.600425
Car 0.000000 0.000000 -2.060000 133.157297 183.884175 355.965031 305.874872 1.500000 1.580000 3.570000 -5.100000 1.690000 10.880000 -2.498337
Car 0.000000 1.000000 -2.110000 255.513177 166.379457 437.610564 274.684597 1.800000 1.630000 3.790000 -4.650000 1.690000 13.840000 -2.434133
Car 0.000000 2.000000 -2.180000 364.499600 181.470664 496.022747 237.438211 1.410000 1.620000 4.190000 -4.770000 1.680000 20.800000 -2.405429
Car 0.000000 2.000000 -2.260000 387.121680 178.743691 502.780309 228.072166 1.490000 1.660000 3.970000 -5.080000 1.700000 24.130000 -2.467496
Car 0.000000 2.000000 -2.230000 441.316642 176.538195 522.461470 210.378456 1.390000 1.620000 3.720000 -5.210000 1.560000 31.900000 -2.391894
Car 0.000000 2.000000 -2.350000 470.061882 176.363409 540.616796 206.509364 1.490000 1.660000 3.550000 -5.010000 1.680000 37.810000 -2.481737
Van 0.000000 3.000000 -1.790000 679.832261 140.063610 817.972378 260.570901 2.380000 2.080000 5.750000 3.510000 1.730000 17.140000 -1.588009
Car 0.000000 0.000000 -1.630000 648.292019 177.543016 680.768367 203.717979 1.400000 1.660000 4.080000 3.580000 1.680000 41.390000 -1.543720
Van 0.000000 3.000000 -1.640000 630.785188 163.869108 658.385792 193.347539 2.420000 2.030000 5.490000 3.430000 1.680000 61.990000 -1.584725
Car 0.000000 2.000000 -1.610000 579.229048 175.533541 614.189158 207.459240 1.520000 1.670000 3.610000 -0.220000 1.660000 36.500000 -1.616027
Car 0.590000 3.000000 2.200000 -225.540851 187.345318 110.679675 312.799776 1.390000 1.640000 3.550000 -8.570000 1.630000 10.240000 1.503152
Car 0.000000 3.000000 2.190000 -18.040595 178.657558 164.502779 238.439128 1.460000 1.720000 4.600000 -14.380000 1.640000 20.370000 1.575299
Van 0.000000 3.000000 1.940000 222.715306 152.512565 345.749295 233.484038 2.140000 1.710000 4.520000 -8.960000 1.600000 21.350000 1.542651
Car 0.000000 2.000000 2.010000 151.219381 173.156922 251.268675 220.926529 1.660000 1.540000 4.340000 -14.830000 1.670000 27.310000 1.512528
