Car 0.380000 0.000000 -1.310000 978.819477 176.612871 1321.330414 358.124340 1.480000 1.710000 4.650000 6.630000 1.530000 8.010000 -0.618586
Car 0.000000 1.000000 -1.000000 757.004428 135.540202 1047.398728 301.884852 2.040000 1.660000 4.620000 4.960000 1.580000 10.790000 -0.569121
Misc 0.000000 2.000000 2.300000 572.745755 209.265323 908.069474 295.694981 0.930000 2.390000 5.820000 2.930000 1.700000 12.650000 2.527607
Car 0.000000 1.000000 -0.730000 559.847257 176.683871 779.411681 260.354113 1.530000 1.610000 4.730000 1.860000 1.620000 15.390000 -0.609726
Car 0.000000 1.000000 -0.570000 497.285333 184.663283 639.079769 244.021567 1.400000 1.560000 3.480000 -0.600000 1.740000 19.290000 -0.601094
Misc 0.000000 2.000000 2.510000 524.277592 187.585372 654.286757 251.233299 1.340000 1.600000 2.680000 0.000000 1.720000 17.290000 2.510000
Misc 0.000000 1.000000 2.350000 673.385184 160.834523 732.463609 209.626922 2.020000 1.310000 2.250000 4.500000 1.520000 31.070000 2.493834
Car 0.000000 0.000000 -1.820000 237.389575 193.501611 325.058012 241.241779 1.270000 1.660000 4.060000 -10.120000 1.990000 23.130000 -2.232433
Car 0.000000 0.000000 -1.630000 133.315216 196.398432 195.553463 246.925997 1.480000 1.670000 4.500000 -15.400000 2.390000 25.630000 -2.171050
Truck 0.000000 1.000000 -1.620000 111.342396 152.755218 189.390194 238.975661 3.250000 2.520000 7.640000 -19.420000 2.490000 31.050000 -2.178918
DontCare -1.000000 -1.000000 -10.000000 9.560000 186.480000 142.940000 214.650000 -1.000000 -1.000000 -1.000000 -1000.000000 -1000.000000 -1000.000000 -9.214602
