Van 0.510000 0.000000 1.990000 -297.103071 25.973462 419.062120 538.681702 2.470000 1.980000 5.810000 -2.940000 1.760000 6.390000 1.558784
Car 0.990000 0.000000 -0.860000 934.399515 198.833019 3938.141177 1145.274387 1.550000 1.660000 4.470000 4.180000 1.680000 2.460000 0.178863
Car 0.000000 1.000000 -0.200000 667.007061 165.432131 981.120955 293.939428 1.690000 1.760000 4.120000 3.410000 1.590000 10.590000 0.111518
Van 0.000000 1.000000 1.750000 393.550801 157.793810 535.682282 269.329429 2.130000 1.910000 6.400000 -2.630000 1.840000 17.000000 1.596511
Car 0.610000 3.000000 2.210000 -303.181437 201.740404 177.844230 422.999639 1.500000 1.580000 3.420000 -5.540000 1.850000 7.070000 1.545344
Pedestrian 0.000000 0.000000 1.020000 1015.587566 157.644688 1048.536517 235.222443 1.620000 0.480000 0.370000 9.400000 1.300000 15.250000 1.572386
Pedestrian 0.000000 2.000000 -1.750000 716.301568 168.516211 738.773192 217.593854 1.670000 0.700000 0.440000 4.520000 1.520000 24.770000 -1.569507
Car 0.000000 0.000000 -1.700000 643.123887 179.745210 692.290719 223.678976 1.570000 1.540000 3.220000 2.670000 1.850000 27.930000 -1.604693
Car 0.000000 2.000000 -1.680000 629.983034 175.805376 673.208505 216.818632 1.740000 1.600000 3.860000 2.330000 1.880000 32.850000 -1.609190
Pedestrian 0.000000 0.000000 0.540000 585.125973 173.240003 598.412019 196.220388 1.900000 0.420000 1.040000 -1.010000 1.930000 60.110000 0.523199
Pedestrian 0.000000 1.000000 0.760000 591.042937 174.649173 602.857467 197.064403 1.870000 0.500000 0.900000 -0.590000 2.020000 60.760000 0.750290
Car 0.000000 1.000000 1.640000 542.874288 176.083496 562.047302 195.944637 1.860000 1.570000 3.830000 -5.050000 2.180000 70.110000 1.568095
