Car 0.000000 0.000000 -1.560000 547.874331 181.115839 605.223214 228.587385 1.360000 1.690000 3.380000 -0.520000 1.640000 22.960000 -1.582644
Car 0.340000 3.000000 -1.220000 -55.276509 194.086093 382.635252 467.250411 1.460000 1.590000 3.650000 -2.680000 1.690000 6.020000 -1.638841
Car 0.000000 2.000000 -1.310000 280.139917 191.419935 460.040114 308.290526 1.400000 1.600000 3.350000 -2.920000 1.720000 10.850000 -1.572896
Car 0.000000 2.000000 1.130000 153.257123 190.006541 325.960023 283.742964 1.370000 1.520000 3.300000 -6.130000 1.710000 12.770000 0.682455
Car 0.000000 2.000000 0.970000 336.798695 182.319764 443.788490 230.276394 1.400000 1.520000 3.760000 -6.730000 1.730000 23.550000 0.691644
Car 0.000000 2.000000 0.850000 367.408446 177.544131 466.732932 223.992242 1.570000 1.640000 3.490000 -6.590000 1.750000 26.390000 0.605289
Car 0.000000 2.000000 1.030000 416.427803 180.649658 487.376592 212.316376 1.380000 1.550000 3.890000 -7.080000 1.770000 34.360000 0.826791
Car 0.000000 0.000000 -1.460000 511.325108 178.788107 553.839332 208.745186 1.300000 1.550000 3.510000 -3.080000 1.590000 33.780000 -1.550927
Car 0.000000 2.000000 0.770000 451.146441 175.688523 519.536134 202.496109 1.570000 1.670000 4.200000 -7.220000 1.750000 44.540000 0.609296
Car 0.040000 0.000000 -1.940000 738.252712 173.874302 1014.539068 382.955163 1.560000 1.480000 3.360000 2.770000 1.570000 7.080000 -1.567066
Car 0.000000 0.000000 -1.690000 632.662925 179.866801 687.618685 223.609960 1.380000 1.550000 3.600000 2.170000 1.640000 25.170000 -1.603999
Truck 0.000000 3.000000 -1.650000 624.473715 130.759594 687.824658 208.450400 3.410000 2.570000 7.870000 2.600000 1.560000 35.610000 -1.577116
Pedestrian 0.000000 2.000000 2.690000 708.140588 168.012102 730.556784 211.627277 1.780000 0.780000 0.650000 5.020000 1.580000 29.910000 2.856287
Car 0.000000 2.000000 2.120000 84.677842 184.400567 208.236633 228.951903 1.350000 1.660000 4.090000 -15.380000 1.780000 24.970000 1.567943
Car 0.000000 2.000000 -1.580000 570.177654 176.602036 606.260990 209.860771 1.520000 1.670000 3.610000 -0.560000 1.710000 35.210000 -1.595903
