Car 0.000000 0.000000 -1.560000 570.652333 184.309689 635.495306 238.680792 1.360000 1.690000 3.380000 0.350000 1.710000 20.480000 -1.542912
Van 0.750000 3.000000 -2.070000 834.509778 74.257967 1556.951632 613.527517 2.120000 1.860000 4.410000 3.490000 1.730000 5.120000 -1.471702
Van 0.680000 3.000000 2.290000 -225.419834 160.132547 84.204312 276.087248 1.710000 1.560000 4.120000 -11.060000 1.520000 12.700000 1.573516
Car 0.010000 0.000000 -1.860000 -22.301678 175.365592 267.987919 378.987519 1.590000 1.630000 3.640000 -4.700000 1.620000 7.490000 -2.420397
Car 0.000000 2.000000 -2.070000 149.387335 182.818020 379.883076 299.975906 1.410000 1.640000 3.610000 -4.730000 1.580000 10.730000 -2.485194
Car 0.000000 2.000000 -2.170000 250.227242 184.027753 449.166617 271.890232 1.390000 1.610000 4.090000 -4.570000 1.630000 13.770000 -2.490443
Car 0.000000 2.000000 -2.150000 396.640674 179.538286 508.945795 236.877813 1.500000 1.570000 3.540000 -4.170000 1.710000 21.110000 -2.345026
Car 0.000000 2.000000 -2.340000 478.490054 177.890818 554.599592 209.349087 1.400000 1.600000 3.550000 -3.990000 1.650000 34.410000 -2.455439
Car 0.000000 0.000000 -1.800000 714.875396 188.556649 827.260810 263.202642 1.360000 1.630000 4.020000 3.900000 1.750000 16.010000 -1.561056
Car 0.000000 1.000000 -1.740000 687.364557 175.164518 761.202737 231.836568 1.660000 1.720000 4.410000 4.100000 1.740000 23.520000 -1.567414
Pedestrian 0.000000 2.000000 -1.200000 662.490704 178.545574 694.757191 226.421144 1.540000 0.840000 0.750000 2.760000 1.730000 23.860000 -1.084837
Car 0.000000 2.000000 -1.570000 587.899171 178.634755 625.992979 213.985885 1.520000 1.670000 3.610000 0.380000 1.800000 33.430000 -1.558633
Car 0.000000 2.000000 2.090000 140.146133 173.420286 256.480900 217.257615 1.470000 1.770000 4.250000 -14.400000 1.490000 26.390000 1.590494
Van 0.000000 3.000000 -0.310000 777.831079 164.572880 868.427416 199.946319 2.510000 2.460000 5.850000 15.930000 1.920000 52.470000 -0.015242
DontCare -1.000000 -1.000000 -10.000000 554.350000 162.520000 595.020000 190.690000 -1.000000 -1.000000 -1.000000 -1000.000000 -1000.000000 -1000.000000 -9.214602
