Car 0.000000 0.000000 -1.610000 505.323178 176.757651 704.401758 368.024881 1.560000 1.650000 3.690000 0.470000 1.610000 7.820000 -1.549970
Car 0.950000 0.000000 -1.580000 1020.425362 174.313966 1643.316753 694.106286 1.490000 1.630000 4.160000 4.400000 1.500000 4.100000 -0.759322
Car 0.000000 1.000000 -0.990000 700.457070 170.009364 823.809543 226.458524 1.540000 1.720000 3.880000 5.110000 1.460000 21.640000 -0.758111
Car 0.000000 2.000000 -0.930000 676.563326 173.746783 750.335211 209.476549 1.520000 1.490000 3.460000 5.190000 1.560000 32.520000 -0.771741
Car 0.000000 2.000000 -0.880000 658.528326 174.478475 725.009381 201.478531 1.390000 1.610000 3.650000 4.970000 1.480000 39.200000 -0.753887
Car 0.000000 1.000000 1.760000 523.220288 177.004834 553.923481 197.914801 1.450000 1.580000 3.420000 -4.660000 1.760000 52.520000 1.671504
Car 0.000000 0.000000 2.130000 19.194308 193.263077 211.374059 267.711191 1.340000 1.570000 4.010000 -10.290000 1.850000 16.100000 1.561304
Car 0.000000 1.000000 1.800000 587.456129 173.060123 611.716015 187.886759 1.520000 1.650000 4.100000 -0.550000 1.540000 76.210000 1.792783
Car 0.000000 0.000000 1.920000 340.929038 180.971231 415.405927 216.922634 1.450000 1.650000 4.630000 -9.840000 1.840000 32.520000 1.626175
Car 0.000000 1.000000 1.840000 392.208315 174.314183 442.748800 210.008026 1.810000 1.590000 3.930000 -9.770000 1.890000 38.730000 1.592896
Car 0.000000 1.000000 1.900000 449.649305 175.977401 493.314937 200.222951 1.560000 1.620000 4.190000 -8.880000 1.780000 49.180000 1.721364
Car 0.000000 2.000000 1.960000 508.842106 176.914831 547.426711 194.441584 1.420000 1.670000 4.530000 -6.470000 1.780000 61.980000 1.855988
Car 0.000000 1.000000 2.140000 224.126064 178.629168 301.470787 215.367186 1.470000 1.480000 3.210000 -14.390000 1.730000 31.090000 1.706512
Car 0.000000 2.000000 2.340000 213.664079 179.198880 295.776600 206.497125 1.470000 1.780000 4.340000 -20.220000 1.860000 42.280000 1.893911
