Van 0.000000 0.000000 -1.530000 644.444064 158.058070 745.866983 267.532622 1.980000 1.800000 4.540000 2.450000 1.710000 15.450000 -1.372733
Car 0.000000 0.000000 -1.160000 301.217269 188.129378 463.811703 268.785639 1.480000 1.710000 4.650000 -4.500000 1.880000 16.580000 -1.425027
Car 0.000000 1.000000 -0.950000 168.394594 168.631756 358.499281 266.952334 2.040000 1.660000 4.620000 -7.600000 1.950000 17.400000 -1.361807
Car 0.000000 0.000000 -1.470000 559.417583 175.276436 627.521293 225.879617 1.420000 1.640000 3.950000 0.060000 1.500000 22.490000 -1.467332
Car 0.000000 0.000000 -1.950000 936.184046 171.865346 1113.100957 256.663154 1.510000 1.720000 4.500000 8.930000 1.490000 15.200000 -1.418822
Car 0.000000 1.000000 -1.610000 746.171106 164.786283 789.949667 205.411030 1.700000 1.800000 4.500000 7.560000 1.360000 32.570000 -1.381923
Van 0.000000 0.000000 1.410000 795.862141 146.833140 847.930041 197.310786 2.750000 2.040000 6.050000 12.850000 1.330000 42.440000 1.704006
Car 0.150000 1.000000 -2.020000 1038.156433 163.511192 1240.962473 254.929716 1.640000 1.730000 4.430000 11.370000 1.470000 15.280000 -1.380279
Car 0.860000 1.000000 -2.160000 1170.012980 176.406837 1449.300998 260.843389 1.380000 1.800000 4.490000 13.950000 1.460000 14.360000 -1.389083
Truck 0.000000 1.000000 1.500000 732.613599 128.227417 782.642732 199.110379 3.570000 2.250000 7.970000 8.630000 1.320000 40.440000 1.710249
Misc 0.000000 1.000000 2.280000 3.607548 210.825681 284.219024 273.564183 0.930000 2.390000 5.820000 -10.300000 2.010000 17.490000 1.747776
Car 0.080000 1.000000 -0.800000 -40.564604 192.526229 178.964358 267.243988 1.530000 1.610000 4.730000 -13.070000 2.100000 18.530000 -1.414303
Car 0.790000 1.000000 -0.710000 -158.976225 199.372824 27.663071 262.133441 1.400000 1.560000 3.480000 -17.530000 2.180000 19.460000 -1.443269
Misc 0.560000 3.000000 2.390000 -106.861756 201.634297 52.908217 263.255390 1.340000 1.600000 2.680000 -15.660000 2.130000 18.440000 1.685947
Misc 0.000000 2.000000 2.330000 51.916104 179.518327 122.727065 228.110862 2.020000 1.310000 2.250000 -22.300000 2.320000 31.530000 1.714416
