Car 0.000000 0.000000 -1.570000 584.683943 176.028363 608.616468 198.877711 1.540000 1.630000 3.670000 -0.420000 1.770000 50.980000 -1.578238
Car 0.000000 0.000000 1.680000 485.281089 179.626304 539.778827 221.736186 1.450000 1.590000 3.590000 -3.120000 1.720000 27.220000 1.565876
Car 0.000000 0.000000 -1.900000 724.997307 183.553160 934.414857 336.676345 1.480000 1.470000 3.700000 2.980000 1.640000 9.090000 -1.583208
Car 0.000000 1.000000 -1.790000 674.794488 176.203649 802.342908 278.718886 1.640000 1.640000 3.890000 2.740000 1.710000 13.630000 -1.591617
Car 0.000000 2.000000 -1.790000 663.350886 173.708407 741.348040 249.249610 1.690000 1.390000 2.650000 2.660000 1.710000 17.540000 -1.639493
Car 0.000000 1.000000 -1.700000 640.813361 177.625474 694.424083 221.212239 1.500000 1.590000 3.790000 2.590000 1.690000 27.170000 -1.604961
Car 0.000000 2.000000 -1.620000 628.481889 176.783076 657.865786 203.769882 1.490000 1.570000 4.070000 2.410000 1.730000 42.470000 -1.563315
Car 0.000000 2.000000 -1.660000 636.453860 176.704836 678.355705 214.433320 1.570000 1.590000 3.750000 2.560000 1.750000 32.290000 -1.580884
Car 0.000000 1.000000 0.200000 376.901579 183.125957 443.205471 207.256535 1.520000 1.510000 3.940000 -12.500000 2.200000 47.060000 -0.059623
Car 0.000000 1.000000 0.370000 287.993163 183.165161 362.572091 208.207353 1.580000 1.560000 4.240000 -17.990000 2.260000 46.960000 0.004154
Pedestrian 0.000000 2.000000 -1.800000 747.682460 160.001686 780.731473 233.650431 1.820000 0.690000 0.680000 4.360000 1.500000 18.170000 -1.564497
