Car 0.000000 1.000000 -2.740000 167.900299 189.717472 337.458207 251.378755 1.440000 1.520000 3.500000 -8.390000 1.880000 18.110000 -3.173842
Car 0.000000 2.000000 -2.810000 272.343112 183.315710 396.476211 234.483281 1.590000 1.520000 3.470000 -8.430000 1.940000 23.520000 -3.154155
Car 0.000000 2.000000 -2.830000 308.225045 181.393162 420.491758 226.297981 1.580000 1.550000 3.590000 -8.460000 1.900000 26.460000 -3.139456
Car 0.000000 2.000000 -2.840000 355.524458 177.508644 458.235466 217.510455 1.710000 1.690000 4.060000 -8.460000 1.920000 31.990000 -3.098539
Car 0.000000 2.000000 -3.000000 417.801196 182.077854 479.816809 211.436597 1.660000 1.620000 3.340000 -8.910000 2.210000 42.290000 -3.207651
Car 0.000000 2.000000 -3.020000 433.530338 182.501254 499.867034 205.649270 1.410000 1.590000 3.940000 -8.520000 2.030000 45.630000 -3.204594
Car 0.000000 2.000000 2.730000 468.957595 178.431542 525.014295 200.154499 1.590000 1.710000 3.900000 -8.170000 2.030000 55.470000 2.583765
DontCare -1.000000 -1.000000 -10.000000 105.400000 173.980000 156.480000 246.940000 -1.000000 -1.000000 -1.000000 -1000.000000 -1000.000000 -1000.000000 -9.214602
DontCare -1.000000 -1.000000 -10.000000 537.690000 178.150000 567.940000 190.690000 -1.000000 -1.000000 -1.000000 -1000.000000 -1000.000000 -1000.000000 -9.214602
DontCare -1.000000 -1.000000 -10.000000 725.500000 147.920000 1240.000000 211.020000 -1.000000 -1.000000 -1.000000 -1000.000000 -1000.000000 -1000.000000 -9.214602
DontCare -1.000000 -1.000000 -10.000000 616.750000 177.420000 635.580000 190.420000 -1.000000 -1.000000 -1.000000 -1000.000000 -1000.000000 -1000.000000 -9.214602
DontCare -1.000000 -1.000000 -10.000000 639.770000 173.980000 656.480000 186.520000 -1.000000 -1.000000 -1.000000 -1000.000000 -1000.000000 -1000.000000 -9.214602
DontCare -1.000000 -1.000000 -10.000000 665.810000 176.060000 681.480000 185.480000 -1.000000 -1.000000 -1.000000 -1000.000000 -1000.000000 -1000.000000 -9.214602
