Car 0.000000 0.000000 -1.570000 588.637673 177.418039 611.947127 199.773103 1.540000 1.630000 3.670000 -0.180000 1.880000 52.290000 -1.573442
Car 0.000000 0.000000 -1.800000 690.125276 188.811908 839.316449 304.844566 1.400000 1.530000 3.560000 2.650000 1.680000 10.980000 -1.563181
Car 0.000000 2.000000 -1.760000 670.038624 180.210333 771.327463 258.706522 1.490000 1.600000 3.810000 2.800000 1.670000 15.970000 -1.586435
Car 0.000000 0.000000 1.630000 553.307558 179.399597 575.683910 198.071552 1.450000 1.590000 3.590000 -3.190000 2.000000 59.090000 1.576067
Car 0.000000 1.000000 -1.700000 654.241506 179.322329 706.106352 224.018084 1.480000 1.470000 3.700000 2.980000 1.730000 26.290000 -1.587131
Car 0.000000 2.000000 -1.680000 640.756534 175.764309 687.773184 217.102614 1.640000 1.640000 3.890000 2.750000 1.770000 30.860000 -1.591123
Car 0.000000 1.000000 0.280000 376.712036 185.420252 429.395292 203.710927 1.580000 1.560000 4.240000 -17.880000 2.710000 64.220000 0.008459
Pedestrian 0.000000 1.000000 -1.710000 693.499248 167.331717 710.620428 207.922793 1.820000 0.690000 0.680000 4.660000 1.570000 32.690000 -1.568403
DontCare -1.000000 -1.000000 -10.000000 447.060000 183.350000 493.980000 200.060000 -1.000000 -1.000000 -1.000000 -1000.000000 -1000.000000 -1000.000000 -9.214602
DontCare -1.000000 -1.000000 -10.000000 528.310000 179.190000 555.430000 192.770000 -1.000000 -1.000000 -1.000000 -1000.000000 -1000.000000 -1000.000000 -9.214602
DontCare -1.000000 -1.000000 -10.000000 625.190000 177.100000 660.650000 201.100000 -1.000000 -1.000000 -1.000000 -1000.000000 -1000.000000 -1000.000000 -9.214602
