Car 0.000000 0.000000 1.930000 247.411043 188.556890 325.654296 233.791412 1.510000 1.460000 3.630000 -11.610000 2.140000 27.210000 1.526706
Car 0.000000 0.000000 1.680000 500.484146 171.132726 534.246538 199.606009 1.780000 1.720000 4.000000 -5.500000 1.670000 47.110000 1.563778
Van 0.000000 1.000000 1.870000 433.097478 161.693322 478.434696 196.600657 2.870000 1.950000 6.580000 -12.790000 1.950000 62.690000 1.668742
Car 0.000000 0.000000 1.770000 405.776342 179.853657 455.538928 211.276632 1.470000 1.690000 3.740000 -8.510000 1.840000 36.490000 1.540881
Car 0.000000 1.000000 1.890000 325.510726 184.247941 386.695576 218.216601 1.480000 1.540000 4.070000 -11.680000 2.060000 34.840000 1.566528
Cyclist 0.000000 0.000000 1.820000 350.039846 175.120456 378.538301 223.047246 1.820000 0.590000 1.890000 -9.180000 1.910000 28.450000 1.507876
Pedestrian 0.000000 2.000000 0.010000 452.490837 177.389142 460.114424 199.646190 1.750000 0.670000 0.580000 -11.690000 2.110000 57.270000 -0.191355
Car 0.000000 2.000000 0.200000 944.895119 153.531804 1205.455673 243.582163 1.620000 1.640000 4.330000 10.040000 1.270000 15.090000 0.787084
Car 0.000000 1.000000 0.140000 291.066543 179.879903 351.453169 198.196693 1.430000 1.550000 4.370000 -22.870000 2.010000 58.550000 -0.232382
DontCare -1.000000 -1.000000 -10.000000 540.810000 173.980000 558.560000 191.730000 -1.000000 -1.000000 -1.000000 -1000.000000 -1000.000000 -1000.000000 -9.214602
