Car 0.000000 0.000000 -1.260000 861.614536 177.989875 1145.090242 328.351396 1.480000 1.710000 4.650000 5.780000 1.560000 9.410000 -0.709176
Car 0.000000 1.000000 -0.970000 676.777629 142.722549 931.161494 289.914645 2.040000 1.660000 4.620000 3.860000 1.620000 12.070000 -0.660477
Misc 0.000000 2.000000 2.320000 513.408727 208.200380 819.336568 286.919552 0.930000 2.390000 5.820000 1.760000 1.740000 13.800000 2.446851
Car 0.000000 1.000000 -0.730000 498.147890 178.772355 703.085621 257.824970 1.530000 1.610000 4.730000 0.400000 1.680000 16.430000 -0.705659
Car 0.000000 1.000000 -0.550000 435.170140 185.904896 573.452954 243.481318 1.400000 1.560000 3.480000 -2.400000 1.790000 20.000000 -0.669429
Misc 0.000000 2.000000 2.510000 461.111236 188.854353 586.743589 250.235482 1.340000 1.600000 2.680000 -1.640000 1.770000 18.010000 2.419190
Misc 0.000000 1.000000 2.360000 605.552644 161.483988 662.293095 208.586505 2.020000 1.310000 2.250000 1.570000 1.530000 32.180000 2.408749
Car 0.000000 0.000000 -1.790000 168.261848 195.124968 256.330753 243.495064 1.270000 1.660000 4.060000 -12.220000 2.040000 22.940000 -2.279459
Car 0.000000 0.000000 -1.620000 55.145971 198.035796 120.698843 250.113986 1.480000 1.670000 4.500000 -17.660000 2.430000 25.000000 -2.235008
Truck 0.000000 1.000000 -1.630000 24.487979 154.835116 111.860991 243.887619 3.250000 2.520000 7.640000 -22.220000 2.590000 30.070000 -2.266387
