Car 0.970000 0.000000 2.250000 -2142.669494 185.388433 275.702433 1456.631734 1.630000 1.600000 3.730000 -2.460000 1.710000 2.850000 1.537917
Car 1.000000 0.000000 -2.790000 1163.290000 196.940000 1241.000000 374.000000 1.590000 1.490000 3.340000 2.690000 1.650000 0.850000 -1.525260
Car 0.330000 0.000000 -1.940000 709.814918 194.098480 1054.668861 465.329358 1.540000 1.600000 3.520000 2.370000 1.770000 6.130000 -1.571078
Car 0.030000 2.000000 -1.310000 180.575502 192.912843 433.448223 382.184059 1.540000 1.500000 3.480000 -2.580000 1.810000 8.020000 -1.621240
Car 0.000000 2.000000 1.770000 354.569178 191.598575 490.836637 288.341549 1.440000 1.630000 3.320000 -2.750000 1.820000 13.050000 1.562311
Car 0.000000 1.000000 -1.850000 671.770620 183.941302 804.973820 288.143855 1.550000 1.550000 3.270000 2.610000 1.770000 12.780000 -1.648545
Car 0.000000 2.000000 -1.710000 644.730547 184.627362 727.591669 254.403669 1.480000 1.600000 3.790000 2.260000 1.800000 17.850000 -1.584059
Car 0.000000 0.000000 1.710000 497.138714 184.351869 550.905769 228.310756 1.560000 1.550000 3.640000 -2.830000 2.040000 28.420000 1.610749
Car 0.000000 1.000000 1.660000 529.902887 175.302141 574.534011 218.951171 1.910000 1.660000 4.220000 -2.160000 2.030000 33.940000 1.596444
Car 0.000000 1.000000 1.680000 552.824010 177.003636 592.608916 212.456619 1.830000 1.690000 4.280000 -1.510000 2.070000 39.950000 1.642221
DontCare -1.000000 -1.000000 -10.000000 609.560000 182.310000 665.850000 203.190000 -1.000000 -1.000000 -1.000000 -1000.000000 -1000.000000 -1000.000000 -9.214602
