Car 0.110000 0.000000 1.920000 99.644677 180.072621 433.090887 399.219551 1.630000 1.600000 3.730000 -2.600000 1.720000 7.360000 1.580423
Car 0.450000 0.000000 -2.030000 745.515928 188.310277 1159.740468 507.993832 1.590000 1.490000 3.340000 2.580000 1.740000 5.430000 -1.586439
Car 0.000000 1.000000 -1.800000 663.848685 187.866885 818.134905 316.484812 1.540000 1.600000 3.520000 2.260000 1.800000 10.830000 -1.594273
Car 0.000000 2.000000 -1.420000 352.413240 180.975719 479.727283 285.979680 1.540000 1.500000 3.480000 -2.760000 1.700000 12.640000 -1.634980
Car 0.000000 2.000000 1.730000 417.243313 184.077671 509.603708 250.915232 1.440000 1.630000 3.320000 -3.020000 1.740000 17.770000 1.561659
Car 0.000000 2.000000 -1.780000 647.814544 180.076425 736.206060 252.199193 1.550000 1.550000 3.270000 2.380000 1.740000 17.530000 -1.645058
Car 0.000000 2.000000 -1.690000 628.403381 179.123904 691.908069 232.122956 1.480000 1.600000 3.790000 1.970000 1.690000 22.520000 -1.602744
Car 0.000000 1.000000 1.700000 503.731730 178.292048 549.106719 215.093782 1.560000 1.550000 3.640000 -3.270000 1.820000 32.970000 1.601142
Car 0.000000 1.000000 1.660000 527.979906 170.132973 567.073925 207.901666 1.910000 1.660000 4.220000 -2.790000 1.770000 38.610000 1.587864
Car 0.000000 1.000000 1.670000 547.627797 173.045460 582.584044 204.241102 1.830000 1.690000 4.280000 -2.220000 1.840000 44.530000 1.620187
DontCare -1.000000 -1.000000 -10.000000 598.100000 175.020000 645.020000 192.770000 -1.000000 -1.000000 -1.000000 -1000.000000 -1000.000000 -1000.000000 -9.214602
