Pedestrian 0.000000 0.000000 -2.020000 893.689010 139.742493 962.828941 272.155209 1.670000 0.700000 0.440000 4.580000 1.250000 9.320000 -1.563243
Cyclist 0.220000 0.000000 2.090000 27.430725 181.682002 233.530074 428.894155 1.710000 0.560000 1.680000 -3.320000 1.790000 5.890000 1.576724
Cyclist 0.000000 0.000000 1.840000 343.661484 169.936962 403.832566 280.846235 1.810000 0.510000 1.710000 -3.620000 1.760000 12.630000 1.560864
Car 0.000000 0.000000 -1.870000 700.129335 172.199922 874.415072 307.229357 1.570000 1.540000 3.220000 2.750000 1.560000 10.020000 -1.602144
Car 0.000000 1.000000 -1.740000 662.046799 162.583261 765.772326 257.842362 1.740000 1.600000 3.860000 2.520000 1.550000 15.110000 -1.574744
Car 0.000000 2.000000 -1.680000 648.713344 162.361319 722.231930 234.114851 1.830000 1.690000 4.440000 2.530000 1.560000 20.630000 -1.557972
Car 0.000000 2.000000 -1.640000 645.332984 170.831523 695.977309 218.996394 1.610000 1.620000 3.780000 2.610000 1.540000 26.030000 -1.540065
Pedestrian 0.000000 0.000000 0.610000 616.880154 161.799669 636.166420 195.807210 1.900000 0.420000 1.040000 1.430000 1.280000 40.790000 0.645043
Pedestrian 0.000000 1.000000 0.590000 625.329963 163.203897 643.198924 196.157743 1.870000 0.500000 0.900000 1.890000 1.320000 41.410000 0.635609
Car 0.000000 0.000000 1.660000 522.411202 166.860664 549.374695 193.554798 1.860000 1.570000 3.830000 -4.820000 1.440000 52.190000 1.567906
Pedestrian 0.000000 0.000000 -0.010000 581.594188 167.263815 593.732264 190.002424 1.780000 0.530000 0.950000 -1.250000 1.340000 56.760000 -0.032019
Car 0.000000 1.000000 1.760000 437.817518 176.806721 492.208867 216.328932 1.500000 1.460000 3.700000 -5.390000 1.670000 29.610000 1.579938
Car 0.710000 1.000000 2.250000 -412.564662 201.661586 213.514621 463.139032 1.540000 1.700000 4.320000 -5.380000 1.900000 6.900000 1.587754
Car 0.000000 1.000000 2.000000 141.950126 189.266456 351.923795 306.622327 1.540000 1.540000 3.720000 -5.220000 1.850000 11.860000 1.585380
Car 0.000000 2.000000 1.860000 291.540448 182.362039 420.371046 261.151923 1.570000 1.600000 4.240000 -5.320000 1.820000 17.020000 1.557048
Car 0.000000 1.000000 1.830000 373.143655 176.183833 459.209299 234.611640 1.650000 1.610000 3.730000 -5.440000 1.760000 22.470000 1.592470
