Pedestrian 0.000000 0.000000 -1.470000 251.122679 155.878645 286.333915 223.026920 1.820000 0.780000 0.940000 -8.870000 1.150000 19.730000 -1.892496
Pedestrian 0.000000 1.000000 -1.280000 361.626490 161.043572 387.968721 205.100174 1.760000 0.690000 1.210000 -8.870000 0.980000 28.850000 -1.578280
Pedestrian 0.000000 0.000000 -2.730000 93.428828 150.024445 148.346181 235.788996 1.850000 0.660000 0.800000 -10.200000 1.190000 15.640000 -3.307902
Pedestrian 0.000000 1.000000 -1.130000 245.694413 153.836454 266.762113 197.924214 1.930000 0.590000 0.700000 -14.920000 0.760000 31.300000 -1.574816
Car 0.000000 0.000000 -1.510000 537.233735 172.446758 575.398648 200.244580 1.440000 1.790000 3.960000 -2.080000 1.020000 38.610000 -1.563820
Car 0.000000 1.000000 -2.160000 946.336218 181.400584 1051.940617 228.550427 1.480000 1.560000 3.330000 13.750000 1.510000 23.970000 -1.639193
Car 0.000000 1.000000 -2.240000 1019.691865 183.614574 1137.778219 228.812680 1.400000 1.590000 3.350000 16.360000 1.510000 23.860000 -1.638959
Car 0.050000 2.000000 0.890000 1083.636711 184.053899 1212.636540 229.744423 1.440000 1.500000 3.800000 19.150000 1.570000 24.490000 1.553639
Pedestrian 0.000000 1.000000 2.160000 76.237974 154.221210 121.805275 233.885007 1.720000 0.490000 0.730000 -10.680000 1.150000 15.630000 1.560569
Pedestrian 0.000000 0.000000 -1.180000 280.446959 153.124989 306.663807 200.672326 2.010000 0.760000 0.840000 -12.830000 0.850000 30.310000 -1.580424
Pedestrian 0.000000 2.000000 -1.140000 261.556205 158.593983 288.634356 200.388212 1.750000 0.650000 1.070000 -13.540000 0.830000 30.140000 -1.562219
Pedestrian 0.000000 0.000000 2.090000 151.574494 156.319750 188.321524 231.328185 1.760000 0.570000 0.500000 -9.860000 1.190000 16.840000 1.560303
Pedestrian 0.000000 2.000000 2.130000 111.568644 150.122304 151.321299 227.351129 1.900000 0.590000 0.610000 -11.350000 1.150000 17.700000 1.559806
Pedestrian 0.210000 0.000000 -3.090000 995.372466 164.973333 1186.350539 380.417736 1.630000 0.550000 1.280000 4.560000 1.510000 5.970000 -2.437713
Cyclist 0.000000 0.000000 1.670000 492.177448 166.469252 503.615257 196.116724 1.790000 0.510000 1.730000 -6.060000 0.940000 43.560000 1.531769
Pedestrian 0.000000 1.000000 2.100000 95.769042 158.006978 125.202364 223.025516 1.640000 0.460000 0.430000 -12.130000 1.070000 18.060000 1.508555
Pedestrian 0.000000 0.000000 2.150000 57.540009 151.735606 98.170365 224.931731 1.800000 0.520000 0.690000 -12.720000 1.090000 17.740000 1.527940
Car 0.000000 0.000000 -1.630000 592.303598 171.772159 627.086244 199.521398 1.390000 1.640000 4.510000 0.720000 0.950000 37.700000 -1.610904
Pedestrian 0.000000 0.000000 -2.680000 209.945750 153.354961 224.359459 197.165745 1.900000 0.530000 0.350000 -16.450000 0.720000 30.930000 -3.168799
Pedestrian 0.000000 2.000000 2.440000 1176.419295 181.135349 1204.284222 216.776467 1.800000 0.800000 0.760000 30.420000 1.830000 36.120000 3.139944
