Car 0.890000 0.000000 2.220000 988.462520 85.282737 2144.073281 448.061615 1.730000 1.740000 4.710000 5.560000 1.310000 4.340000 3.128012
Car 0.000000 2.000000 1.800000 249.880875 183.122170 404.268966 281.873415 1.580000 1.760000 4.180000 -4.840000 1.810000 14.160000 1.470642
Car 0.070000 0.000000 1.950000 79.149624 178.654265 454.850031 391.546220 1.650000 1.880000 4.450000 -2.750000 1.730000 7.980000 1.618134
Car 0.000000 1.000000 -0.410000 845.991270 140.382023 1021.888065 203.492128 1.900000 1.780000 4.720000 10.550000 0.920000 22.670000 0.025564
Car 0.000000 1.000000 -2.120000 1007.764706 144.995776 1093.385764 187.942493 1.800000 1.650000 3.550000 19.940000 0.630000 32.020000 -1.563031
Van 0.210000 1.000000 -2.120000 1143.598689 132.687923 1251.272459 183.509563 2.110000 1.750000 4.310000 26.550000 0.440000 32.210000 -1.430630
Car 0.000000 1.000000 -2.190000 1050.903462 147.780903 1148.841670 186.661088 1.640000 1.700000 3.910000 22.360000 0.580000 32.400000 -1.585933
Car 0.000000 1.000000 1.760000 423.510081 184.460211 491.694589 228.403167 1.420000 1.670000 3.800000 -4.960000 1.870000 26.220000 1.573041
Car 0.000000 2.000000 1.790000 361.502200 184.389052 462.809759 248.934033 1.550000 1.710000 4.500000 -4.950000 1.910000 20.400000 1.551954
Car 0.000000 1.000000 1.440000 663.114560 173.114201 713.322424 209.333263 1.500000 1.710000 4.440000 3.900000 1.510000 32.140000 1.560754
Car 0.000000 1.000000 1.720000 461.163738 180.926046 510.861277 218.206787 1.540000 1.630000 3.590000 -5.010000 1.920000 32.380000 1.566492
Car 0.000000 0.000000 -1.450000 600.718585 179.247537 637.121602 207.359486 1.580000 1.710000 3.750000 1.080000 1.980000 43.430000 -1.425138
Car 0.000000 1.000000 -0.090000 658.147946 174.450420 745.595773 204.844283 1.490000 1.570000 4.260000 5.070000 1.570000 36.350000 0.048583
Car 0.000000 1.000000 -0.730000 580.348831 172.594405 620.873478 188.204884 1.660000 1.650000 4.450000 -0.480000 1.630000 78.830000 -0.736089
DontCare -1.000000 -1.000000 -10.000000 514.770000 178.150000 549.190000 209.440000 -1.000000 -1.000000 -1.000000 -1000.000000 -1000.000000 -1000.000000 -9.214602
