Car 0.000000 0.000000 -1.560000 529.160844 176.992302 640.746426 284.237104 1.560000 1.650000 3.690000 0.150000 1.640000 12.500000 -1.548001
Car 0.170000 0.000000 -1.360000 884.953050 179.077278 1214.301852 397.166674 1.380000 1.560000 3.800000 4.620000 1.450000 6.530000 -0.744256
Van 0.000000 1.000000 1.710000 474.992813 172.389057 519.882638 206.411311 2.020000 1.990000 5.560000 -6.530000 1.990000 45.620000 1.567827
Pedestrian 0.000000 0.000000 -0.890000 789.202775 166.690246 827.755228 227.002015 1.640000 0.630000 0.860000 6.020000 1.470000 20.120000 -0.599273
Pedestrian 0.000000 1.000000 1.930000 925.153842 171.456792 950.383074 215.188318 1.490000 0.550000 0.780000 11.870000 1.440000 25.050000 2.372511
Pedestrian 0.000000 2.000000 2.570000 1037.221024 160.849320 1057.745617 218.392175 1.810000 0.510000 0.340000 14.400000 1.430000 22.950000 3.130360
Pedestrian 0.000000 1.000000 2.210000 996.372532 167.630989 1007.422078 205.600408 1.800000 0.430000 0.200000 19.200000 1.550000 34.440000 2.718576
Car 0.000000 1.000000 0.520000 20.383140 189.417879 120.956807 221.909960 1.430000 1.450000 3.500000 -24.560000 2.220000 33.600000 -0.111199
DontCare -1.000000 -1.000000 -10.000000 457.480000 179.190000 483.560000 200.060000 -1.000000 -1.000000 -1.000000 -1000.000000 -1000.000000 -1000.000000 -9.214602
DontCare -1.000000 -1.000000 -10.000000 529.350000 175.020000 559.600000 185.480000 -1.000000 -1.000000 -1.000000 -1000.000000 -1000.000000 -1000.000000 -9.214602
