Car 0.930000 0.000000 2.280000 -1095.590464 203.798284 211.605857 796.782774 1.460000 1.500000 3.880000 -3.490000 1.710000 3.930000 1.553832
Car 0.920000 0.000000 -2.260000 883.087520 184.667953 1955.063824 800.480112 1.460000 1.550000 3.190000 3.080000 1.540000 3.400000 -1.523944
Van 0.000000 1.000000 1.920000 86.428038 138.435868 397.713976 353.808542 2.050000 1.790000 4.470000 -3.690000 1.720000 9.130000 1.535911
Car 0.000000 1.000000 -1.910000 728.128727 183.368763 1013.930186 364.736331 1.440000 1.690000 4.450000 3.010000 1.590000 8.220000 -1.558984
Car 0.000000 2.000000 -1.620000 716.418646 181.276935 813.006206 265.746142 1.420000 1.660000 3.710000 3.540000 1.610000 14.500000 -1.380546
Van 0.100000 3.000000 -2.540000 -57.176190 133.539100 281.532447 249.144448 2.610000 2.210000 6.750000 -11.340000 1.720000 17.480000 -3.115490
Car 0.000000 2.000000 -1.390000 737.086893 164.351656 837.935572 236.021892 1.750000 1.840000 4.430000 5.520000 1.540000 20.010000 -1.120833
Van 0.000000 0.000000 -1.610000 598.917170 163.203944 634.165577 201.602089 1.980000 1.800000 4.540000 0.800000 1.480000 39.490000 -1.589744
Van 0.000000 2.000000 -0.360000 794.750851 145.634654 952.809068 204.137535 2.660000 2.130000 6.640000 12.760000 1.420000 33.870000 0.000291
Car 0.000000 0.000000 -1.450000 467.651601 178.062212 510.508591 207.432964 1.480000 1.710000 4.650000 -6.060000 1.780000 39.540000 -1.602079
Car 0.000000 1.000000 -1.310000 405.061154 167.113559 458.321189 206.462693 2.040000 1.660000 4.620000 -9.240000 1.740000 39.740000 -1.538452
DontCare -1.000000 -1.000000 -10.000000 557.480000 169.810000 583.560000 191.730000 -1.000000 -1.000000 -1.000000 -1000.000000 -1000.000000 -1000.000000 -9.214602
DontCare -1.000000 -1.000000 -10.000000 666.850000 156.270000 695.020000 181.310000 -1.000000 -1.000000 -1.000000 -1000.000000 -1000.000000 -1000.000000 -9.214602
DontCare -1.000000 -1.000000 -10.000000 723.100000 170.850000 760.640000 194.850000 -1.000000 -1.000000 -1.000000 -1000.000000 -1000.000000 -1000.000000 -9.214602
