Car 0.000000 0.000000 -1.550000 577.544847 177.935455 639.936329 228.880149 1.360000 1.690000 3.380000 0.520000 1.520000 21.330000 -1.525626
Car 0.000000 0.000000 -1.850000 -6.122182 181.497413 271.313361 373.621091 1.480000 1.560000 3.720000 -4.650000 1.590000 7.550000 -2.402024
Car 0.000000 0.000000 -2.290000 343.023245 179.132160 496.893368 246.527327 1.400000 1.600000 3.550000 -4.030000 1.560000 16.980000 -2.523026
Car 0.000000 2.000000 -2.160000 424.979971 174.532855 515.682993 219.939078 1.460000 1.490000 3.400000 -4.410000 1.520000 25.070000 -2.334126
Car 0.000000 2.000000 -2.270000 446.534195 173.880520 536.435251 213.270257 1.430000 1.620000 3.470000 -4.150000 1.470000 28.040000 -2.416936
Car 0.000000 2.000000 -2.230000 480.660686 172.264451 554.425308 201.522958 1.370000 1.550000 3.960000 -4.130000 1.340000 35.740000 -2.345047
Van 0.000000 3.000000 -2.280000 517.358798 158.497006 582.690279 192.702250 2.210000 1.820000 4.690000 -3.610000 1.280000 48.920000 -2.353660
Car 0.670000 3.000000 -2.150000 854.956816 173.937686 1451.231973 489.350542 1.660000 1.720000 4.410000 4.100000 1.670000 6.030000 -1.552869
Pedestrian 0.000000 0.000000 -1.740000 783.639302 180.978258 873.201827 333.768974 1.540000 0.840000 0.750000 2.800000 1.630000 7.760000 -1.393714
Car 0.000000 1.000000 -1.890000 754.011501 185.787542 909.566349 283.287082 1.410000 1.610000 3.710000 4.210000 1.670000 12.780000 -1.571775
Car 0.000000 2.000000 -1.790000 715.102550 183.395306 809.995591 246.671928 1.360000 1.590000 3.850000 4.180000 1.650000 18.080000 -1.562797
Car 0.000000 2.000000 -1.770000 694.162895 168.555573 771.750973 226.494466 1.720000 1.790000 3.940000 4.370000 1.590000 23.400000 -1.585375
Pedestrian 0.000000 1.000000 -2.020000 671.960451 171.462732 694.863212 204.595504 1.610000 0.740000 1.080000 4.120000 1.540000 35.690000 -1.905070
Car 0.000000 2.000000 2.180000 99.149692 177.995181 297.126210 257.205785 1.410000 1.580000 3.900000 -7.910000 1.530000 15.140000 1.698549
Car 0.000000 2.000000 2.100000 251.459493 175.532822 368.059419 231.493642 1.440000 1.580000 3.250000 -7.910000 1.520000 20.460000 1.731091
Car 0.000000 2.000000 -1.580000 595.887442 171.400896 631.773551 204.071808 1.520000 1.670000 3.610000 0.690000 1.450000 35.380000 -1.560500
Car 0.390000 3.000000 2.190000 -157.916967 181.166284 150.578985 298.177524 1.380000 1.590000 3.540000 -8.120000 1.520000 10.560000 1.534487
Car 0.000000 2.000000 1.860000 320.958584 172.918502 396.462784 217.956853 1.450000 1.470000 3.520000 -8.130000 1.450000 25.010000 1.545705
Van 0.000000 3.000000 -0.440000 852.586370 155.863316 994.527318 209.331656 2.510000 2.460000 5.850000 15.660000 1.710000 35.160000 -0.020984
Car 0.000000 2.000000 2.160000 32.783983 174.540952 170.604674 233.088364 1.530000 1.530000 3.450000 -13.920000 1.580000 20.680000 1.567547
