Car 0.000000 0.000000 -1.580000 581.584826 177.659639 623.806733 218.210303 1.560000 1.650000 3.690000 0.200000 1.770000 30.040000 -1.573342
Car 0.000000 0.000000 2.150000 -19.378421 184.145238 201.167885 270.459258 1.560000 1.700000 4.410000 -10.570000 1.840000 15.830000 1.561269
Car 0.000000 0.000000 -1.130000 758.674698 170.851493 955.987898 281.839794 1.530000 1.570000 3.540000 4.590000 1.500000 11.730000 -0.757012
Car 0.000000 1.000000 -1.030000 727.227179 173.373823 901.285635 254.652574 1.500000 1.640000 3.990000 4.890000 1.510000 15.270000 -0.720083
Car 0.000000 1.000000 -1.060000 680.492972 178.814689 820.135742 240.965407 1.400000 1.650000 4.180000 4.230000 1.570000 18.760000 -0.838229
Car 0.000000 1.000000 -1.000000 666.897432 171.862681 785.140038 228.960893 1.590000 1.650000 3.940000 4.110000 1.560000 22.090000 -0.816046
Car 0.000000 2.000000 -0.950000 665.537774 175.253453 773.689231 220.722065 1.480000 1.730000 4.060000 4.460000 1.570000 25.740000 -0.778432
Car 0.000000 2.000000 -0.850000 656.251313 173.371307 751.870037 216.289622 1.630000 1.610000 3.960000 4.360000 1.650000 29.340000 -0.702477
Car 0.000000 0.000000 1.690000 524.454764 180.191618 545.114510 195.822752 1.380000 1.470000 3.620000 -6.470000 2.080000 67.240000 1.594073
Car 0.000000 2.000000 -0.860000 635.951880 175.334944 688.194195 194.970531 1.400000 1.630000 4.050000 4.430000 1.590000 53.950000 -0.778071
Van 0.000000 2.000000 -0.890000 629.734474 171.788124 675.738371 192.318291 1.880000 1.820000 4.640000 4.600000 1.780000 68.390000 -0.822840
Car 0.000000 0.000000 1.740000 488.968937 177.387342 512.860598 194.350381 1.670000 1.680000 4.490000 -10.710000 2.150000 74.510000 1.597239
DontCare -1.000000 -1.000000 -10.000000 559.560000 176.060000 579.390000 186.520000 -1.000000 -1.000000 -1.000000 -1000.000000 -1000.000000 -1000.000000 -9.214602
DontCare -1.000000 -1.000000 -10.000000 469.980000 178.150000 485.650000 188.610000 -1.000000 -1.000000 -1.000000 -1000.000000 -1000.000000 -1000.000000 -9.214602
