Car 0.000000 0.000000 1.780000 365.426846 178.164405 503.507037 282.042363 1.630000 1.600000 3.730000 -2.600000 1.740000 13.390000 1.588212
Car 0.500000 0.000000 -1.900000 771.199888 206.115445 1144.390144 530.897402 1.450000 1.500000 3.260000 2.580000 1.770000 5.280000 -1.445485
Car 0.000000 1.000000 -1.810000 684.422023 181.741291 822.747561 301.600410 1.590000 1.490000 3.340000 2.610000 1.750000 11.500000 -1.586824
Car 0.000000 1.000000 -1.730000 646.039214 179.132412 734.998127 254.187993 1.540000 1.600000 3.520000 2.260000 1.700000 16.880000 -1.596905
Car 0.000000 2.000000 -1.430000 444.295069 189.118188 524.978673 257.682954 1.540000 1.500000 3.480000 -2.680000 2.000000 18.770000 -1.571822
Car 0.000000 2.000000 1.700000 474.642973 183.374185 539.150436 231.748326 1.440000 1.630000 3.320000 -2.850000 1.810000 23.870000 1.581166
Car 0.000000 2.000000 -1.760000 638.541085 177.481824 702.530719 229.205300 1.550000 1.550000 3.270000 2.400000 1.710000 23.620000 -1.658739
Car 0.000000 2.000000 -1.680000 625.842371 177.177867 675.318430 217.966561 1.480000 1.600000 3.790000 2.030000 1.660000 28.510000 -1.608917
Car 0.000000 1.000000 1.680000 524.358027 176.960299 561.206122 207.666193 1.560000 1.550000 3.640000 -3.090000 1.790000 38.990000 1.600914
Car 0.000000 1.000000 1.650000 542.906992 170.686861 575.913945 203.124737 1.910000 1.660000 4.220000 -2.580000 1.780000 44.610000 1.592230
Car 0.000000 1.000000 1.670000 557.430723 172.740548 588.118061 200.040440 1.830000 1.690000 4.280000 -2.060000 1.820000 50.550000 1.629271
DontCare -1.000000 -1.000000 -10.000000 606.440000 175.020000 635.650000 190.690000 -1.000000 -1.000000 -1.000000 -1000.000000 -1000.000000 -1000.000000 -9.214602
