Car 0.990000 0.000000 -2.290000 836.699238 149.330997 4444.370667 2180.282618 1.520000 1.580000 4.280000 2.680000 1.500000 2.720000 -1.512009
Car 0.000000 0.000000 1.930000 425.876346 177.106224 594.641877 277.018553 1.540000 1.640000 4.080000 -1.180000 1.630000 13.490000 1.842750
Car 0.000000 1.000000 -1.760000 776.213956 184.786657 985.141424 367.767312 1.460000 1.570000 3.580000 3.170000 1.620000 7.910000 -1.378840
Car 0.000000 2.000000 -1.710000 769.771598 172.976197 896.014861 281.967963 1.580000 1.670000 3.430000 4.120000 1.580000 12.300000 -1.386787
Car 0.490000 1.000000 -2.450000 1116.227206 139.954158 1315.205600 216.814648 1.840000 1.940000 3.680000 16.420000 1.050000 19.250000 -1.743774
Van 0.000000 1.000000 -2.290000 1018.434660 132.876372 1186.535558 216.298980 2.040000 1.720000 3.790000 13.670000 1.060000 19.620000 -1.681467
Van 0.000000 1.000000 -2.110000 915.899765 145.332889 1059.130342 218.711468 1.860000 1.750000 4.110000 10.950000 1.160000 20.380000 -1.616966
Car 0.000000 2.000000 1.770000 566.047893 170.941755 630.334487 213.370071 1.500000 1.600000 4.170000 0.120000 1.430000 27.710000 1.774331
Car 0.000000 2.000000 2.230000 875.941309 160.500480 958.576294 197.492530 1.520000 1.580000 3.280000 13.750000 1.010000 31.120000 2.646046
Car 0.000000 0.000000 -1.620000 751.427400 166.873050 792.137506 203.556731 1.580000 1.680000 3.930000 7.870000 1.320000 33.160000 -1.386977
Car 0.000000 1.000000 1.770000 619.622408 169.358627 663.302616 200.453967 1.580000 1.540000 3.980000 2.240000 1.400000 38.780000 1.827698
Truck 0.000000 3.000000 -1.480000 716.527724 142.481652 762.222958 186.340548 3.520000 2.890000 10.810000 12.050000 1.080000 63.500000 -1.292466
DontCare -1.000000 -1.000000 -10.000000 111.650000 182.310000 223.150000 218.810000 -1.000000 -1.000000 -1.000000 -1000.000000 -1000.000000 -1000.000000 -9.214602
DontCare -1.000000 -1.000000 -10.000000 360.600000 183.350000 399.180000 199.020000 -1.000000 -1.000000 -1.000000 -1000.000000 -1000.000000 -1000.000000 -9.214602
DontCare -1.000000 -1.000000 -10.000000 410.600000 179.190000 434.600000 192.770000 -1.000000 -1.000000 -1.000000 -1000.000000 -1000.000000 -1000.000000 -9.214602
DontCare -1.000000 -1.000000 -10.000000 655.400000 159.400000 690.860000 186.530000 -1.000000 -1.000000 -1.000000 -1000.000000 -1000.000000 -1000.000000 -9.214602
DontCare -1.000000 -1.000000 -10.000000 813.730000 157.310000 885.650000 181.310000 -1.000000 -1.000000 -1.000000 -1000.000000 -1000.000000 -1000.000000 -9.214602
