Car 0.000000 0.000000 2.040000 119.371064 188.943016 269.753399 272.047343 1.550000 1.540000 3.060000 -8.340000 1.930000 15.600000 1.549045
Car 0.000000 0.000000 1.710000 482.373118 180.698402 523.138462 208.619482 1.330000 1.560000 3.490000 -4.970000 1.750000 37.100000 1.576831
Car 0.000000 1.000000 1.890000 221.036103 185.847131 339.418097 246.493181 1.470000 1.720000 4.330000 -8.780000 1.880000 20.670000 1.488324
Car 0.000000 1.000000 1.820000 313.159984 186.580188 389.443290 227.826110 1.310000 1.600000 4.090000 -8.870000 1.850000 26.410000 1.495979
Car 0.000000 1.000000 2.070000 358.994804 183.368228 431.015223 217.713249 1.430000 1.580000 3.660000 -9.320000 1.940000 33.200000 1.796321
Car 0.000000 0.000000 -1.500000 650.755353 175.599556 679.721285 198.200650 1.370000 1.560000 3.540000 4.060000 1.550000 46.060000 -1.412081
DontCare -1.000000 -1.000000 -10.000000 861.790000 135.100000 1240.000000 205.700000 -1.000000 -1.000000 -1.000000 -1000.000000 -1000.000000 -1000.000000 -9.214602
DontCare -1.000000 -1.000000 -10.000000 633.080000 169.250000 660.080000 193.920000 -1.000000 -1.000000 -1.000000 -1000.000000 -1000.000000 -1000.000000 -9.214602
DontCare -1.000000 -1.000000 -10.000000 10.600000 195.850000 104.400000 227.140000 -1.000000 -1.000000 -1.000000 -1000.000000 -1000.000000 -1000.000000 -9.214602
DontCare -1.000000 -1.000000 -10.000000 707.480000 165.650000 735.650000 181.320000 -1.000000 -1.000000 -1.000000 -1000.000000 -1000.000000 -1000.000000 -9.214602
