Car 0.080000 1.000000 -2.130000 997.615577 146.321778 1230.724845 255.094256 2.040000 1.990000 4.820000 11.260000 1.540000 15.990000 -1.516467
Car 0.460000 3.000000 -2.220000 1105.700258 171.995560 1305.029307 244.649505 1.490000 1.560000 3.880000 14.050000 1.470000 16.770000 -1.522628
Car 0.560000 0.000000 -2.460000 -353.211994 188.730015 194.264723 353.609727 1.480000 1.560000 4.120000 -6.340000 1.660000 7.460000 -3.164416
Car 0.090000 3.000000 -2.640000 -70.573743 178.199552 260.870050 296.614224 1.510000 1.590000 3.500000 -6.590000 1.590000 10.200000 -3.213613
Car 0.000000 2.000000 -2.670000 37.907161 163.064933 359.389874 271.138751 1.740000 1.750000 4.570000 -6.450000 1.580000 12.500000 -3.146366
Car 0.000000 2.000000 0.380000 266.304568 163.149953 445.055555 233.396620 1.720000 1.680000 4.020000 -6.000000 1.480000 18.640000 0.068585
Car 0.000000 2.000000 -2.880000 298.611680 176.622878 462.576156 227.755688 1.410000 1.420000 4.270000 -6.030000 1.520000 20.760000 -3.162684
Car 0.000000 2.000000 -2.740000 162.409283 174.273376 388.605859 247.473822 1.500000 1.650000 4.140000 -6.640000 1.530000 15.640000 -3.141491
Car 0.000000 1.000000 0.190000 454.678131 171.088145 546.537963 198.904818 1.380000 1.660000 4.380000 -5.030000 1.290000 36.740000 0.053938
Car 0.000000 1.000000 1.040000 953.884759 161.949051 1080.559502 218.203878 1.690000 1.730000 4.300000 13.750000 1.360000 23.830000 1.563339
Car 0.000000 2.000000 -0.080000 657.748396 170.154942 753.973412 204.121221 1.480000 1.860000 4.180000 4.740000 1.360000 32.500000 0.064825
DontCare -1.000000 -1.000000 -10.000000 618.940000 161.480000 630.440000 188.600000 -1.000000 -1.000000 -1.000000 -1000.000000 -1000.000000 -1000.000000 -9.214602
