Car 0.000000 0.000000 -1.620000 561.689834 178.814023 611.043515 219.463498 1.360000 1.690000 3.380000 -0.430000 1.590000 26.390000 -1.636293
Car 0.000000 0.000000 1.140000 152.200316 185.708236 330.696481 275.500045 1.380000 1.550000 3.890000 -6.470000 1.650000 13.450000 0.691634
Car 0.000000 0.000000 -1.380000 373.580199 190.146997 507.168418 279.477269 1.300000 1.550000 3.510000 -2.400000 1.650000 12.940000 -1.563388
Car 0.000000 2.000000 -1.440000 446.114642 180.940862 536.011566 246.987794 1.430000 1.620000 3.760000 -2.360000 1.650000 17.960000 -1.570655
Car 0.000000 2.000000 0.890000 338.061928 174.044865 461.412309 226.029396 1.570000 1.670000 4.200000 -6.490000 1.610000 23.780000 0.623570
Car 0.840000 3.000000 -2.120000 796.689717 208.260283 1538.193252 695.957855 1.380000 1.550000 3.600000 2.730000 1.670000 4.130000 -1.535919
Truck 0.000000 3.000000 -1.790000 673.473148 54.890912 892.191611 287.730087 3.410000 2.570000 7.870000 3.360000 1.680000 14.510000 -1.562446
Pedestrian 0.000000 2.000000 -2.270000 889.243246 162.663062 981.216191 316.907056 1.780000 0.780000 0.650000 4.400000 1.660000 8.730000 -1.803150
Car 0.000000 0.000000 -1.660000 634.977797 177.520709 684.537040 218.365385 1.450000 1.640000 3.700000 2.350000 1.640000 27.890000 -1.575939
Car 0.000000 2.000000 -1.660000 624.428941 178.986848 660.107295 208.161301 1.390000 1.540000 3.860000 2.110000 1.720000 37.150000 -1.603264
Truck 0.000000 3.000000 -1.600000 613.207836 142.489233 656.280734 200.428073 3.430000 2.550000 8.020000 2.020000 1.630000 46.740000 -1.556809
Car 0.000000 0.000000 1.970000 233.909606 177.932698 309.988430 211.114719 1.430000 1.730000 4.090000 -15.230000 1.680000 33.790000 1.546543
Car 0.000000 2.000000 -1.550000 559.622729 177.288886 594.054244 208.365788 1.520000 1.670000 3.610000 -1.190000 1.760000 37.620000 -1.581622
Car 0.250000 3.000000 2.240000 -62.263135 175.329786 106.951987 235.472961 1.440000 1.520000 3.660000 -14.990000 1.510000 19.260000 1.578633
DontCare -1.000000 -1.000000 -10.000000 514.770000 162.520000 556.480000 186.520000 -1.000000 -1.000000 -1.000000 -1000.000000 -1000.000000 -1000.000000 -9.214602
