Cyclist 0.940000 0.000000 2.060000 -813.350157 61.587425 28.144271 981.969799 1.800000 0.600000 1.850000 -2.270000 1.580000 2.380000 1.298253
Pedestrian 0.000000 0.000000 -1.790000 485.992436 176.847811 515.868508 239.752166 1.530000 0.610000 0.730000 -2.250000 1.630000 18.050000 -1.914014
Pedestrian 0.000000 0.000000 -1.740000 468.204804 172.122909 495.227727 238.982019 1.610000 0.540000 0.870000 -2.700000 1.590000 17.870000 -1.889957
Pedestrian 0.000000 0.000000 2.440000 897.556764 164.097057 953.077082 262.579649 1.660000 0.800000 0.500000 5.980000 1.510000 12.610000 2.882817
Pedestrian 0.000000 0.000000 1.340000 630.809183 168.777727 650.941871 217.660405 1.890000 0.610000 0.920000 1.700000 1.730000 28.400000 1.399788
Pedestrian 0.000000 1.000000 1.310000 651.520061 168.274733 673.304388 217.521082 1.910000 0.690000 0.770000 2.550000 1.730000 28.420000 1.399486
DontCare -1.000000 -1.000000 -10.000000 452.270000 170.850000 474.190000 216.720000 -1.000000 -1.000000 -1.000000 -1000.000000 -1000.000000 -1000.000000 -9.214602
DontCare -1.000000 -1.000000 -10.000000 587.690000 177.100000 599.190000 191.720000 -1.000000 -1.000000 -1.000000 -1000.000000 -1000.000000 -1000.000000 -9.214602
DontCare -1.000000 -1.000000 -10.000000 742.900000 168.770000 753.360000 199.020000 -1.000000 -1.000000 -1.000000 -1000.000000 -1000.000000 -1000.000000 -9.214602
DontCare -1.000000 -1.000000 -10.000000 693.940000 178.150000 725.230000 206.320000 -1.000000 -1.000000 -1.000000 -1000.000000 -1000.000000 -1000.000000 -9.214602
