Car 0.830000 0.000000 -0.600000 771.201604 149.293238 1941.787278 603.806955 1.690000 1.760000 4.120000 3.510000 1.600000 3.840000 0.140530
Van 0.070000 0.000000 1.870000 94.247186 125.624509 488.839243 399.284570 2.130000 1.910000 6.400000 -2.550000 1.760000 8.830000 1.588861
Pedestrian 0.190000 3.000000 -2.250000 1137.562280 145.845698 1208.307474 296.864943 1.720000 0.570000 0.320000 7.010000 1.410000 8.380000 -1.553387
Pedestrian 0.000000 0.000000 -1.810000 756.551788 166.016077 786.892535 230.312290 1.670000 0.700000 0.440000 4.730000 1.490000 18.960000 -1.565518
Car 0.000000 2.000000 2.070000 -11.101769 189.032217 268.537105 334.167538 1.480000 1.440000 3.470000 -5.520000 1.730000 9.500000 1.543629
Car 0.000000 0.000000 -1.730000 658.943480 179.542604 726.394083 238.291928 1.570000 1.540000 3.220000 2.850000 1.780000 21.280000 -1.596864
Car 0.000000 2.000000 -1.720000 640.988379 173.424562 698.747801 225.003160 1.740000 1.600000 3.860000 2.600000 1.760000 26.350000 -1.621647
Pedestrian 0.000000 0.000000 0.680000 598.330189 170.142928 612.872160 196.210266 1.900000 0.420000 1.040000 0.180000 1.700000 53.080000 0.683391
Pedestrian 0.000000 1.000000 0.730000 604.274190 171.392783 617.757629 196.786346 1.870000 0.500000 0.900000 0.580000 1.760000 53.620000 0.740816
Car 0.000000 0.000000 1.640000 540.927826 172.880399 562.117912 194.659819 1.860000 1.570000 3.830000 -4.610000 1.860000 63.540000 1.567574
