Car 0.000000 0.000000 -1.390000 655.741663 174.578773 692.940179 197.469382 1.350000 1.600000 3.860000 4.550000 1.460000 44.940000 -1.289098
Van 0.000000 0.000000 -1.540000 718.237370 160.727305 750.747976 191.959806 2.080000 2.050000 4.960000 9.300000 1.270000 50.690000 -1.358550
Car 0.000000 0.000000 -1.090000 412.179382 181.839776 542.406781 239.682914 1.320000 1.480000 4.440000 -2.940000 1.590000 19.530000 -1.239416
Van 0.000000 1.000000 2.030000 310.652297 160.573546 424.621345 225.118154 2.300000 1.870000 5.700000 -8.930000 1.860000 28.670000 1.728049
Car 0.000000 1.000000 2.410000 13.173264 192.798139 187.688147 264.404201 1.440000 1.540000 3.150000 -11.490000 1.960000 17.180000 1.820521
Truck 0.000000 2.000000 1.740000 488.806215 144.830268 561.609394 205.475777 4.020000 2.600000 16.790000 -5.690000 2.160000 56.290000 1.639259
Car 0.000000 1.000000 -1.490000 685.714984 172.126402 708.830491 190.946315 1.490000 1.560000 3.650000 7.680000 1.430000 59.070000 -1.360710
DontCare -1.000000 -1.000000 -10.000000 205.400000 202.100000 247.110000 217.770000 -1.000000 -1.000000 -1.000000 -1000.000000 -1000.000000 -1000.000000 -9.214602
DontCare -1.000000 -1.000000 -10.000000 249.150000 193.770000 312.730000 212.560000 -1.000000 -1.000000 -1.000000 -1000.000000 -1000.000000 -1000.000000 -9.214602
DontCare -1.000000 -1.000000 -10.000000 611.650000 173.980000 631.480000 183.400000 -1.000000 -1.000000 -1.000000 -1000.000000 -1000.000000 -1000.000000 -9.214602
DontCare -1.000000 -1.000000 -10.000000 784.560000 156.270000 1240.000000 183.400000 -1.000000 -1.000000 -1.000000 -1000.000000 -1000.000000 -1000.000000 -9.214602
