Car 0.000000 1.000000 -2.660000 87.173165 163.196831 349.190101 277.167391 1.860000 1.690000 3.690000 -6.250000 1.700000 12.660000 -3.118580
Car 0.000000 2.000000 -2.780000 215.232252 170.759698 414.324459 244.668420 1.680000 1.690000 4.070000 -6.460000 1.630000 17.250000 -3.138326
Car 0.000000 1.000000 -1.870000 818.873344 148.830872 899.973917 200.547757 2.040000 1.990000 4.820000 11.040000 1.090000 30.910000 -1.526956
Car 0.000000 1.000000 -1.970000 880.690828 159.546991 952.949417 195.754554 1.490000 1.560000 3.880000 13.850000 0.940000 31.640000 -1.557391
Car 0.000000 2.000000 -2.870000 306.426731 175.741500 455.720025 225.678659 1.480000 1.560000 4.120000 -6.500000 1.570000 22.280000 -3.153863
Car 0.000000 2.000000 -2.910000 341.734010 172.920968 455.776972 218.132068 1.510000 1.590000 3.500000 -6.750000 1.510000 24.950000 -3.174216
Car 0.000000 2.000000 -2.900000 353.805986 166.099180 486.625435 213.567470 1.740000 1.750000 4.570000 -6.620000 1.490000 27.330000 -3.137647
DontCare -1.000000 -1.000000 -10.000000 475.190000 161.480000 570.020000 195.900000 -1.000000 -1.000000 -1.000000 -1000.000000 -1000.000000 -1000.000000 -9.214602
DontCare -1.000000 -1.000000 -10.000000 614.770000 157.310000 629.390000 182.350000 -1.000000 -1.000000 -1.000000 -1000.000000 -1000.000000 -1000.000000 -9.214602
DontCare -1.000000 -1.000000 -10.000000 641.850000 158.350000 701.270000 185.470000 -1.000000 -1.000000 -1.000000 -1000.000000 -1000.000000 -1000.000000 -9.214602
DontCare -1.000000 -1.000000 -10.000000 762.690000 156.270000 821.070000 180.270000 -1.000000 -1.000000 -1.000000 -1000.000000 -1000.000000 -1000.000000 -9.214602
