Car 0.000000 0.000000 -1.570000 583.062203 175.487886 607.054287 198.353572 1.540000 1.630000 3.670000 -0.530000 1.730000 50.860000 -1.580420
Car 0.000000 0.000000 1.690000 474.617054 180.394805 534.661604 226.216074 1.450000 1.590000 3.590000 -3.120000 1.730000 25.220000 1.566914
Car 0.000000 0.000000 -1.940000 735.833280 183.259749 989.395489 363.144404 1.480000 1.470000 3.700000 2.960000 1.620000 8.010000 -1.586026
Car 0.000000 1.000000 -1.800000 679.128169 175.956620 820.004141 288.789588 1.640000 1.640000 3.890000 2.720000 1.700000 12.550000 -1.586568
Car 0.000000 2.000000 -1.800000 665.304010 173.355495 749.403821 254.244782 1.690000 1.390000 2.650000 2.630000 1.700000 16.460000 -1.641558
Car 0.000000 1.000000 -1.710000 640.892780 177.806730 697.657965 223.362984 1.500000 1.590000 3.790000 2.560000 1.690000 26.100000 -1.612228
Car 0.000000 2.000000 -1.620000 628.126177 176.879830 658.252981 204.610448 1.490000 1.570000 4.070000 2.360000 1.730000 41.400000 -1.563057
Car 0.000000 2.000000 -1.660000 636.286771 176.612584 679.608340 215.717082 1.570000 1.590000 3.750000 2.510000 1.740000 31.210000 -1.579750
Car 0.000000 1.000000 0.210000 369.565255 183.062105 437.733558 207.780526 1.520000 1.510000 3.940000 -12.600000 2.180000 45.950000 -0.057633
Car 0.000000 1.000000 0.380000 279.030735 183.098637 355.663342 208.751134 1.580000 1.560000 4.240000 -18.060000 2.240000 45.860000 0.004844
Pedestrian 0.000000 2.000000 -1.810000 752.347883 159.310848 787.393413 236.918362 1.820000 0.690000 0.680000 4.300000 1.500000 17.260000 -1.565839
