Car 0.000000 0.000000 2.080000 97.628764 198.173224 231.720368 264.644600 1.510000 1.460000 3.630000 -11.450000 2.260000 19.610000 1.551513
Car 0.000000 0.000000 1.670000 488.069358 173.222439 525.605347 205.523272 1.780000 1.720000 4.000000 -5.430000 1.800000 41.830000 1.540911
Van 0.000000 1.000000 1.860000 422.245886 162.680106 470.293593 200.230115 2.870000 1.950000 6.580000 -12.660000 2.090000 58.500000 1.646876
Car 0.000000 0.000000 1.780000 349.989085 183.429654 418.292040 226.379556 1.470000 1.690000 3.740000 -8.050000 1.900000 27.570000 1.495913
Car 0.000000 1.000000 1.920000 271.897698 187.438030 349.261196 228.935054 1.480000 1.540000 4.070000 -11.530000 2.110000 29.230000 1.544281
Cyclist 0.000000 0.000000 1.930000 222.814020 178.458834 276.880258 253.317881 1.820000 0.590000 1.890000 -8.790000 1.970000 18.650000 1.489564
Pedestrian 0.000000 0.000000 -0.510000 458.316035 177.616370 469.543670 201.069136 1.750000 0.670000 0.580000 -10.520000 2.110000 54.460000 -0.700819
Car 0.710000 3.000000 0.050000 1063.379750 139.292910 1473.143402 272.679304 1.620000 1.640000 4.330000 10.030000 1.210000 10.880000 0.794770
Car 0.000000 1.000000 0.150000 268.210658 184.277148 333.920168 204.234457 1.430000 1.550000 4.370000 -22.750000 2.310000 54.450000 -0.245769
Car 0.000000 1.000000 1.870000 953.269474 158.347838 989.807516 177.387412 1.480000 1.610000 3.610000 29.560000 0.350000 57.940000 2.341761
DontCare -1.000000 -1.000000 -10.000000 525.190000 173.980000 560.650000 196.940000 -1.000000 -1.000000 -1.000000 -1000.000000 -1000.000000 -1000.000000 -9.214602
DontCare -1.000000 -1.000000 -10.000000 991.850000 153.150000 1014.810000 170.900000 -1.000000 -1.000000 -1.000000 -1000.000000 -1000.000000 -1000.000000 -9.214602
