Car 0.930000 0.000000 -2.210000 -873.709523 180.354159 25.354318 474.857556 1.680000 1.690000 4.070000 -6.330000 1.740000 5.080000 -3.104516
Car 0.000000 1.000000 -2.060000 952.485439 151.340620 1134.719035 243.230972 2.040000 1.990000 4.820000 11.280000 1.560000 18.480000 -1.511976
Car 0.000000 2.000000 -2.160000 1047.895155 171.698776 1206.530345 234.052790 1.490000 1.560000 3.880000 14.040000 1.460000 19.210000 -1.528855
Car 0.120000 1.000000 -2.590000 -85.644585 192.446281 293.109339 312.508504 1.480000 1.560000 4.120000 -6.300000 1.770000 9.960000 -3.153996
Car 0.000000 2.000000 -2.700000 74.779514 187.810998 324.397287 281.510235 1.510000 1.590000 3.500000 -6.630000 1.790000 12.760000 -3.179198
Car 0.000000 2.000000 -2.740000 141.563253 171.957057 400.211799 260.606742 1.740000 1.750000 4.570000 -6.430000 1.720000 15.040000 -3.144009
Car 0.000000 2.000000 0.380000 311.623700 173.255373 466.438786 234.785632 1.720000 1.680000 4.020000 -5.950000 1.730000 21.230000 0.106747
Car 0.000000 2.000000 -2.910000 333.912843 182.235023 478.530352 228.044878 1.410000 1.420000 4.270000 -6.010000 1.720000 23.270000 -3.162749
Car 0.000000 2.000000 -2.790000 227.633844 179.400718 418.043162 242.423527 1.500000 1.650000 4.140000 -6.640000 1.670000 18.170000 -3.140361
Car 0.000000 2.000000 -0.070000 656.140207 172.479783 745.176072 203.939063 1.480000 1.860000 4.180000 4.830000 1.460000 35.010000 0.067095
DontCare -1.000000 -1.000000 -10.000000 484.560000 173.980000 571.060000 204.230000 -1.000000 -1.000000 -1.000000 -1000.000000 -1000.000000 -1000.000000 -9.214602
DontCare -1.000000 -1.000000 -10.000000 621.020000 171.900000 631.480000 189.650000 -1.000000 -1.000000 -1.000000 -1000.000000 -1000.000000 -1000.000000 -9.214602
DontCare -1.000000 -1.000000 -10.000000 918.940000 167.730000 968.980000 194.850000 -1.000000 -1.000000 -1.000000 -1000.000000 -1000.000000 -1000.000000 -9.214602
