Car 1.000000 0.000000 2.410000 -15866.528256 210.276111 139.467933 7460.966909 1.570000 1.600000 3.990000 -2.950000 1.790000 2.230000 1.486491
Car 0.000000 0.000000 1.880000 193.652092 192.937402 436.463386 355.958369 1.520000 1.540000 3.680000 -2.900000 1.820000 9.020000 1.568930
Van 0.000000 1.000000 1.730000 396.749574 142.510970 519.026548 256.481030 2.470000 1.980000 5.810000 -3.180000 1.810000 18.550000 1.560222
Car 0.120000 0.000000 -0.490000 733.985378 154.600345 1244.921063 342.227103 1.620000 1.650000 4.140000 3.900000 1.460000 7.080000 0.013494
Car 0.000000 2.000000 -0.260000 682.034714 170.609155 955.446974 263.136935 1.550000 1.660000 4.470000 4.070000 1.510000 13.010000 0.043191
Car 0.000000 1.000000 1.970000 125.465934 198.885474 326.764281 313.938929 1.510000 1.530000 3.800000 -5.780000 2.020000 12.270000 1.529765
Car 0.000000 1.000000 -0.080000 629.595570 167.145891 778.741650 228.353993 1.690000 1.760000 4.120000 3.150000 1.530000 20.940000 0.069310
Van 0.000000 1.000000 1.700000 492.348417 165.091435 559.103483 220.649179 2.130000 1.910000 6.400000 -2.970000 1.830000 30.890000 1.604147
Car 0.000000 2.000000 -1.670000 623.223509 175.967950 657.475207 207.148005 1.570000 1.540000 3.220000 2.070000 1.740000 38.300000 -1.616006
Pedestrian 0.000000 0.000000 0.540000 564.904860 171.349127 576.136851 190.720144 1.900000 0.420000 1.040000 -3.380000 1.750000 71.200000 0.492564
Pedestrian 0.000000 1.000000 0.680000 570.626394 171.669078 580.777855 190.510144 1.870000 0.500000 0.900000 -2.910000 1.750000 72.080000 0.639650
