Car 0.000000 0.000000 -1.520000 553.377515 181.751782 612.522389 227.972473 1.360000 1.690000 3.380000 -0.330000 1.670000 23.610000 -1.533976
Car 0.620000 3.000000 -1.710000 -214.557378 195.881470 110.764601 452.546698 1.390000 1.620000 3.720000 -5.230000 1.640000 6.070000 -2.421198
Car 0.000000 0.000000 -2.100000 180.294524 182.428719 388.443119 290.232023 1.490000 1.660000 3.550000 -5.000000 1.670000 12.010000 -2.494495
Car 0.000000 1.000000 -2.640000 400.889209 174.624176 509.256542 219.501114 1.660000 1.630000 3.830000 -5.540000 1.730000 28.150000 -2.834319
Misc 0.000000 3.000000 -3.040000 372.316243 189.222142 432.867922 238.738476 1.260000 0.640000 1.470000 -4.980000 1.700000 19.070000 -3.295439
Car 0.000000 0.000000 -1.790000 697.916872 187.065906 814.896976 267.365766 1.400000 1.660000 4.080000 3.430000 1.740000 15.340000 -1.570020
Van 0.000000 3.000000 -1.700000 641.137245 160.205704 694.324764 212.296606 2.420000 2.030000 5.490000 3.300000 1.830000 36.300000 -1.609340
Car 0.280000 3.000000 2.160000 -104.198146 189.527796 155.318602 287.526410 1.320000 1.620000 3.540000 -9.030000 1.640000 12.140000 1.520465
Car 0.000000 2.000000 -1.570000 582.711073 180.174717 621.431019 216.276428 1.520000 1.670000 3.610000 0.160000 1.870000 32.920000 -1.565140
Car 0.750000 3.000000 2.300000 -179.363618 183.904492 39.585051 250.980422 1.310000 1.520000 3.730000 -14.850000 1.590000 16.570000 1.569289
DontCare -1.000000 -1.000000 -10.000000 489.770000 171.900000 564.810000 207.360000 -1.000000 -1.000000 -1.000000 -1000.000000 -1000.000000 -1000.000000 -9.214602
