Pedestrian 0.000000 0.000000 2.440000 74.202735 154.935647 151.829016 268.850831 1.860000 0.580000 0.930000 -7.890000 1.440000 12.070000 1.861037
Pedestrian 0.000000 1.000000 2.510000 62.019916 151.863655 119.362147 263.492906 1.900000 0.550000 0.610000 -8.530000 1.410000 12.410000 1.907815
Cyclist 0.000000 0.000000 -1.870000 771.959352 151.369790 817.432390 261.200072 1.800000 0.340000 1.690000 3.800000 1.320000 12.430000 -1.573311
Pedestrian 0.000000 0.000000 -0.750000 570.231518 166.309624 619.359273 242.944995 1.660000 0.610000 0.930000 0.270000 1.350000 15.850000 -0.732967
Misc 0.000000 0.000000 1.630000 498.844847 162.353640 521.523674 214.461604 1.830000 0.680000 1.810000 -2.930000 1.190000 25.750000 1.516701
Cyclist 0.000000 0.000000 -1.380000 454.549004 161.605392 482.910039 213.271890 1.770000 0.600000 1.950000 -4.330000 1.120000 25.200000 -1.550164
Pedestrian 0.000000 0.000000 -0.900000 764.216531 154.412850 788.445410 213.391442 1.780000 0.640000 0.360000 5.760000 0.990000 21.700000 -0.640545
Pedestrian 0.000000 1.000000 2.230000 661.988520 157.207680 684.582463 193.754339 1.800000 0.770000 0.840000 3.940000 0.650000 35.390000 2.340874
Pedestrian 0.000000 1.000000 -1.490000 631.926879 162.041813 646.512945 199.073392 1.800000 0.670000 0.500000 2.200000 0.900000 34.660000 -1.426611
Pedestrian 0.000000 0.000000 -1.470000 647.014913 159.758622 660.927120 196.826200 1.800000 0.630000 0.470000 2.920000 0.790000 34.620000 -1.385855
Pedestrian 0.000000 1.000000 2.280000 701.277393 154.282166 723.636941 190.833998 1.920000 0.550000 1.160000 6.260000 0.540000 37.720000 2.444461
Pedestrian 0.000000 1.000000 2.740000 713.807064 153.512252 736.878460 192.685766 1.970000 0.610000 1.000000 6.640000 0.610000 35.960000 2.922593
DontCare -1.000000 -1.000000 -10.000000 553.430000 160.350000 579.150000 176.820000 -1.000000 -1.000000 -1.000000 -1000.000000 -1000.000000 -1000.000000 -9.214602
