Car 0.000000 0.000000 1.960000 210.544731 192.443468 302.193493 243.977561 1.510000 1.460000 3.630000 -11.350000 2.220000 24.390000 1.524451
Car 0.000000 0.000000 1.670000 501.215657 173.195874 535.781184 202.930182 1.780000 1.720000 4.000000 -5.190000 1.800000 45.250000 1.555803
Van 0.000000 1.000000 1.880000 432.928601 163.007746 480.146226 198.887087 2.870000 1.950000 6.580000 -12.380000 2.080000 61.090000 1.680056
Car 0.000000 0.000000 1.760000 391.463960 182.428736 446.193670 217.802185 1.470000 1.690000 3.740000 -8.160000 1.930000 32.930000 1.517095
Car 0.000000 1.000000 1.900000 315.173825 187.510824 380.780401 223.890927 1.480000 1.540000 4.070000 -11.410000 2.190000 33.030000 1.567390
Cyclist 0.000000 0.000000 1.860000 313.049906 176.377493 349.434128 233.416605 1.820000 0.590000 1.890000 -8.800000 1.940000 24.100000 1.509897
Pedestrian 0.000000 0.000000 -0.280000 461.827257 178.724507 471.460118 201.373585 1.750000 0.670000 0.580000 -10.700000 2.210000 56.400000 -0.467488
Car 0.320000 1.000000 0.150000 991.923875 149.166073 1298.001783 253.556488 1.620000 1.640000 4.330000 10.150000 1.250000 13.320000 0.801145
Car 0.000000 1.000000 0.120000 288.371573 182.032186 350.142608 200.963650 1.430000 1.550000 4.370000 -22.430000 2.170000 57.060000 -0.254540
DontCare -1.000000 -1.000000 -10.000000 543.940000 176.060000 566.900000 193.810000 -1.000000 -1.000000 -1.000000 -1000.000000 -1000.000000 -1000.000000 -9.214602
DontCare -1.000000 -1.000000 -10.000000 958.520000 163.560000 1008.560000 179.230000 -1.000000 -1.000000 -1.000000 -1000.000000 -1000.000000 -1000.000000 -9.214602
