Car 0.000000 0.000000 -1.550000 586.837700 176.654703 654.769489 241.619309 1.560000 1.650000 3.690000 0.860000 1.670000 19.440000 -1.505790
Car 0.850000 0.000000 -1.510000 1025.634690 173.121679 1415.417442 535.414384 1.520000 1.490000 3.460000 4.640000 1.520000 4.740000 -0.735262
Car 0.000000 0.000000 -1.120000 748.212778 175.177589 960.047713 281.638680 1.390000 1.610000 3.650000 4.410000 1.430000 11.330000 -0.748811
Car 0.820000 0.000000 2.310000 -317.506355 176.878204 49.807064 323.347871 1.810000 1.590000 3.930000 -10.360000 1.880000 11.000000 1.554555
Car 0.000000 1.000000 2.020000 174.043043 186.324952 376.253831 274.534142 1.450000 1.840000 4.590000 -6.130000 1.770000 14.920000 1.630169
Car 0.000000 0.000000 1.840000 522.339713 171.760641 568.414167 205.165920 1.760000 1.580000 3.680000 -3.030000 1.700000 39.970000 1.764338
Car 0.000000 2.000000 2.130000 191.667701 183.359141 329.304810 244.539128 1.560000 1.620000 4.190000 -9.660000 1.900000 21.330000 1.704751
Car 0.000000 0.000000 1.990000 402.869748 182.007190 477.385740 215.733456 1.420000 1.670000 4.530000 -7.420000 1.880000 34.060000 1.775501
Car 0.000000 0.000000 -1.230000 649.999355 172.066971 694.699264 197.526997 1.540000 1.630000 3.740000 4.490000 1.490000 45.680000 -1.132022
Car 0.000000 2.000000 -1.370000 691.278773 171.624339 714.626854 188.422828 1.470000 1.460000 3.160000 8.890000 1.360000 64.870000 -1.233805
Car 0.000000 2.000000 2.280000 6.439923 186.904023 186.594705 248.516821 1.450000 1.500000 4.530000 -13.750000 1.890000 20.380000 1.686469
