Car 0.240000 0.000000 -2.010000 802.414841 187.445850 1190.818932 417.967165 1.430000 1.590000 4.210000 3.590000 1.610000 6.880000 -1.529063
Car 0.000000 1.000000 2.320000 404.825514 176.836342 504.419550 215.156662 1.410000 1.590000 4.010000 -5.690000 1.580000 29.110000 2.126968
Pedestrian 0.000000 0.000000 0.230000 417.024306 169.947936 441.429087 227.004367 1.720000 0.740000 0.560000 -5.050000 1.630000 22.120000 0.005547
Cyclist 0.000000 1.000000 3.010000 890.087986 168.797608 988.135236 242.882702 1.600000 0.880000 1.930000 7.870000 1.510000 16.300000 3.459811
Car 0.000000 0.000000 2.740000 666.715820 169.618408 749.495787 200.313141 1.590000 1.640000 4.080000 5.740000 1.420000 38.680000 2.887322
Car 0.000000 1.000000 2.920000 866.960177 168.161754 964.090749 195.829527 1.460000 1.640000 4.630000 17.060000 1.210000 39.310000 3.329457
Van 0.020000 1.000000 2.730000 1124.224671 157.634406 1232.460334 195.394258 1.830000 1.710000 3.920000 28.990000 1.090000 36.300000 3.403900
Car 0.000000 1.000000 -0.330000 464.970682 177.360308 535.908878 206.439735 1.490000 1.590000 3.460000 -5.410000 1.740000 38.920000 -0.468118
Car 0.000000 1.000000 0.850000 211.468543 182.247120 290.063086 213.354506 1.500000 1.620000 3.670000 -17.990000 2.000000 37.130000 0.398818
Car 0.000000 0.000000 1.810000 566.919056 174.366650 591.584414 190.890478 1.450000 1.300000 4.040000 -2.260000 1.590000 65.810000 1.775672
Car 0.000000 1.000000 1.910000 527.867885 176.262386 556.385166 193.298749 1.500000 1.440000 3.690000 -5.690000 1.820000 66.280000 1.824362
DontCare -1.000000 -1.000000 -10.000000 594.980000 170.850000 659.610000 185.470000 -1.000000 -1.000000 -1.000000 -1000.000000 -1000.000000 -1000.000000 -9.214602
DontCare -1.000000 -1.000000 -10.000000 0.000000 180.230000 116.710000 213.600000 -1.000000 -1.000000 -1.000000 -1000.000000 -1000.000000 -1000.000000 -9.214602
