Car 0.000000 1.000000 -2.100000 973.818548 147.594686 1179.986581 247.147428 2.040000 1.990000 4.820000 11.290000 1.520000 17.240000 -1.520207
Car 0.190000 3.000000 -2.190000 1074.006693 169.809298 1251.034609 236.913867 1.490000 1.560000 3.880000 14.020000 1.420000 17.990000 -1.527995
Car 0.350000 1.000000 -2.530000 -197.871256 191.214330 250.094167 330.174097 1.480000 1.560000 4.120000 -6.320000 1.720000 8.710000 -3.157703
Car 0.000000 2.000000 -2.670000 10.499890 183.495843 295.307421 288.068496 1.510000 1.590000 3.500000 -6.620000 1.690000 11.480000 -3.193077
Car 0.000000 2.000000 -2.710000 95.927275 169.068839 382.541633 266.490302 1.740000 1.750000 4.570000 -6.420000 1.670000 13.770000 -3.146269
Car 0.000000 2.000000 0.390000 291.234560 170.276815 456.858877 235.845274 1.720000 1.680000 4.020000 -5.970000 1.650000 19.960000 0.099371
Car 0.000000 2.000000 -2.900000 317.220977 181.799923 470.914811 230.322149 1.410000 1.420000 4.270000 -6.020000 1.690000 22.010000 -3.166982
Car 0.000000 2.000000 -2.770000 198.517940 177.023237 405.401108 244.824516 1.500000 1.650000 4.140000 -6.610000 1.600000 16.890000 -3.143032
Car 0.000000 1.000000 1.060000 940.831228 161.555737 1058.466291 214.950020 1.690000 1.730000 4.300000 13.810000 1.330000 24.990000 1.564853
Car 0.000000 2.000000 -0.070000 657.619036 172.465122 750.154378 205.156868 1.480000 1.860000 4.180000 4.820000 1.460000 33.740000 0.071897
DontCare -1.000000 -1.000000 -10.000000 471.020000 171.900000 570.020000 202.150000 -1.000000 -1.000000 -1.000000 -1000.000000 -1000.000000 -1000.000000 -9.214602
DontCare -1.000000 -1.000000 -10.000000 619.980000 166.690000 632.520000 193.810000 -1.000000 -1.000000 -1.000000 -1000.000000 -1000.000000 -1000.000000 -9.214602
