Car 0.000000 0.000000 -1.520000 549.713908 183.412488 608.559230 229.627719 1.360000 1.690000 3.380000 -0.460000 1.730000 23.730000 -1.539382
Car 0.060000 3.000000 -1.920000 -69.341326 183.996595 247.967055 376.466482 1.490000 1.660000 3.550000 -5.020000 1.630000 7.500000 -2.509846
Car 0.000000 1.000000 -2.610000 352.853206 174.952308 483.269165 229.080608 1.660000 1.630000 3.830000 -5.760000 1.730000 23.560000 -2.849779
Car 0.000000 2.000000 -2.370000 438.548937 178.194530 521.066918 210.260706 1.450000 1.610000 3.960000 -5.850000 1.720000 35.010000 -2.535566
Misc 0.000000 3.000000 -2.940000 290.830944 190.877300 374.955143 256.523979 1.260000 0.640000 1.470000 -5.060000 1.630000 14.490000 -3.275968
Misc 0.000000 3.000000 -2.810000 186.607961 190.167652 295.958941 256.194901 1.260000 0.520000 1.870000 -6.810000 1.610000 14.320000 -3.253904
Car 0.000000 0.000000 -1.870000 721.748430 189.163756 909.716103 310.834239 1.400000 1.660000 4.080000 3.320000 1.690000 10.890000 -1.574084
Van 0.000000 3.000000 -1.710000 637.985982 155.724715 699.874469 216.010587 2.420000 2.030000 5.490000 2.970000 1.730000 31.750000 -1.616728
Car 0.000000 2.000000 -1.560000 576.879298 178.954222 615.782339 215.091623 1.520000 1.670000 3.610000 -0.080000 1.810000 32.770000 -1.562441
DontCare -1.000000 -1.000000 -10.000000 515.810000 171.900000 570.020000 205.280000 -1.000000 -1.000000 -1.000000 -1000.000000 -1000.000000 -1000.000000 -9.214602
