Car 0.000000 2.000000 -1.130000 458.569729 185.616200 556.624595 233.601098 1.350000 1.600000 3.860000 -2.740000 1.800000 23.490000 -1.246121
Car 0.000000 0.000000 -1.260000 650.898706 176.242414 703.351588 207.583266 1.490000 1.530000 3.800000 3.970000 1.670000 36.790000 -1.152506
Van 0.000000 0.000000 -1.070000 348.174787 147.438065 573.153895 277.135055 2.080000 2.050000 4.960000 -2.160000 1.670000 14.250000 -1.220434
Car 0.000000 2.000000 2.140000 319.016363 184.567597 409.740169 231.635933 1.640000 1.430000 3.920000 -9.020000 2.130000 28.250000 1.830939
Van 0.000000 2.000000 1.750000 522.892145 171.036135 559.484760 201.420842 2.300000 1.870000 5.700000 -4.910000 2.160000 57.540000 1.664874
Car 0.000000 2.000000 -1.320000 647.467413 178.496106 686.351489 203.631117 1.490000 1.560000 3.650000 4.140000 1.860000 45.640000 -1.229538
DontCare -1.000000 -1.000000 -10.000000 797.060000 157.310000 1240.000000 187.560000 -1.000000 -1.000000 -1.000000 -1000.000000 -1000.000000 -1000.000000 -9.214602
DontCare -1.000000 -1.000000 -10.000000 710.600000 170.850000 751.270000 187.560000 -1.000000 -1.000000 -1.000000 -1000.000000 -1000.000000 -1000.000000 -9.214602
DontCare -1.000000 -1.000000 -10.000000 623.100000 178.150000 660.640000 188.610000 -1.000000 -1.000000 -1.000000 -1000.000000 -1000.000000 -1000.000000 -9.214602
DontCare -1.000000 -1.000000 -10.000000 102.270000 205.230000 168.980000 227.150000 -1.000000 -1.000000 -1.000000 -1000.000000 -1000.000000 -1000.000000 -9.214602
DontCare -1.000000 -1.000000 -10.000000 216.850000 203.150000 286.680000 220.900000 -1.000000 -1.000000 -1.000000 -1000.000000 -1000.000000 -1000.000000 -9.214602
DontCare -1.000000 -1.000000 -10.000000 313.730000 198.980000 329.400000 213.600000 -1.000000 -1.000000 -1.000000 -1000.000000 -1000.000000 -1000.000000 -9.214602
