Car 0.810000 0.000000 2.470000 -291.589608 194.205535 50.124228 308.496890 1.430000 1.580000 3.660000 -10.940000 1.830000 11.670000 1.716877
Car 0.000000 0.000000 -1.560000 622.251490 177.754003 662.961826 214.177455 1.370000 1.560000 3.540000 1.870000 1.580000 29.450000 -1.496588
Car 0.000000 0.000000 -1.460000 576.004190 171.449611 619.152105 204.894842 1.610000 1.690000 4.260000 -0.080000 1.540000 36.940000 -1.462166
Car 0.000000 2.000000 -1.560000 644.442479 171.940377 675.910583 201.303718 1.530000 1.630000 4.500000 3.320000 1.480000 39.910000 -1.477004
Car 0.000000 0.000000 -0.700000 938.071823 157.780488 1045.540835 194.496441 1.480000 1.600000 3.840000 16.470000 0.870000 30.250000 -0.201418
Car 0.000000 2.000000 -0.640000 898.882950 155.288401 991.315745 189.857350 1.550000 1.610000 3.640000 16.020000 0.760000 33.490000 -0.193820
DontCare -1.000000 -1.000000 -10.000000 105.400000 177.100000 361.690000 217.770000 -1.000000 -1.000000 -1.000000 -1000.000000 -1000.000000 -1000.000000 -9.214602
DontCare -1.000000 -1.000000 -10.000000 505.110000 171.990000 539.860000 189.070000 -1.000000 -1.000000 -1.000000 -1000.000000 -1000.000000 -1000.000000 -9.214602
DontCare -1.000000 -1.000000 -10.000000 1078.800000 138.920000 1240.050000 223.090000 -1.000000 -1.000000 -1.000000 -1000.000000 -1000.000000 -1000.000000 -9.214602
DontCare -1.000000 -1.000000 -10.000000 715.810000 166.690000 749.180000 183.400000 -1.000000 -1.000000 -1.000000 -1000.000000 -1000.000000 -1000.000000 -9.214602
