Car 0.000000 0.000000 -1.580000 565.060891 182.718130 635.652800 241.477208 1.360000 1.690000 3.380000 0.260000 1.640000 18.960000 -1.566288
Car 0.640000 3.000000 2.280000 -202.176796 171.086943 86.782254 272.866251 1.590000 1.720000 3.860000 -11.350000 1.560000 13.200000 1.569816
Van 0.000000 3.000000 -1.790000 717.043305 143.235544 883.057873 297.284493 2.120000 1.860000 4.410000 3.430000 1.710000 12.180000 -1.515500
Pedestrian 0.060000 1.000000 0.340000 109.412422 144.358442 231.590397 389.236481 1.870000 0.640000 0.650000 -3.070000 1.650000 5.870000 -0.141877
Van 0.000000 3.000000 2.060000 115.095797 163.790562 255.414250 231.884305 1.710000 1.560000 4.120000 -11.200000 1.480000 20.190000 1.553533
Car 0.000000 0.000000 -2.090000 262.812326 173.403641 430.816697 264.367770 1.590000 1.630000 3.640000 -4.860000 1.600000 14.450000 -2.414447
Car 0.000000 2.000000 -2.250000 313.724550 179.677713 464.111297 245.302996 1.410000 1.640000 3.610000 -4.940000 1.590000 17.570000 -2.524085
Car 0.000000 2.000000 -2.270000 361.275840 180.287541 498.749260 235.094461 1.390000 1.610000 4.090000 -4.730000 1.620000 20.680000 -2.494856
Car 0.000000 2.000000 -2.180000 443.606035 178.947918 529.237632 221.038576 1.500000 1.570000 3.540000 -4.360000 1.750000 28.060000 -2.334149
Car 0.000000 2.000000 -2.360000 495.753495 177.243676 559.470253 203.101748 1.400000 1.600000 3.550000 -4.250000 1.660000 41.390000 -2.462323
Car 0.000000 1.000000 -1.730000 679.934908 182.423027 749.111489 230.887571 1.360000 1.630000 4.020000 3.730000 1.690000 23.050000 -1.569569
Car 0.000000 2.000000 -1.700000 666.722416 173.128098 719.749899 215.619116 1.660000 1.720000 4.410000 3.920000 1.670000 30.420000 -1.571844
Pedestrian 0.000000 2.000000 -1.200000 647.463698 175.451242 672.450138 212.357692 1.540000 0.840000 0.750000 2.620000 1.650000 30.700000 -1.114864
Car 0.000000 2.000000 -1.570000 576.855348 178.714248 617.118474 216.068392 1.520000 1.670000 3.610000 -0.050000 1.790000 31.730000 -1.571576
Car 0.000000 2.000000 2.040000 237.683091 174.125989 322.314046 208.461606 1.470000 1.770000 4.250000 -14.580000 1.530000 33.220000 1.626422
DontCare -1.000000 -1.000000 -10.000000 552.270000 159.400000 589.810000 190.690000 -1.000000 -1.000000 -1.000000 -1000.000000 -1000.000000 -1000.000000 -9.214602
DontCare -1.000000 -1.000000 -10.000000 632.480000 165.650000 652.310000 187.570000 -1.000000 -1.000000 -1.000000 -1000.000000 -1000.000000 -1000.000000 -9.214602
