Car 0.000000 0.000000 -1.560000 580.687560 177.647695 647.864655 242.360067 1.560000 1.650000 3.690000 0.670000 1.700000 19.550000 -1.525742
Car 0.260000 0.000000 -1.370000 907.977831 173.967939 1225.923442 413.386817 1.520000 1.490000 3.460000 4.610000 1.530000 6.310000 -0.739040
Car 0.000000 0.000000 -1.080000 727.796722 176.398067 916.384338 268.202025 1.390000 1.610000 3.650000 4.360000 1.460000 12.900000 -0.754069
Car 0.570000 0.000000 2.250000 -189.779865 177.467665 105.307848 303.636377 1.810000 1.590000 3.930000 -10.390000 1.900000 12.470000 1.555341
Car 0.000000 1.000000 1.930000 285.045933 184.823380 424.855261 251.374980 1.450000 1.840000 4.590000 -5.980000 1.800000 18.900000 1.623564
Car 0.000000 0.000000 1.830000 534.441929 173.049139 575.797071 203.365107 1.760000 1.580000 3.680000 -2.790000 1.770000 43.870000 1.766489
Car 0.000000 1.000000 2.110000 219.145967 183.025301 344.406244 239.749872 1.560000 1.620000 4.190000 -9.720000 1.910000 22.810000 1.707174
Car 0.000000 1.000000 1.980000 409.082944 182.216259 479.595977 214.444774 1.420000 1.670000 4.530000 -7.570000 1.910000 35.560000 1.770251
Car 0.000000 0.000000 -1.260000 635.252458 173.190558 678.185558 198.513891 1.540000 1.630000 3.740000 3.520000 1.560000 45.970000 -1.183577
Car 0.000000 1.000000 -1.360000 680.056538 172.989395 703.878175 189.942763 1.470000 1.460000 3.160000 7.840000 1.480000 64.320000 -1.238708
Car 0.000000 1.000000 2.240000 49.285816 186.042173 209.594220 242.727202 1.450000 1.500000 4.530000 -13.840000 1.890000 21.870000 1.675790
DontCare -1.000000 -1.000000 -10.000000 715.810000 175.020000 745.020000 187.560000 -1.000000 -1.000000 -1.000000 -1000.000000 -1000.000000 -1000.000000 -9.214602
