Car 0.000000 0.000000 -1.610000 567.582482 177.467895 627.284579 226.364006 1.360000 1.690000 3.380000 0.070000 1.510000 22.110000 -1.606834
Car 0.240000 3.000000 -1.860000 -126.700622 191.520001 188.545928 381.675050 1.360000 1.570000 3.730000 -5.440000 1.590000 7.240000 -2.504385
Car 0.000000 1.000000 1.120000 216.619210 173.816589 367.129035 254.368723 1.480000 1.570000 3.480000 -6.210000 1.500000 15.040000 0.728424
Car 0.000000 0.000000 -1.380000 361.036580 186.832996 510.221235 274.205152 1.250000 1.740000 3.660000 -2.410000 1.530000 12.740000 -1.566959
Car 0.000000 2.000000 -1.480000 445.465498 177.632001 527.093424 243.463693 1.460000 1.590000 3.650000 -2.520000 1.590000 18.130000 -1.618111
Car 0.000000 2.000000 0.930000 375.570360 175.902563 469.978550 218.713146 1.370000 1.520000 3.300000 -6.020000 1.480000 24.960000 0.693334
Van 1.000000 3.000000 -2.820000 1012.340000 0.000000 1018.490000 374.000000 2.420000 2.030000 5.490000 3.030000 1.480000 0.800000 -1.507339
Pedestrian 0.070000 1.000000 -2.020000 851.997262 181.467619 981.785349 387.458828 1.540000 0.770000 0.630000 2.890000 1.610000 5.740000 -1.553569
Car 0.000000 1.000000 -1.860000 718.516124 183.379467 963.318791 353.547743 1.460000 1.720000 3.950000 2.840000 1.610000 8.440000 -1.535409
Car 0.000000 2.000000 -1.770000 680.054593 185.699889 812.278300 275.026972 1.320000 1.700000 4.040000 2.800000 1.590000 13.270000 -1.562048
Car 0.000000 2.000000 -1.760000 665.456928 171.720010 741.942309 235.803402 1.560000 1.480000 3.360000 2.900000 1.530000 19.270000 -1.610628
Car 0.000000 1.000000 -1.670000 630.647985 177.139493 666.669226 205.646536 1.380000 1.550000 3.600000 2.450000 1.610000 37.300000 -1.604411
Truck 0.000000 3.000000 -1.630000 625.427649 139.636887 670.430009 195.777883 3.410000 2.570000 7.870000 2.890000 1.390000 47.760000 -1.569563
Van 0.910000 3.000000 2.350000 -578.481651 111.210436 41.740365 347.606153 2.100000 1.960000 4.630000 -9.170000 1.550000 8.750000 1.541169
Car 0.000000 2.000000 -1.560000 576.004685 173.712956 613.663877 208.090734 1.520000 1.670000 3.610000 -0.170000 1.560000 33.800000 -1.565030
Car 0.000000 1.000000 2.100000 149.525888 175.384399 245.644504 214.091414 1.360000 1.540000 3.570000 -15.050000 1.460000 27.390000 1.597563
DontCare -1.000000 -1.000000 -10.000000 550.190000 169.810000 584.610000 197.980000 -1.000000 -1.000000 -1.000000 -1000.000000 -1000.000000 -1000.000000 -9.214602
