Car 0.000000 2.000000 -1.550000 686.336474 173.686738 705.675319 190.140710 1.320000 1.480000 4.440000 7.740000 1.390000 60.420000 -1.422591
Truck 0.980000 0.000000 2.670000 -2675.832393 -261.243388 225.546501 648.783168 4.020000 2.600000 16.790000 -13.220000 2.100000 11.640000 1.821131
Car 0.000000 0.000000 -1.440000 686.602517 171.329604 731.171869 204.025017 1.450000 1.590000 3.440000 5.180000 1.380000 33.870000 -1.288238
Car 0.000000 0.000000 -1.290000 573.977250 173.563841 640.119082 212.128011 1.510000 1.610000 4.310000 0.450000 1.540000 30.630000 -1.275310
Car 0.000000 1.000000 1.980000 386.666461 183.383882 445.120746 218.035010 1.440000 1.350000 3.230000 -8.250000 1.940000 32.720000 1.733009
Car 0.000000 1.000000 1.790000 502.517095 180.542695 533.294547 202.937356 1.460000 1.370000 3.450000 -5.850000 2.010000 50.050000 1.673645
Tram 0.000000 2.000000 1.210000 590.508120 158.187900 652.501307 189.175046 3.460000 2.570000 14.660000 1.650000 1.820000 87.900000 1.228769
DontCare -1.000000 -1.000000 -10.000000 283.520000 166.690000 388.770000 211.520000 -1.000000 -1.000000 -1.000000 -1000.000000 -1000.000000 -1000.000000 -9.214602
DontCare -1.000000 -1.000000 -10.000000 474.150000 166.690000 506.480000 193.810000 -1.000000 -1.000000 -1.000000 -1000.000000 -1000.000000 -1000.000000 -9.214602
DontCare -1.000000 -1.000000 -10.000000 542.900000 171.900000 565.860000 194.860000 -1.000000 -1.000000 -1.000000 -1000.000000 -1000.000000 -1000.000000 -9.214602
DontCare -1.000000 -1.000000 -10.000000 673.100000 169.810000 687.730000 186.520000 -1.000000 -1.000000 -1.000000 -1000.000000 -1000.000000 -1000.000000 -9.214602
DontCare -1.000000 -1.000000 -10.000000 746.020000 168.770000 760.640000 187.560000 -1.000000 -1.000000 -1.000000 -1000.000000 -1000.000000 -1000.000000 -9.214602
DontCare -1.000000 -1.000000 -10.000000 783.520000 152.100000 1002.310000 179.220000 -1.000000 -1.000000 -1.000000 -1000.000000 -1000.000000 -1000.000000 -9.214602
DontCare -1.000000 -1.000000 -10.000000 1032.500000 153.150000 1240.020000 179.230000 -1.000000 -1.000000 -1.000000 -1000.000000 -1000.000000 -1000.000000 -9.214602
