Car 0.000000 1.000000 -2.780000 227.020669 190.442875 372.205707 244.237983 1.440000 1.520000 3.500000 -8.310000 1.960000 20.630000 -3.162928
Car 0.000000 2.000000 -2.840000 308.950898 184.214963 419.295291 230.293624 1.590000 1.520000 3.470000 -8.330000 2.010000 26.050000 -3.149494
Car 0.000000 2.000000 -2.850000 338.190577 182.846527 439.490703 223.855173 1.580000 1.550000 3.590000 -8.340000 1.990000 28.980000 -3.130213
Car 0.000000 2.000000 -2.860000 376.418128 176.773742 470.980338 213.767788 1.710000 1.690000 4.060000 -8.360000 1.900000 34.480000 -3.097869
Car 0.000000 2.000000 -3.010000 431.762759 184.399092 489.832704 212.128099 1.660000 1.620000 3.340000 -8.740000 2.390000 44.860000 -3.202418
Car 0.000000 2.000000 -3.030000 445.834140 182.593267 508.346236 204.499691 1.410000 1.590000 3.940000 -8.330000 2.070000 48.160000 -3.201271
DontCare -1.000000 -1.000000 -10.000000 178.310000 173.980000 217.940000 241.730000 -1.000000 -1.000000 -1.000000 -1000.000000 -1000.000000 -1000.000000 -9.214602
DontCare -1.000000 -1.000000 -10.000000 516.850000 168.770000 678.350000 200.060000 -1.000000 -1.000000 -1.000000 -1000.000000 -1000.000000 -1000.000000 -9.214602
DontCare -1.000000 -1.000000 -10.000000 748.100000 156.270000 851.270000 181.310000 -1.000000 -1.000000 -1.000000 -1000.000000 -1000.000000 -1000.000000 -9.214602
DontCare -1.000000 -1.000000 -10.000000 898.100000 151.060000 932.520000 209.440000 -1.000000 -1.000000 -1.000000 -1000.000000 -1000.000000 -1000.000000 -9.214602
DontCare -1.000000 -1.000000 -10.000000 929.350000 145.850000 1240.000000 170.890000 -1.000000 -1.000000 -1.000000 -1000.000000 -1000.000000 -1000.000000 -9.214602
