Car 0.000000 0.000000 -1.560000 729.493381 171.395346 748.135769 187.970304 1.450000 1.590000 3.440000 12.130000 1.320000 64.960000 -1.375396
Car 0.000000 0.000000 -1.500000 680.506721 171.728319 704.705486 191.131061 1.510000 1.610000 4.310000 7.230000 1.420000 58.420000 -1.376867
Car 0.000000 1.000000 2.410000 -25.896738 191.002343 159.241674 266.767715 1.440000 1.350000 3.230000 -11.580000 1.890000 16.260000 1.791148
Car 0.000000 0.000000 -1.140000 412.221519 167.096508 596.040348 280.793870 1.730000 1.600000 4.110000 -1.240000 1.640000 13.180000 -1.233806
Car 0.000000 1.000000 1.990000 387.293693 182.108787 448.880749 217.341542 1.460000 1.370000 3.450000 -8.130000 1.900000 32.670000 1.746102
Car 0.000000 2.000000 1.780000 495.105392 180.326380 534.909798 202.827856 1.400000 1.680000 4.760000 -5.880000 1.930000 48.960000 1.660474
Tram 0.000000 2.000000 1.200000 593.090639 157.584936 657.442868 189.265675 3.460000 2.570000 14.660000 2.060000 1.790000 86.130000 1.223913
DontCare -1.000000 -1.000000 -10.000000 287.690000 169.810000 387.730000 211.520000 -1.000000 -1.000000 -1.000000 -1000.000000 -1000.000000 -1000.000000 -9.214602
DontCare -1.000000 -1.000000 -10.000000 782.480000 150.020000 958.560000 180.270000 -1.000000 -1.000000 -1.000000 -1000.000000 -1000.000000 -1000.000000 -9.214602
DontCare -1.000000 -1.000000 -10.000000 1030.400000 148.980000 1240.000000 180.270000 -1.000000 -1.000000 -1.000000 -1000.000000 -1000.000000 -1000.000000 -9.214602
DontCare -1.000000 -1.000000 -10.000000 190.810000 191.690000 267.940000 221.940000 -1.000000 -1.000000 -1.000000 -1000.000000 -1000.000000 -1000.000000 -9.214602
