Car 0.000000 0.000000 -1.480000 713.534633 166.604771 747.375005 196.836912 1.730000 1.600000 4.110000 7.800000 1.370000 43.480000 -1.302495
Van 0.000000 0.000000 -1.280000 584.659774 162.536881 686.032570 229.433413 1.800000 1.850000 4.110000 1.360000 1.520000 21.660000 -1.217294
Car 0.350000 3.000000 2.440000 -101.315932 190.512451 120.536081 275.243951 1.460000 1.370000 3.450000 -11.780000 1.870000 15.020000 1.774913
Car 0.000000 0.000000 -1.100000 424.255506 175.459690 543.731978 236.603579 1.530000 1.450000 4.330000 -2.950000 1.610000 20.530000 -1.242715
Van 0.980000 0.000000 -0.350000 -1733.625636 -31.148226 65.031764 707.985093 2.600000 1.850000 6.220000 -7.720000 1.880000 5.780000 -1.278125
Car 0.000000 1.000000 2.030000 320.402518 183.904295 419.194536 225.056494 1.400000 1.680000 4.760000 -8.800000 1.870000 28.360000 1.729124
Car 0.000000 1.000000 1.780000 485.662412 180.239038 524.640298 206.337519 1.510000 1.550000 4.090000 -5.990000 1.990000 45.030000 1.647754
Tram 0.000000 2.000000 1.180000 592.511140 157.972116 659.306630 189.803940 3.460000 2.570000 14.660000 2.120000 1.840000 85.730000 1.204724
DontCare -1.000000 -1.000000 -10.000000 782.480000 147.940000 1240.000000 180.270000 -1.000000 -1.000000 -1.000000 -1000.000000 -1000.000000 -1000.000000 -9.214602
DontCare -1.000000 -1.000000 -10.000000 293.940000 185.440000 331.480000 208.400000 -1.000000 -1.000000 -1.000000 -1000.000000 -1000.000000 -1000.000000 -9.214602
DontCare -1.000000 -1.000000 -10.000000 563.730000 166.690000 589.810000 189.650000 -1.000000 -1.000000 -1.000000 -1000.000000 -1000.000000 -1000.000000 -9.214602
DontCare -1.000000 -1.000000 -10.000000 151.230000 191.690000 283.560000 219.860000 -1.000000 -1.000000 -1.000000 -1000.000000 -1000.000000 -1000.000000 -9.214602
