Car 0.000000 0.000000 -1.580000 591.061067 178.401810 614.604084 201.056648 1.540000 1.630000 3.670000 -0.010000 1.950000 51.790000 -1.580193
Car 0.990000 0.000000 -2.340000 875.671025 208.518383 3824.822340 1967.044436 1.400000 1.530000 3.560000 2.710000 1.610000 2.470000 -1.508303
Car 0.050000 1.000000 -1.930000 732.009493 183.827769 1021.611000 385.350950 1.490000 1.600000 3.810000 2.850000 1.630000 7.450000 -1.564626
Car 0.000000 0.000000 1.640000 535.875785 180.122569 567.361859 206.076370 1.450000 1.590000 3.590000 -2.950000 1.900000 43.110000 1.571677
Car 0.000000 0.000000 -1.760000 676.002135 180.654389 761.028186 249.563347 1.480000 1.470000 3.700000 3.050000 1.690000 17.780000 -1.590112
Car 0.000000 2.000000 -1.720000 654.399553 175.902486 724.117901 234.755086 1.640000 1.640000 3.890000 2.840000 1.740000 22.270000 -1.593159
Car 0.000000 2.000000 -1.750000 649.748046 174.751766 699.652355 224.169681 1.690000 1.390000 2.650000 2.790000 1.760000 26.150000 -1.643710
Car 0.000000 2.000000 -1.680000 637.169518 178.827804 676.568007 211.437225 1.500000 1.590000 3.790000 2.770000 1.810000 35.810000 -1.602801
Car 0.000000 1.000000 0.150000 418.965459 183.193639 473.694192 203.489377 1.520000 1.510000 3.940000 -12.120000 2.330000 55.810000 -0.063845
Car 0.000000 1.000000 0.320000 343.507778 184.497539 405.011276 205.595858 1.580000 1.560000 4.240000 -17.670000 2.490000 55.730000 0.012962
Pedestrian 0.000000 2.000000 -1.750000 718.230277 164.874307 740.950218 217.189789 1.820000 0.690000 0.680000 4.700000 1.540000 25.440000 -1.567311
