Car 0.000000 0.000000 -1.600000 544.430633 176.197725 666.305411 292.778048 1.560000 1.650000 3.690000 0.430000 1.620000 11.610000 -1.562980
Car 0.000000 0.000000 -1.260000 790.838931 170.858133 1076.435908 339.778113 1.490000 1.630000 4.160000 4.420000 1.470000 8.400000 -0.775620
Car 0.000000 1.000000 -0.940000 682.712137 171.428288 787.263910 217.549398 1.540000 1.720000 3.880000 5.050000 1.490000 26.040000 -0.748445
Car 0.000000 2.000000 -0.930000 665.489188 173.829124 730.061795 205.034037 1.520000 1.490000 3.460000 5.030000 1.570000 37.010000 -0.794918
Car 0.000000 2.000000 -0.860000 650.379344 174.165629 710.738385 198.355824 1.390000 1.610000 3.650000 4.780000 1.470000 43.490000 -0.750529
Car 0.420000 0.000000 2.230000 -140.306486 182.162520 132.253668 288.052466 1.630000 1.580000 4.200000 -10.680000 1.830000 13.580000 1.563576
Car 0.000000 0.000000 2.040000 153.489202 190.011984 285.666792 246.370515 1.340000 1.570000 4.010000 -10.360000 1.870000 20.380000 1.569701
Car 0.000000 1.000000 1.890000 371.993793 180.788709 434.422471 212.102189 1.450000 1.650000 4.630000 -10.000000 1.880000 36.960000 1.625764
Car 0.000000 1.000000 1.820000 412.905503 174.654728 456.875170 206.627836 1.810000 1.590000 3.930000 -9.890000 1.920000 43.050000 1.594185
Car 0.000000 1.000000 1.890000 461.513897 175.993049 501.030065 198.190544 1.560000 1.620000 4.190000 -8.990000 1.800000 53.520000 1.723579
Car 0.000000 0.000000 1.970000 511.538045 176.676667 548.133954 193.080705 1.420000 1.670000 4.530000 -6.770000 1.780000 65.990000 1.867766
Car 0.000000 1.000000 2.150000 269.950598 178.156093 336.899955 210.230207 1.470000 1.480000 3.210000 -14.460000 1.740000 35.350000 1.761714
