Car 0.000000 0.000000 -1.580000 576.465880 174.354707 631.843071 226.980829 1.560000 1.650000 3.690000 0.320000 1.610000 23.340000 -1.566290
Car 0.000000 0.000000 -1.190000 749.016135 173.592806 990.847364 298.976570 1.400000 1.630000 4.050000 4.260000 1.410000 10.090000 -0.790503
Car 0.000000 2.000000 -1.090000 725.310521 172.963708 903.737141 260.813938 1.450000 1.580000 3.870000 4.500000 1.450000 13.830000 -0.775425
Car 0.000000 2.000000 -1.040000 717.209999 165.263686 857.112235 238.175612 1.610000 1.670000 3.650000 4.920000 1.440000 17.800000 -0.770329
Van 0.000000 1.000000 -1.000000 662.447400 158.741774 783.796658 219.369469 1.880000 1.820000 4.640000 4.450000 1.440000 24.690000 -0.821680
Car 0.000000 2.000000 -0.920000 653.023251 172.904903 740.831761 208.919176 1.490000 1.630000 4.160000 4.390000 1.490000 31.900000 -0.783241
Car 0.000000 2.000000 -0.820000 641.520225 172.135875 698.571449 195.366865 1.540000 1.720000 3.880000 4.670000 1.490000 49.760000 -0.726424
Car 0.000000 0.000000 1.930000 298.696518 175.759147 379.539772 218.705622 1.670000 1.680000 4.490000 -10.880000 1.800000 30.620000 1.588591
Van 0.000000 1.000000 1.750000 484.688790 157.020223 531.589111 198.999159 2.910000 2.180000 6.910000 -6.940000 1.810000 53.520000 1.621048
Car 0.000000 1.000000 1.880000 359.657989 177.501826 417.306320 211.723370 1.630000 1.580000 4.200000 -10.800000 1.880000 37.060000 1.596434
Car 0.000000 1.000000 1.830000 405.145226 181.213085 448.935620 205.089593 1.340000 1.570000 4.010000 -10.580000 1.870000 43.930000 1.593663
Car 0.000000 1.000000 1.840000 464.776987 176.677896 499.460702 195.048483 1.450000 1.650000 4.630000 -10.130000 1.780000 60.330000 1.673642
Car 0.000000 2.000000 1.970000 296.535479 178.871502 344.374618 208.127294 1.470000 1.290000 2.950000 -14.850000 1.800000 38.360000 1.600644
Car 0.350000 1.000000 1.560000 -27.537457 179.815069 19.247848 214.366953 1.480000 1.590000 3.660000 -28.080000 1.820000 33.580000 0.863565
DontCare -1.000000 -1.000000 -10.000000 540.810000 165.650000 567.930000 190.690000 -1.000000 -1.000000 -1.000000 -1000.000000 -1000.000000 -1000.000000 -9.214602
