Car 0.630000 0.000000 2.030000 -269.094278 191.361189 342.998355 542.023782 1.570000 1.600000 3.990000 -3.010000 1.760000 5.470000 1.526946
Car 0.000000 1.000000 1.800000 328.605570 189.344022 475.782790 295.913639 1.520000 1.540000 3.680000 -2.990000 1.850000 12.700000 1.568778
Van 0.000000 1.000000 1.710000 437.526911 152.256733 531.375519 241.888162 2.470000 1.980000 5.810000 -3.290000 1.900000 22.790000 1.566629
Car 0.630000 3.000000 2.190000 -273.479672 209.406021 155.562172 432.694765 1.550000 1.440000 3.130000 -5.660000 1.990000 7.130000 1.519033
Car 0.000000 1.000000 -0.360000 690.918398 166.327173 1012.650831 287.021837 1.620000 1.650000 4.140000 3.830000 1.530000 10.530000 -0.011153
Car 0.000000 2.000000 -0.230000 665.764554 177.529026 877.300834 249.554199 1.550000 1.660000 4.470000 4.050000 1.660000 16.490000 0.010836
Car 0.000000 2.000000 1.880000 244.783512 196.709423 380.412734 282.651960 1.510000 1.530000 3.800000 -5.800000 2.090000 15.680000 1.525710
Car 0.000000 1.000000 -0.050000 622.890740 169.846171 749.684552 221.925768 1.690000 1.760000 4.120000 3.030000 1.590000 24.440000 0.073348
Van 0.000000 1.000000 1.680000 507.811917 168.477949 562.448976 215.647746 2.130000 1.910000 6.400000 -3.100000 1.930000 35.800000 1.593623
Misc 0.600000 0.000000 -0.700000 1053.738608 193.095845 1327.686483 379.014834 1.240000 0.520000 1.520000 4.570000 1.390000 5.150000 0.025798
Misc 0.130000 1.000000 -0.600000 958.499992 183.157647 1211.547188 348.236210 1.360000 0.440000 1.870000 4.530000 1.450000 6.220000 0.029465
Car 0.000000 2.000000 -1.670000 619.085736 178.048645 650.550678 206.730109 1.570000 1.540000 3.220000 1.900000 1.880000 41.740000 -1.624512
