Car 0.000000 0.000000 1.740000 283.239274 184.903228 349.566718 235.455273 1.780000 1.720000 4.000000 -11.030000 2.290000 28.550000 1.371325
Van 0.000000 1.000000 1.900000 234.880781 175.158564 302.676602 222.466981 2.870000 1.950000 6.580000 -21.790000 3.030000 47.470000 1.469665
Car 0.900000 0.000000 2.080000 -339.409980 210.291626 14.983477 359.274859 1.470000 1.690000 3.740000 -9.900000 2.100000 10.160000 1.307562
Car 0.000000 1.000000 0.250000 7.958906 201.784664 108.697473 229.757682 1.430000 1.550000 4.370000 -31.240000 3.160000 41.650000 -0.393540
Car 0.000000 0.000000 1.870000 781.634522 178.487387 827.238416 204.921576 1.480000 1.610000 3.610000 12.170000 1.830000 43.180000 2.144717
Misc 0.000000 0.000000 1.800000 882.109194 171.668366 896.797960 191.711357 1.650000 0.710000 1.950000 23.910000 1.550000 60.400000 2.176933
DontCare -1.000000 -1.000000 -10.000000 0.000000 197.940000 46.920000 307.360000 -1.000000 -1.000000 -1.000000 -1000.000000 -1000.000000 -1000.000000 -9.214602
DontCare -1.000000 -1.000000 -10.000000 133.520000 193.770000 222.100000 221.940000 -1.000000 -1.000000 -1.000000 -1000.000000 -1000.000000 -1000.000000 -9.214602
DontCare -1.000000 -1.000000 -10.000000 361.650000 180.230000 430.440000 228.190000 -1.000000 -1.000000 -1.000000 -1000.000000 -1000.000000 -1000.000000 -9.214602
DontCare -1.000000 -1.000000 -10.000000 854.350000 168.770000 885.640000 193.810000 -1.000000 -1.000000 -1.000000 -1000.000000 -1000.000000 -1000.000000 -9.214602
DontCare -1.000000 -1.000000 -10.000000 959.560000 160.440000 1095.020000 193.810000 -1.000000 -1.000000 -1.000000 -1000.000000 -1000.000000 -1000.000000 -9.214602
