Car 0.000000 0.000000 -1.590000 585.597100 178.670969 658.965916 244.544328 1.370000 1.560000 3.540000 0.790000 1.520000 17.110000 -1.543861
Car 0.000000 0.000000 -1.440000 498.910152 170.110406 573.819735 227.029215 1.610000 1.690000 4.260000 -1.710000 1.530000 22.580000 -1.515586
Car 0.000000 2.000000 -1.550000 613.496647 168.968026 663.953481 215.561335 1.530000 1.630000 4.500000 1.600000 1.400000 26.000000 -1.488539
Car 0.590000 0.000000 -0.980000 1137.873806 132.835092 1336.012549 201.101160 1.480000 1.600000 3.840000 15.120000 0.610000 16.890000 -0.249841
Car 0.000000 0.000000 -0.870000 1042.264937 136.411407 1200.218742 195.398168 1.550000 1.610000 3.640000 14.740000 0.590000 20.170000 -0.238908
DontCare -1.000000 -1.000000 -10.000000 7.480000 179.190000 264.810000 219.860000 -1.000000 -1.000000 -1.000000 -1000.000000 -1000.000000 -1000.000000 -9.214602
DontCare -1.000000 -1.000000 -10.000000 262.690000 171.900000 350.230000 206.320000 -1.000000 -1.000000 -1.000000 -1000.000000 -1000.000000 -1000.000000 -9.214602
DontCare -1.000000 -1.000000 -10.000000 427.270000 166.690000 470.020000 194.860000 -1.000000 -1.000000 -1.000000 -1000.000000 -1000.000000 -1000.000000 -9.214602
DontCare -1.000000 -1.000000 -10.000000 703.310000 154.190000 768.980000 180.270000 -1.000000 -1.000000 -1.000000 -1000.000000 -1000.000000 -1000.000000 -9.214602
DontCare -1.000000 -1.000000 -10.000000 986.650000 139.600000 1078.360000 183.390000 -1.000000 -1.000000 -1.000000 -1000.000000 -1000.000000 -1000.000000 -9.214602
