Car 0.000000 0.000000 2.610000 767.638274 144.327732 1133.032815 271.649207 1.730000 1.740000 4.710000 5.410000 1.340000 10.830000 3.073278
Car 0.560000 0.000000 -0.750000 1155.157038 141.785008 1315.133732 186.998916 1.510000 1.640000 4.170000 22.040000 0.470000 24.970000 -0.026848
Car 0.220000 3.000000 -0.710000 1109.687609 146.448293 1258.657744 187.928725 1.520000 1.600000 4.420000 22.140000 0.550000 27.300000 -0.028594
Car 0.000000 0.000000 1.720000 354.015357 181.892154 445.068096 246.683704 1.580000 1.760000 4.180000 -5.320000 1.860000 20.370000 1.464538
Car 0.000000 0.000000 1.690000 451.676015 178.903508 535.354006 240.819771 1.650000 1.880000 4.450000 -2.920000 1.850000 21.900000 1.557448
Car 0.000000 1.000000 -0.310000 779.364575 147.984369 909.789216 196.319123 1.900000 1.780000 4.720000 9.930000 0.920000 29.290000 0.016863
Car 0.000000 2.000000 -2.100000 925.146297 149.646692 991.276754 184.820974 1.800000 1.650000 3.550000 19.120000 0.610000 38.750000 -1.641631
Van 0.000000 2.000000 -2.030000 1038.176749 138.419109 1113.836906 179.524231 2.110000 1.750000 4.310000 25.750000 0.340000 39.280000 -1.449733
Car 0.000000 2.000000 -2.090000 964.535925 153.537834 1035.573336 185.292398 1.640000 1.700000 3.910000 21.610000 0.640000 39.230000 -1.586501
Car 0.000000 2.000000 1.760000 405.275953 183.404131 477.940018 231.282375 1.550000 1.710000 4.500000 -5.610000 1.970000 26.620000 1.552296
Car 0.000000 1.000000 1.450000 638.276177 172.896389 679.361155 202.751167 1.500000 1.710000 4.440000 3.040000 1.500000 38.510000 1.528777
Car 0.000000 0.000000 -1.470000 586.312221 178.034828 616.887938 202.225880 1.580000 1.710000 3.750000 -0.040000 1.950000 49.910000 -1.470801
Car 0.000000 0.000000 -1.160000 539.255054 173.307539 568.843816 188.571569 1.660000 1.650000 4.450000 -5.720000 1.710000 80.980000 -1.230518
