Car 0.000000 0.000000 -1.590000 563.853208 181.235266 619.874599 227.662307 1.360000 1.690000 3.380000 -0.100000 1.650000 23.460000 -1.594263
Car 0.060000 3.000000 -1.910000 -66.397174 185.534821 238.537526 378.061841 1.500000 1.580000 3.570000 -5.090000 1.660000 7.540000 -2.503795
Car 0.000000 1.000000 -2.030000 147.407181 162.201773 380.944147 312.462375 1.800000 1.630000 3.790000 -4.640000 1.670000 10.480000 -2.446807
Car 0.000000 2.000000 -2.130000 318.473472 183.703009 471.354714 252.517796 1.410000 1.620000 4.190000 -4.800000 1.700000 17.430000 -2.398726
Car 0.000000 2.000000 -2.230000 350.492056 179.294204 483.490626 237.430255 1.490000 1.660000 3.970000 -5.130000 1.690000 20.790000 -2.471921
Car 0.000000 2.000000 -2.210000 419.506218 179.316818 509.455536 217.788339 1.390000 1.620000 3.720000 -5.310000 1.660000 28.550000 -2.393888
Car 0.000000 2.000000 -2.340000 456.757811 174.693870 533.930263 207.715621 1.490000 1.660000 3.550000 -5.010000 1.580000 34.490000 -2.484251
Van 0.000000 3.000000 -1.840000 692.244602 128.563113 881.049100 286.459332 2.380000 2.080000 5.750000 3.480000 1.710000 13.770000 -1.592460
Car 0.000000 2.000000 -1.750000 684.065104 181.316126 770.299806 241.716660 1.470000 1.730000 4.220000 3.650000 1.730000 20.260000 -1.571754
Car 0.000000 0.000000 -1.640000 650.135159 179.557822 686.204498 208.412873 1.400000 1.660000 4.080000 3.510000 1.770000 38.020000 -1.547941
Van 0.000000 3.000000 -1.640000 631.905002 163.724849 661.044511 194.946427 2.420000 2.030000 5.490000 3.420000 1.710000 58.680000 -1.581784
Car 0.000000 2.000000 -1.620000 577.049381 174.605949 613.004203 206.720410 1.520000 1.670000 3.610000 -0.300000 1.610000 36.200000 -1.628287
Car 0.630000 3.000000 2.280000 -170.541859 177.459755 81.575163 251.211893 1.460000 1.720000 4.600000 -14.420000 1.580000 16.870000 1.572742
Van 0.000000 3.000000 1.990000 140.201707 149.031831 300.282360 247.522840 2.140000 1.710000 4.520000 -8.970000 1.620000 17.970000 1.527020
Car 0.000000 2.000000 2.050000 75.489524 170.270937 199.182093 225.523597 1.660000 1.540000 4.340000 -14.980000 1.580000 23.900000 1.490123
DontCare -1.000000 -1.000000 -10.000000 543.940000 166.690000 579.400000 199.020000 -1.000000 -1.000000 -1.000000 -1000.000000 -1000.000000 -1000.000000 -9.214602
