Car 0.000000 0.000000 -1.580000 537.822844 181.797455 641.046559 282.595984 1.550000 1.630000 3.320000 0.160000 1.730000 13.050000 -1.567740
Car 0.000000 0.000000 1.960000 261.068804 198.856629 330.836393 230.609017 1.370000 1.820000 3.960000 -15.240000 2.750000 36.370000 1.563200
Car 0.000000 0.000000 2.250000 176.618610 202.919527 253.230662 235.724103 1.380000 1.790000 2.940000 -18.560000 2.900000 34.920000 1.761471
Car 0.000000 0.000000 1.830000 377.720426 192.599909 428.035018 219.060579 1.400000 1.750000 4.750000 -12.080000 2.670000 44.110000 1.562693
Car 0.000000 1.000000 2.640000 997.210080 184.732981 1165.728849 237.193738 1.590000 1.730000 4.260000 15.650000 1.990000 23.390000 3.229678
DontCare -1.000000 -1.000000 -10.000000 338.730000 186.480000 380.440000 217.770000 -1.000000 -1.000000 -1.000000 -1000.000000 -1000.000000 -1000.000000 -9.214602
DontCare -1.000000 -1.000000 -10.000000 438.730000 179.190000 488.770000 211.520000 -1.000000 -1.000000 -1.000000 -1000.000000 -1000.000000 -1000.000000 -9.214602
DontCare -1.000000 -1.000000 -10.000000 522.060000 169.810000 557.520000 187.560000 -1.000000 -1.000000 -1.000000 -1000.000000 -1000.000000 -1000.000000 -9.214602
DontCare -1.000000 -1.000000 -10.000000 568.940000 155.230000 616.900000 180.270000 -1.000000 -1.000000 -1.000000 -1000.000000 -1000.000000 -1000.000000 -9.214602
DontCare -1.000000 -1.000000 -10.000000 144.980000 197.940000 181.480000 217.770000 -1.000000 -1.000000 -1.000000 -1000.000000 -1000.000000 -1000.000000 -9.214602
DontCare -1.000000 -1.000000 -10.000000 1225.200000 185.440000 1240.010000 232.360000 -1.000000 -1.000000 -1.000000 -1000.000000 -1000.000000 -1000.000000 -9.214602
