Van 0.000000 0.000000 -1.180000 312.495185 133.093301 486.474819 252.724805 2.460000 2.030000 5.350000 -4.360000 1.640000 17.630000 -1.422441
Cyclist 0.000000 0.000000 -1.190000 649.108140 167.863109 690.758741 229.401810 1.820000 0.590000 1.890000 2.360000 1.670000 22.310000 -1.084610
Pedestrian 0.330000 0.000000 2.390000 1153.681986 155.250119 1226.658056 278.978484 1.670000 0.500000 0.610000 8.510000 1.430000 10.000000 3.095074
Pedestrian 0.000000 0.000000 -2.090000 982.627634 159.178257 1038.516204 252.520489 1.690000 0.590000 0.830000 7.950000 1.440000 13.480000 -1.557142
Person_sitting 0.000000 0.000000 2.720000 869.110472 180.369107 939.312565 249.149652 1.340000 0.510000 1.190000 6.330000 1.490000 14.370000 3.134927
Person_sitting 0.000000 0.000000 2.780000 848.226371 181.935941 917.538483 240.729644 1.260000 0.500000 1.330000 6.450000 1.460000 15.810000 3.167358
Pedestrian 0.000000 1.000000 0.550000 169.023979 156.823856 216.793020 228.587676 1.780000 0.840000 0.710000 -10.100000 1.380000 18.330000 0.046382
Pedestrian 0.000000 1.000000 0.560000 192.498309 167.977583 230.325797 227.592865 1.560000 0.490000 0.730000 -10.090000 1.430000 19.150000 0.075070
Car 0.000000 2.000000 -2.620000 260.508462 179.866782 369.251114 216.307198 1.440000 1.620000 3.910000 -11.750000 1.740000 30.020000 -2.993076
DontCare -1.000000 -1.000000 -10.000000 26.230000 162.520000 164.810000 217.770000 -1.000000 -1.000000 -1.000000 -1000.000000 -1000.000000 -1000.000000 -9.214602
