Car 0.000000 1.000000 -2.820000 270.635145 186.789289 397.684628 234.287423 1.440000 1.520000 3.500000 -8.290000 1.900000 23.140000 -3.164009
Car 0.000000 2.000000 -2.860000 336.344850 182.754541 435.872179 224.566784 1.590000 1.520000 3.470000 -8.320000 1.990000 28.560000 -3.143471
Car 0.000000 2.000000 -2.870000 361.200519 181.847845 453.594434 219.471708 1.580000 1.550000 3.590000 -8.300000 1.980000 31.480000 -3.127793
Car 0.000000 2.000000 -2.880000 394.702410 176.325287 482.251532 210.726917 1.710000 1.690000 4.060000 -8.250000 1.890000 36.980000 -3.099499
DontCare -1.000000 -1.000000 -10.000000 238.730000 179.190000 279.400000 218.810000 -1.000000 -1.000000 -1.000000 -1000.000000 -1000.000000 -1000.000000 -9.214602
DontCare -1.000000 -1.000000 -10.000000 465.810000 167.730000 577.310000 204.230000 -1.000000 -1.000000 -1.000000 -1000.000000 -1000.000000 -1000.000000 -9.214602
DontCare -1.000000 -1.000000 -10.000000 614.770000 166.690000 659.600000 193.810000 -1.000000 -1.000000 -1.000000 -1000.000000 -1000.000000 -1000.000000 -9.214602
DontCare -1.000000 -1.000000 -10.000000 721.020000 152.100000 872.100000 178.180000 -1.000000 -1.000000 -1.000000 -1000.000000 -1000.000000 -1000.000000 -9.214602
DontCare -1.000000 -1.000000 -10.000000 877.270000 150.020000 905.440000 203.190000 -1.000000 -1.000000 -1.000000 -1000.000000 -1000.000000 -1000.000000 -9.214602
DontCare -1.000000 -1.000000 -10.000000 894.980000 141.690000 1240.000000 164.650000 -1.000000 -1.000000 -1.000000 -1000.000000 -1000.000000 -1000.000000 -9.214602
