Car 0.620000 0.000000 2.240000 -341.884960 171.416832 264.827897 481.337362 1.640000 1.450000 3.480000 -3.850000 1.630000 5.600000 1.637713
Car 0.550000 0.000000 -1.960000 787.679368 184.048366 1254.373316 513.734349 1.520000 1.580000 4.280000 3.000000 1.640000 5.680000 -1.474072
Car 0.000000 0.000000 1.910000 505.728871 176.782283 637.346441 255.047551 1.540000 1.640000 4.080000 -0.250000 1.640000 16.610000 1.894950
Car 0.000000 2.000000 -1.680000 778.419853 182.621964 909.344382 305.328498 1.460000 1.570000 3.580000 3.810000 1.630000 10.810000 -1.341143
Car 0.000000 2.000000 -1.680000 789.310556 173.789795 885.900219 258.131250 1.580000 1.670000 3.430000 5.220000 1.600000 15.410000 -1.353390
Car 0.360000 1.000000 -2.370000 1111.729941 138.795200 1285.240558 207.090588 1.840000 1.940000 3.680000 17.710000 0.920000 21.370000 -1.677983
Van 0.000000 1.000000 -2.220000 1020.090958 135.320600 1164.630641 209.113742 2.040000 1.720000 3.790000 14.930000 1.000000 21.880000 -1.621212
Van 0.000000 1.000000 -2.050000 926.244191 147.200729 1048.288875 211.889936 1.860000 1.750000 4.110000 12.240000 1.120000 22.810000 -1.557498
Car 0.000000 2.000000 1.780000 613.420789 170.885759 672.228090 208.929181 1.500000 1.600000 4.170000 1.960000 1.420000 30.670000 1.843819
Car 0.000000 1.000000 -1.640000 782.069766 173.472260 821.932706 207.459506 1.580000 1.680000 3.930000 9.940000 1.610000 35.710000 -1.368519
Car 0.000000 1.000000 1.780000 661.079768 167.423407 702.440413 196.254696 1.580000 1.540000 3.980000 4.690000 1.280000 41.670000 1.892079
Truck 0.000000 3.000000 -1.470000 753.893125 140.919204 800.005931 183.537595 3.520000 2.890000 10.810000 15.740000 0.880000 65.170000 -1.233016
DontCare -1.000000 -1.000000 -10.000000 375.190000 171.900000 533.570000 202.150000 -1.000000 -1.000000 -1.000000 -1000.000000 -1000.000000 -1000.000000 -9.214602
DontCare -1.000000 -1.000000 -10.000000 699.150000 155.230000 741.900000 194.850000 -1.000000 -1.000000 -1.000000 -1000.000000 -1000.000000 -1000.000000 -9.214602
DontCare -1.000000 -1.000000 -10.000000 817.900000 143.770000 917.940000 190.690000 -1.000000 -1.000000 -1.000000 -1000.000000 -1000.000000 -1000.000000 -9.214602
