Car 0.000000 0.000000 -1.600000 570.874050 181.999051 662.051773 270.867761 1.560000 1.650000 3.690000 0.620000 1.770000 14.900000 -1.558413
Car 0.000000 0.000000 -1.010000 706.550560 175.935745 841.235126 239.350373 1.540000 1.720000 3.880000 5.020000 1.630000 19.670000 -0.760123
Car 0.000000 1.000000 -0.940000 677.969172 180.284764 756.210863 219.279803 1.520000 1.490000 3.460000 5.060000 1.850000 30.530000 -0.775754
Car 0.000000 2.000000 -0.890000 659.766922 181.593123 729.611296 210.897295 1.390000 1.610000 3.650000 4.890000 1.860000 37.160000 -0.759159
Car 0.530000 0.000000 2.240000 -234.355330 204.212443 143.145478 364.341092 1.450000 1.580000 3.420000 -7.180000 1.910000 8.920000 1.562259
Car 0.220000 3.000000 2.210000 -81.202987 202.243442 159.586718 290.864024 1.340000 1.570000 4.010000 -10.460000 2.000000 14.250000 1.576795
Car 0.000000 0.000000 1.760000 469.154969 183.779246 514.890338 214.700141 1.520000 1.650000 4.100000 -5.820000 2.140000 39.020000 1.611937
Car 0.000000 1.000000 1.780000 543.595233 180.639023 574.481133 202.703909 1.600000 1.600000 3.770000 -3.390000 2.220000 55.700000 1.719213
Car 0.000000 1.000000 1.680000 584.027304 179.312699 605.581737 196.315474 1.610000 1.700000 3.970000 -0.970000 2.270000 71.940000 1.666517
Car 0.000000 0.000000 1.930000 319.511437 188.486412 400.479202 228.213823 1.450000 1.650000 4.630000 -9.960000 2.160000 30.530000 1.614650
Car 0.000000 1.000000 1.860000 377.805359 181.466494 432.697552 220.014299 1.810000 1.590000 3.930000 -9.860000 2.270000 36.750000 1.597874
Car 0.000000 1.000000 1.900000 440.268252 183.002012 486.046736 209.085857 1.560000 1.620000 4.190000 -9.010000 2.250000 47.040000 1.710753
Car 0.000000 1.000000 2.000000 500.891741 183.341403 542.712843 202.118521 1.420000 1.670000 4.530000 -6.730000 2.320000 59.670000 1.887688
Car 0.000000 1.000000 2.160000 192.847631 186.989875 277.925972 227.472442 1.470000 1.480000 3.210000 -14.510000 2.070000 29.060000 1.696903
Car 0.000000 2.000000 2.370000 179.959697 185.775838 270.060542 215.806674 1.470000 1.780000 4.340000 -20.560000 2.220000 39.670000 1.891839
