Car 0.000000 0.000000 1.740000 446.713364 181.462613 504.081128 226.957845 1.470000 1.430000 3.110000 -4.200000 1.790000 25.460000 1.576508
Car 0.000000 1.000000 2.180000 76.988863 176.932860 173.099698 218.713879 1.710000 1.440000 4.060000 -20.870000 1.900000 31.980000 1.601802
Car 0.000000 1.000000 2.070000 169.963082 180.520925 241.498931 211.317537 1.530000 1.670000 3.880000 -21.120000 1.960000 38.750000 1.570979
Car 0.000000 0.000000 2.020000 237.314209 181.039496 293.860375 208.132190 1.530000 1.470000 4.050000 -20.430000 2.050000 44.010000 1.585390
Car 0.000000 0.000000 1.670000 523.532582 178.603762 553.914071 201.564047 1.410000 1.480000 4.930000 -4.190000 1.810000 48.020000 1.582965
Car 0.000000 0.000000 -1.550000 559.986240 176.465488 610.059064 225.979485 1.620000 1.630000 4.500000 -0.340000 1.760000 26.190000 -1.562981
Car 0.370000 1.000000 2.290000 -64.161963 182.249535 73.202476 228.488617 1.460000 1.310000 4.150000 -20.910000 1.820000 25.730000 1.607581
Cyclist 0.000000 0.000000 -2.070000 926.014967 187.601980 961.354072 241.250727 1.640000 0.340000 1.580000 11.240000 2.130000 23.290000 -1.620360
DontCare -1.000000 -1.000000 -10.000000 449.150000 170.850000 468.980000 188.600000 -1.000000 -1.000000 -1.000000 -1000.000000 -1000.000000 -1000.000000 -9.214602
DontCare -1.000000 -1.000000 -10.000000 632.480000 170.850000 716.900000 187.560000 -1.000000 -1.000000 -1.000000 -1000.000000 -1000.000000 -1000.000000 -9.214602
DontCare -1.000000 -1.000000 -10.000000 1162.700000 192.730000 1240.010000 247.980000 -1.000000 -1.000000 -1.000000 -1000.000000 -1000.000000 -1000.000000 -9.214602
