Car 0.090000 0.000000 -2.550000 -56.155168 188.785542 210.355432 289.110750 1.590000 1.520000 3.470000 -8.580000 1.880000 12.460000 -3.153036
Car 0.000000 2.000000 -2.630000 76.018089 182.276187 286.109121 260.828947 1.580000 1.550000 3.590000 -8.610000 1.790000 15.480000 -3.137592
Car 0.000000 2.000000 0.440000 145.616483 185.664661 334.620209 248.644421 1.460000 1.630000 3.850000 -8.580000 1.790000 17.890000 -0.007193
Car 0.000000 2.000000 -2.720000 213.818642 175.906783 378.940636 237.854307 1.710000 1.690000 4.060000 -8.520000 1.800000 20.920000 -3.106754
Car 0.000000 2.000000 -2.820000 276.807190 182.854367 405.116531 230.861753 1.510000 1.610000 3.650000 -8.340000 1.850000 23.870000 -3.156134
Car 0.000000 2.000000 -2.830000 310.536031 181.855924 420.565802 220.410331 1.450000 1.540000 3.790000 -9.030000 1.810000 28.270000 -3.139177
Car 0.000000 2.000000 -2.930000 344.231309 180.557827 431.941072 220.668468 1.660000 1.620000 3.340000 -9.030000 2.000000 31.140000 -3.212240
Car 0.000000 2.000000 -2.960000 372.829302 184.087303 462.991683 214.939994 1.410000 1.590000 3.940000 -8.650000 1.960000 34.560000 -3.205251
Car 0.000000 2.000000 -2.900000 394.347978 174.621678 471.910017 208.686214 1.690000 1.770000 3.510000 -8.480000 1.780000 36.800000 -3.126481
Car 0.000000 2.000000 -2.960000 413.055597 178.770807 489.558434 208.983952 1.610000 1.660000 3.860000 -8.180000 1.940000 39.660000 -3.163401
Car 0.000000 2.000000 2.770000 430.390088 178.371892 500.981936 205.780269 1.590000 1.710000 3.900000 -8.350000 1.940000 44.320000 2.583780
DontCare -1.000000 -1.000000 -10.000000 512.690000 169.810000 562.730000 200.060000 -1.000000 -1.000000 -1.000000 -1000.000000 -1000.000000 -1000.000000 -9.214602
DontCare -1.000000 -1.000000 -10.000000 592.900000 173.980000 675.230000 195.900000 -1.000000 -1.000000 -1.000000 -1000.000000 -1000.000000 -1000.000000 -9.214602
DontCare -1.000000 -1.000000 -10.000000 756.440000 156.270000 1240.000000 190.690000 -1.000000 -1.000000 -1.000000 -1000.000000 -1000.000000 -1000.000000 -9.214602
DontCare -1.000000 -1.000000 -10.000000 1185.600000 178.150000 1240.000000 245.900000 -1.000000 -1.000000 -1.000000 -1000.000000 -1000.000000 -1000.000000 -9.214602
