Car 0.000000 0.000000 -1.600000 572.457638 178.863988 637.879406 241.977570 1.560000 1.650000 3.690000 0.340000 1.740000 20.040000 -1.583036
Car 0.000000 0.000000 -1.110000 739.545831 176.661027 899.997758 268.333238 1.520000 1.490000 3.460000 4.590000 1.600000 13.860000 -0.790199
Car 0.000000 1.000000 -0.970000 680.169635 177.468339 803.843474 232.365241 1.390000 1.610000 3.650000 4.280000 1.530000 20.420000 -0.763392
Car 0.000000 0.000000 1.940000 310.629582 182.041302 423.422313 245.550935 1.610000 1.700000 3.970000 -6.410000 1.900000 20.920000 1.642677
Car 0.420000 0.000000 2.250000 -150.182196 194.713268 148.535924 296.654811 1.450000 1.650000 4.630000 -10.550000 1.930000 13.590000 1.589874
Car 0.000000 1.000000 2.050000 133.532198 179.226349 271.209182 253.837665 1.810000 1.590000 3.930000 -10.520000 2.000000 19.810000 1.561826
Car 0.000000 0.000000 1.800000 480.224729 179.554177 534.526262 209.151060 1.450000 1.840000 4.590000 -4.940000 1.830000 38.800000 1.673362
Car 0.000000 1.000000 1.800000 580.951013 172.053625 608.488161 192.890233 1.760000 1.580000 3.680000 -0.790000 1.690000 62.910000 1.787443
Car 0.000000 2.000000 2.020000 318.221349 180.508002 402.742965 222.038611 1.560000 1.620000 4.190000 -9.800000 1.900000 30.090000 1.705145
Car 0.000000 1.000000 1.990000 439.523589 181.960849 497.921766 208.302322 1.420000 1.670000 4.530000 -7.830000 1.990000 42.950000 1.809675
Car 0.000000 0.000000 -1.340000 645.850912 174.248276 671.275375 192.039977 1.470000 1.460000 3.160000 4.680000 1.590000 61.610000 -1.264184
Car 0.000000 2.000000 2.120000 197.041075 182.754525 299.269088 223.433666 1.450000 1.500000 4.530000 -13.990000 1.880000 29.180000 1.672937
